1681072405.2877414 8.400498390197754 -0.008813898079097271 -0.007790100295096636 -1.0115222930908203
1681072405.3035128 8.416428565979004 -0.008584114722907543 -0.007840233854949474 -1.0115731954574585
1681072405.3165994 8.433268547058105 -0.008312770165503025 -0.007628872990608215 -1.0123076438903809
1681072405.3305814 8.477871894836426 -0.008441206999123096 -0.00813799537718296 -1.0125144720077515
1681072405.3435152 8.485791206359863 -0.008350144140422344 -0.00811826903373003 -1.0128111839294434
1681072405.3564892 8.497625350952148 -0.008323951624333858 -0.008162197656929493 -1.012844443321228
1681072405.3565311 8.501630783081055 -0.00828645471483469 -0.008006803691387177 -1.0125199556350708
1681072405.3696172 8.512554168701172 -0.008848563767969608 -0.00795008521527052 -1.0123037099838257
1681072405.3956342 8.526480674743652 -0.008961460553109646 -0.0076661682687699795 -1.0124852657318115
1681072405.4076054 8.536312103271484 -0.009015411138534546 -0.007572473492473364 -1.012660264968872
1681072405.4224741 8.545232772827148 -0.008928275667130947 -0.007507330272346735 -1.0128517150878906
1681072405.4364371 8.581734657287598 -0.008749664761126041 -0.007736089173704386 -1.0115314722061157
1681072405.4364944 8.58674144744873 -0.008977998048067093 -0.007674992084503174 -1.0119409561157227
1681072405.449578 8.5985746383667 -0.008701849728822708 -0.007777140475809574 -1.0117371082305908
1681072405.4625778 8.606493949890137 -0.008592139929533005 -0.007928777486085892 -1.0115371942520142
1681072405.4758186 8.61841869354248 -0.008665172383189201 -0.00783640705049038 -1.0115612745285034
1681072405.5035565 8.631254196166992 -0.008350781165063381 -0.008180392906069756 -1.012248158454895
1681072405.515563 8.643178939819336 -0.007974383421242237 -0.008327272720634937 -1.0124143362045288
1681072405.5305145 8.653100967407227 -0.007656904868781567 -0.00823129341006279 -1.0122684240341187
1681072405.5305753 8.659017562866211 -0.007771445903927088 -0.008427761495113373 -1.0121418237686157
1681072405.5435567 8.669849395751953 -0.007992853410542011 -0.008623507805168629 -1.011963129043579
1681072405.5575805 8.675857543945312 -0.008184393867850304 -0.008779183961451054 -1.0114424228668213
1681072405.5706332 8.68377685546875 -0.008508892729878426 -0.008939518593251705 -1.0112993717193604
1681072405.5845153 8.728471755981445 -0.009256945922970772 -0.00930153951048851 -1.0104156732559204
1681072405.5845654 8.73438835144043 -0.009410434402525425 -0.009108707308769226 -1.0100401639938354
1681072405.5965285 8.744218826293945 -0.009414805099368095 -0.009020108729600906 -1.0103485584259033
1681072405.6095648 8.755142211914062 -0.00945146381855011 -0.008629749529063702 -1.0107250213623047
1681072405.6245015 8.764973640441895 -0.009262402541935444 -0.008131297305226326 -1.0108476877212524
1681072405.6245608 8.76906967163086 -0.009071163833141327 -0.008174344897270203 -1.0108617544174194
1681072405.6365874 8.774986267089844 -0.009431339800357819 -0.007901682518422604 -1.0110275745391846
1681072405.6506526 8.778901100158691 -0.00938171986490488 -0.007456495426595211 -1.0110411643981934
1681072405.6656911 8.787821769714355 -0.008844709023833275 -0.007408240344375372 -1.0117990970611572
1681072405.665772 8.79373836517334 -0.008739350363612175 -0.007148523349314928 -1.0122705698013306
1681072405.6774948 8.805663108825684 -0.008867454715073109 -0.006510224658995867 -1.0110177993774414
1681072405.6905432 8.817587852478027 -0.008558593690395355 -0.00646089157089591 -1.0104507207870483
1681072405.718429 8.830422401428223 -0.008563634008169174 -0.00684549193829298 -1.0104162693023682
1681072405.73154 8.881033897399902 -0.007527463603764772 -0.009829986840486526 -1.011574625968933
1681072405.7445943 8.892958641052246 -0.0072891139425337315 -0.01017284020781517 -1.01210355758667
1681072405.7595847 8.902790069580078 -0.0071786027401685715 -0.010142133571207523 -1.0121508836746216
1681072405.7736127 8.913713455200195 -0.0076775383204221725 -0.009977800771594048 -1.0118943452835083
1681072405.7736964 8.91963005065918 -0.007932905107736588 -0.009916594251990318 -1.0118694305419922
1681072405.788547 8.923543930053711 -0.007874004542827606 -0.010113055817782879 -1.0119563341140747
1681072405.8155804 8.937561988830566 -0.008183239959180355 -0.009577333927154541 -1.011429786682129
1681072405.8156557 8.943479537963867 -0.008342086337506771 -0.009441995061933994 -1.0111840963363647
1681072405.8285186 8.952308654785156 -0.00850121770054102 -0.009123291820287704 -1.0110036134719849
1681072405.8405366 8.962230682373047 -0.008523506112396717 -0.008614043705165386 -1.0110981464385986
1681072405.8545141 8.972244262695312 -0.0084388367831707 -0.008056514896452427 -1.0111159086227417
1681072405.869625 8.978160858154297 -0.008566699922084808 -0.007677916903048754 -1.011149287223816
1681072405.8968518 9.037601470947266 -0.00881093367934227 -0.006929166615009308 -1.0124825239181519
1681072405.8970485 9.04351806640625 -0.008775478228926659 -0.007224089931696653 -1.0120747089385986
1681072405.910674 9.055442810058594 -0.009036724455654621 -0.00770895229652524 -1.0117114782333374
1681072405.9226556 9.067367553710938 -0.008745436556637287 -0.008345934562385082 -1.012192726135254
1681072405.9356008 9.076288223266602 -0.008505497127771378 -0.008547838777303696 -1.0125614404678345
1681072405.9514873 9.082204818725586 -0.008305425755679607 -0.008848123252391815 -1.0121716260910034
1681072405.9634936 9.09012508392334 -0.008381537161767483 -0.008821417577564716 -1.0120038986206055
1681072405.9765584 9.102048873901367 -0.00837855413556099 -0.00915144756436348 -1.012368083000183
1681072405.9914901 9.109969139099121 -0.00819716602563858 -0.009284652769565582 -1.0126699209213257
1681072405.9915428 9.114884376525879 -0.008099106140434742 -0.009173717349767685 -1.0130095481872559
1681072406.003431 9.126718521118164 -0.007990320213139057 -0.00889386236667633 -1.0122264623641968
1681072406.0184586 9.130722999572754 -0.008058452978730202 -0.008941243402659893 -1.0120235681533813
1681072406.0445404 9.189253807067871 -0.008547323755919933 -0.008168414235115051 -1.011324405670166
1681072406.0585945 9.200177192687988 -0.008948460221290588 -0.00793224573135376 -1.0116883516311646
1681072406.072661 9.212011337280273 -0.009091039188206196 -0.0081790154799819 -1.0117017030715942
1681072406.072765 9.218018531799316 -0.00897275097668171 -0.008161504752933979 -1.011427402496338
1681072406.0846171 9.227849960327148 -0.009158569388091564 -0.008225567638874054 -1.011635184288025
1681072406.1006777 9.231855392456055 -0.008945542387664318 -0.008150614798069 -1.0116746425628662
1681072406.113662 9.240776062011719 -0.008831670507788658 -0.008334503509104252 -1.0116201639175415
1681072406.1257288 9.252609252929688 -0.008594353683292866 -0.008599267341196537 -1.011619210243225
1681072406.1385474 9.262622833251953 -0.008153262548148632 -0.008692504838109016 -1.0112329721450806
1681072406.1536586 9.272453308105469 -0.008280889131128788 -0.008769718930125237 -1.0113781690597534
1681072406.1537287 9.277368545532227 -0.008321162313222885 -0.008796313777565956 -1.0112658739089966
1681072406.1655526 9.283285140991211 -0.008208751678466797 -0.00870037917047739 -1.0116649866104126
1681072406.1795554 9.287290573120117 -0.008188842795789242 -0.008646486327052116 -1.011179804801941
1681072406.1946502 9.335808753967285 -0.00843291450291872 -0.007829259149730206 -1.0119034051895142
1681072406.1947484 9.341816902160645 -0.008311707526445389 -0.007849150337278843 -1.0119316577911377
1681072406.206675 9.351737976074219 -0.00828139204531908 -0.00794601533561945 -1.0124561786651611
1681072406.2196624 9.362661361694336 -0.008422993123531342 -0.008111589588224888 -1.0122475624084473
1681072406.2335844 9.374495506286621 -0.008521586656570435 -0.008419684134423733 -1.0117006301879883
1681072406.2586641 9.39233684539795 -0.008561212569475174 -0.008421420119702816 -1.0119168758392334
1681072406.2706027 9.401439666748047 -0.008658277802169323 -0.008672009222209454 -1.01167893409729
1681072406.2706764 9.405445098876953 -0.008652320131659508 -0.008637390099465847 -1.0119051933288574
1681072406.2876186 9.413546562194824 -0.008625059388577938 -0.00879270676523447 -1.011682152748108
1681072406.3006651 9.450685501098633 -0.008260508999228477 -0.008706112392246723 -1.0118587017059326
1681072406.3146486 9.458696365356445 -0.008410792797803879 -0.008484321646392345 -1.0119816064834595
1681072406.3297544 9.468526840209961 -0.008016148582100868 -0.00833897665143013 -1.0124199390411377
1681072406.3298266 9.472532272338867 -0.007991516031324863 -0.00828587543219328 -1.0123300552368164
1681072406.342659 9.481362342834473 -0.008214003406465054 -0.008364534005522728 -1.012355923652649
1681072406.3705904 9.491374969482422 -0.007934440858662128 -0.008422008715569973 -1.012616515159607
1681072406.370661 9.495288848876953 -0.007862359285354614 -0.00830393098294735 -1.0124236345291138
1681072406.3834436 9.505210876464844 -0.007710020989179611 -0.00827736034989357 -1.0118159055709839
1681072406.4015114 9.54981517791748 -0.00780915142968297 -0.008547719568014145 -1.012024164199829
1681072406.415573 9.558735847473145 -0.007954223081469536 -0.008823581039905548 -1.0121726989746094
1681072406.4295967 9.574483871459961 -0.008857829496264458 -0.008764290250837803 -1.0118855237960815
1681072406.441579 9.58449649810791 -0.00908148568123579 -0.008817147463560104 -1.0115786790847778
1681072406.4565456 9.588411331176758 -0.009118632413446903 -0.008806620724499226 -1.0113210678100586
1681072406.4705658 9.596421241760254 -0.009190555661916733 -0.008702270686626434 -1.0112855434417725
1681072406.4824617 9.60925579071045 -0.009332597255706787 -0.008772734552621841 -1.0108308792114258
1681072406.4954636 9.619087219238281 -0.009404711425304413 -0.008646205998957157 -1.0107029676437378
1681072406.509516 9.627098083496094 -0.009247847832739353 -0.008255796507000923 -1.0106858015060425
1681072406.5095668 9.633014678955078 -0.008971687406301498 -0.008050898090004921 -1.0109719038009644
1681072406.524539 9.637020111083984 -0.008772398345172405 -0.008202596567571163 -1.011005163192749
1681072406.5386968 9.6420259475708 -0.008676301687955856 -0.008123022504150867 -1.0111836194992065
1681072406.5516388 9.696460723876953 -0.00885384064167738 -0.007736010476946831 -1.0120911598205566
1681072406.5635972 9.706474304199219 -0.008594523184001446 -0.007769735064357519 -1.011976957321167
1681072406.5776453 9.716304779052734 -0.008084704168140888 -0.008038777858018875 -1.012166142463684
1681072406.59165 9.727228164672852 -0.008155988529324532 -0.008267424069344997 -1.0126758813858032
1681072406.5917478 9.731142044067383 -0.007914305664598942 -0.008329879492521286 -1.0125393867492676
1681072406.6175563 9.741064071655273 -0.007862936705350876 -0.008348957635462284 -1.0124505758285522
1681072406.6324844 9.750986099243164 -0.007799107581377029 -0.008381808176636696 -1.0125582218170166
1681072406.6325524 9.756902694702148 -0.007902279496192932 -0.008317282423377037 -1.012457251548767
1681072406.6445835 9.765823364257812 -0.00823192484676838 -0.008692958392202854 -1.0124812126159668
1681072406.6615117 9.81042766571045 -0.009062478318810463 -0.008390535600483418 -1.0115214586257935
1681072406.6765604 9.82034969329834 -0.009066632948815823 -0.00833113957196474 -1.0112507343292236
1681072406.6766455 9.826356887817383 -0.008927417919039726 -0.008359797298908234 -1.0115224123001099
1681072406.6906636 9.836188316345215 -0.008746261708438396 -0.008372733369469643 -1.0116621255874634
1681072406.7055557 9.840193748474121 -0.008947133086621761 -0.008116981945931911 -1.0118132829666138
1681072406.7185776 9.845108985900879 -0.008837541565299034 -0.008111332543194294 -1.0118420124053955
1681072406.7186322 9.851117134094238 -0.008646265603601933 -0.008138788864016533 -1.0120718479156494
1681072406.7316697 9.860947608947754 -0.008613845333456993 -0.008169529028236866 -1.0118454694747925
1681072406.7445984 9.87096118927002 -0.008474167436361313 -0.008158203214406967 -1.0117441415786743
1681072406.7577665 9.880791664123535 -0.008706596679985523 -0.008248455822467804 -1.0118098258972168
1681072406.7856832 9.89963436126709 -0.008665022440254688 -0.008424511179327965 -1.0118868350982666
1681072406.8005066 9.94624137878418 -0.008696606382727623 -0.00787132978439331 -1.0116260051727295
1681072406.8126094 9.958166122436523 -0.008505327627062798 -0.008298701606690884 -1.0116814374923706
1681072406.8254714 9.967086791992188 -0.008353029377758503 -0.008317108266055584 -1.0124022960662842
1681072406.8396485 9.978919982910156 -0.008357668295502663 -0.008166326209902763 -1.0122296810150146
1681072406.8525708 9.986839294433594 -0.00833411980420351 -0.008079935796558857 -1.0117075443267822
1681072406.8815143 10.00076675415039 -0.008542940951883793 -0.008288351818919182 -1.0115463733673096
1681072406.881544 10.005681991577148 -0.008549904450774193 -0.008254642598330975 -1.011533260345459
1681072406.893479 10.017515182495117 -0.008466838859021664 -0.008039476349949837 -1.0115289688110352
1681072406.9064384 10.029439926147461 -0.008808760903775692 -0.008004600182175636 -1.0110329389572144
1681072406.919619 10.041364669799805 -0.00901772826910019 -0.008028087206184864 -1.0105592012405396
1681072406.93463 10.046279907226562 -0.008970053866505623 -0.007923567667603493 -1.0106087923049927
1681072406.9476132 10.096800804138184 -0.008735268376767635 -0.008257200010120869 -1.0116326808929443
1681072406.9616983 10.10481071472168 -0.008607431314885616 -0.007964184507727623 -1.0116347074508667
1681072406.9735892 10.116735458374023 -0.008548644371330738 -0.008044375106692314 -1.0121848583221436
1681072406.9875865 10.127568244934082 -0.008505799807608128 -0.008141799829900265 -1.0124191045761108
1681072406.9876404 10.133484840393066 -0.008324997499585152 -0.008251099847257137 -1.012495756149292
1681072407.0285854 10.1553316116333 -0.008505115285515785 -0.00864214077591896 -1.0117740631103516
1681072407.0286484 10.16133975982666 -0.008627977222204208 -0.00876705627888441 -1.0117323398590088
1681072407.0417304 10.170169830322266 -0.008732372894883156 -0.008979355916380882 -1.0118730068206787
1681072407.0545952 10.182003021240234 -0.008602477610111237 -0.008756677620112896 -1.0116926431655884
1681072407.0665014 10.1920166015625 -0.008577301166951656 -0.008854662999510765 -1.0114411115646362
1681072407.0824609 10.233251571655273 -0.007882297039031982 -0.007976486347615719 -1.012062430381775
1681072407.0925164 10.241353034973145 -0.00774484733119607 -0.0075921970419585705 -1.0118234157562256
1681072407.108469 10.245357513427734 -0.007887840270996094 -0.0076445178128778934 -1.0119878053665161
1681072407.1215656 10.254278182983398 -0.008135334588587284 -0.007615204900503159 -1.012006163597107
1681072407.1336193 10.266202926635742 -0.007884455844759941 -0.007638848386704922 -1.0119342803955078
1681072407.1474502 10.278127670288086 -0.00800582580268383 -0.007452275604009628 -1.0118144750595093
1681072407.1614451 10.288960456848145 -0.008030248805880547 -0.0073857298120856285 -1.0117337703704834
1681072407.161472 10.294877052307129 -0.008127783425152302 -0.0074518644250929356 -1.0114071369171143
1681072407.1876183 10.30479907989502 -0.008108004927635193 -0.007697155699133873 -1.0112637281417847
1681072407.2025964 10.312809944152832 -0.007804107386618853 -0.008005981333553791 -1.0117682218551636
1681072407.202656 10.353498458862305 -0.009033190086483955 -0.009182012639939785 -1.011225700378418
1681072407.214602 10.36533260345459 -0.009263776242733002 -0.008856584317982197 -1.0123817920684814
1681072407.2276273 10.374253273010254 -0.009327957406640053 -0.008640519343316555 -1.01295804977417
1681072407.2426486 10.384084701538086 -0.009444558061659336 -0.008401875384151936 -1.013302206993103
1681072407.2427106 10.388090133666992 -0.009289436042308807 -0.008187597617506981 -1.0132431983947754
1681072407.268478 10.400014877319336 -0.008942972868680954 -0.008071091026067734 -1.012399435043335
1681072407.2835038 10.407934188842773 -0.00878924410790205 -0.007834790274500847 -1.012628436088562
1681072407.283548 10.412849426269531 -0.00862136296927929 -0.007642387878149748 -1.0122472047805786
1681072407.2985406 10.4246826171875 -0.008216059766709805 -0.007437523454427719 -1.0121179819107056
1681072407.311584 10.432693481445312 -0.008250239305198193 -0.007352638058364391 -1.0121456384658813
1681072407.3245904 10.444618225097656 -0.00807974860072136 -0.007436344865709543 -1.0119953155517578
1681072407.3396356 10.448532104492188 -0.00800178200006485 -0.007384774275124073 -1.0122894048690796
1681072407.3526204 10.502056121826172 -0.008592857047915459 -0.008968440815806389 -1.011934757232666
1681072407.3656955 10.50997543334961 -0.008668184280395508 -0.009078177623450756 -1.0123896598815918
1681072407.3786983 10.5198974609375 -0.008524437434971333 -0.009214319288730621 -1.0119868516921997
1681072407.3926022 10.52981948852539 -0.008431386202573776 -0.009446527808904648 -1.0126622915267944
1681072407.4056633 10.546568870544434 -0.00803371425718069 -0.008954335004091263 -1.0120372772216797
1681072407.4196916 10.55057430267334 -0.007967988029122353 -0.008669113740324974 -1.0119751691818237
1681072407.4337115 10.554670333862305 -0.00775900250300765 -0.00863056629896164 -1.0118496417999268
1681072407.433777 10.558584213256836 -0.0077441479079425335 -0.008387180976569653 -1.0115385055541992
1681072407.446725 10.568506240844727 -0.007968447171151638 -0.007777146063745022 -1.0118353366851807
1681072407.4587424 10.579339027404785 -0.007864627987146378 -0.007342340424656868 -1.0124191045761108
1681072407.4717288 10.591263771057129 -0.007413166109472513 -0.007344053126871586 -1.0129387378692627
1681072407.5006497 10.607192993164062 -0.0074859424494206905 -0.008067398332059383 -1.0123875141143799
1681072407.5137184 10.660627365112305 -0.008011193946003914 -0.011112699285149574 -1.0124367475509644
1681072407.5267148 10.67045783996582 -0.008502347394824028 -0.010955474339425564 -1.011824369430542
1681072407.5416656 10.680379867553711 -0.00904899276793003 -0.010824515484273434 -1.0117509365081787
1681072407.5417292 10.686296463012695 -0.008868584409356117 -0.01087421365082264 -1.0117114782333374
1681072407.5547464 10.69521713256836 -0.008626929484307766 -0.01022139098495245 -1.0117381811141968
1681072407.582666 10.70513916015625 -0.008697767741978168 -0.009647258557379246 -1.0126110315322876
1681072407.582731 10.711055755615234 -0.00871166493743658 -0.009504484012722969 -1.0127410888671875
1681072407.5956907 10.7210693359375 -0.008822656236588955 -0.008561098016798496 -1.0121790170669556
1681072407.6097686 10.730899810791016 -0.00873634684830904 -0.007937300950288773 -1.0122711658477783
1681072407.6227002 10.73982048034668 -0.00863237027078867 -0.007299876771867275 -1.0116651058197021
1681072407.6497452 10.755659103393555 -0.008581413887441158 -0.0062118107452988625 -1.0112152099609375
1681072407.664672 10.81027603149414 -0.008192046545445919 -0.006850131321698427 -1.0115151405334473
1681072407.677754 10.819196701049805 -0.007841940969228745 -0.007433735765516758 -1.0117876529693604
1681072407.6905243 10.83103084564209 -0.007789629977196455 -0.008204678073525429 -1.0122294425964355
1681072407.7036114 10.838950157165527 -0.008150429464876652 -0.008907276205718517 -1.011582374572754
1681072407.703669 10.84495735168457 -0.00853127334266901 -0.009483449161052704 -1.0113142728805542
1681072407.7446148 10.867714881896973 -0.007733387406915426 -0.009577754884958267 -1.0128800868988037
1681072407.7446785 10.873632431030273 -0.007852016016840935 -0.00980033166706562 -1.0131217241287231
1681072407.7576573 10.881551742553711 -0.008185689337551594 -0.01016603410243988 -1.0131412744522095
1681072407.7755914 10.893476486206055 -0.008359264582395554 -0.01060403697192669 -1.0125294923782349
1681072407.7896228 10.934074401855469 -0.00857609510421753 -0.01066429354250431 -1.0117771625518799
1681072407.8035793 10.944906234741211 -0.007917414419353008 -0.009990176185965538 -1.012259602546692
1681072407.8036354 10.950822830200195 -0.007871565409004688 -0.009664454497396946 -1.012399673461914
1681072407.8176222 10.956830978393555 -0.0078004044480621815 -0.009169235825538635 -1.01261568069458
1681072407.8306599 10.960836410522461 -0.007946918718516827 -0.00897595752030611 -1.0129998922348022
1681072407.8445666 10.972761154174805 -0.008068102411925793 -0.008158237673342228 -1.0124852657318115
1681072407.844629 10.976675033569336 -0.008272570557892323 -0.007699564564973116 -1.012955904006958
1681072407.8576634 10.987598419189453 -0.00824668351560831 -0.006987705361098051 -1.0121978521347046
1681072407.8697093 10.997428894042969 -0.008029316551983356 -0.0063269296661019325 -1.012756586074829
1681072407.8846297 11.007442474365234 -0.008320674300193787 -0.00599534809589386 -1.0119963884353638
1681072407.8986592 11.011356353759766 -0.008506112731993198 -0.005889717023819685 -1.0123871564865112
1681072407.9106922 11.02027702331543 -0.008748171851038933 -0.005659060087054968 -1.0114262104034424
1681072407.9257443 11.066792488098145 -0.008855006657540798 -0.0064866081811487675 -1.011582851409912
1681072407.9258335 11.072800636291504 -0.008886473253369331 -0.006762954406440258 -1.0114001035690308
1681072407.9386458 11.080719947814941 -0.00859851948916912 -0.007216316647827625 -1.0117799043655396
1681072407.9507442 11.092644691467285 -0.008260306902229786 -0.008084842935204506 -1.0124694108963013
1681072407.961645 11.10147476196289 -0.008402206934988499 -0.008661382831633091 -1.0127466917037964
1681072407.9736354 11.10966682434082 -0.00812416523694992 -0.008882800117135048 -1.0124919414520264
1681072407.986736 11.113672256469727 -0.007859627716243267 -0.008885009214282036 -1.0131655931472778
1681072407.999689 11.121773719787598 -0.007808420341461897 -0.00905665848404169 -1.012945294380188
1681072408.0177352 11.129965782165527 -0.008053064346313477 -0.009059617295861244 -1.0122129917144775
1681072408.0177932 11.133971214294434 -0.008413455449044704 -0.00901433639228344 -1.0121113061904907
1681072408.0307314 11.178665161132812 -0.00974749680608511 -0.008361170068383217 -1.0109293460845947
1681072408.043734 11.191500663757324 -0.00905156321823597 -0.00864248163998127 -1.0115602016448975
1681072408.057631 11.201332092285156 -0.008333179168403149 -0.00828098226338625 -1.011873722076416
1681072408.057688 11.205337524414062 -0.008193195797502995 -0.008138950914144516 -1.0117511749267578
1681072408.070713 11.211254119873047 -0.008352244272828102 -0.008291112259030342 -1.0117381811141968
1681072408.0845854 11.215259552001953 -0.008640014566481113 -0.008478697389364243 -1.0117073059082031
1681072408.0985782 11.22618293762207 -0.00880992878228426 -0.008822878822684288 -1.0113229751586914
1681072408.0986457 11.230096817016602 -0.008762000128626823 -0.00883234292268753 -1.0114612579345703
1681072408.1104507 11.240018844604492 -0.008229007013142109 -0.008621688932180405 -1.0114551782608032
1681072408.1244256 11.249940872192383 -0.008221203461289406 -0.008372725918889046 -1.0120340585708618
1681072408.13841 11.259862899780273 -0.007981197908520699 -0.008337458595633507 -1.0128213167190552
1681072408.1514857 11.264778137207031 -0.00817450787872076 -0.008157730102539062 -1.0133312940597534
1681072408.164475 11.274700164794922 -0.007889368571341038 -0.007977604866027832 -1.013047218322754
1681072408.1794453 11.321306228637695 -0.007216303609311581 -0.008247289806604385 -1.013159990310669
1681072408.191476 11.33714485168457 -0.007793277967721224 -0.00822541769593954 -1.0124471187591553
1681072408.2044861 11.346065521240234 -0.00807524099946022 -0.007992841303348541 -1.011433720588684
1681072408.2176607 11.357990264892578 -0.008513851091265678 -0.007869013585150242 -1.011431097984314
1681072408.2457078 11.371917724609375 -0.008551104925572872 -0.008006907999515533 -1.0112203359603882
1681072408.2586923 11.38174819946289 -0.008238052017986774 -0.008196951821446419 -1.012827754020691
1681072408.276603 11.394674301147461 -0.008155112154781818 -0.00836348719894886 -1.0119401216506958
1681072408.2766736 11.400590896606445 -0.00797095987945795 -0.00826012622565031 -1.011757493019104
1681072408.289605 11.437275886535645 -0.007159310858696699 -0.007826552726328373 -1.0126774311065674
1681072408.302576 11.445195198059082 -0.0070879110135138035 -0.007818426936864853 -1.0123933553695679
1681072408.3166118 11.457119941711426 -0.007197584491223097 -0.007808811962604523 -1.0118335485458374
1681072408.3317041 11.465950012207031 -0.0074685062281787395 -0.00803577620536089 -1.0120303630828857
1681072408.3457026 11.469954490661621 -0.007476429920643568 -0.008137371391057968 -1.0122014284133911
1681072408.3587186 11.481879234313965 -0.0078480439260602 -0.008082607761025429 -1.0124664306640625
1681072408.3725908 11.495716094970703 -0.007805154658854008 -0.008658722043037415 -1.0126163959503174
1681072408.3857276 11.50663948059082 -0.008355661295354366 -0.009076042100787163 -1.0128474235534668
1681072408.4166417 11.561073303222656 -0.00839940458536148 -0.008403446525335312 -1.011836290359497
1681072408.4167044 11.565078735351562 -0.008443973027169704 -0.008259730413556099 -1.0116496086120605
1681072408.4446118 11.575000762939453 -0.008536835201084614 -0.008262417279183865 -1.0120500326156616
1681072408.4597304 11.584922790527344 -0.008738383650779724 -0.008145234547555447 -1.012263298034668
1681072408.4598048 11.589838027954102 -0.008782459422945976 -0.008328950963914394 -1.012197732925415
1681072408.4716856 11.601762771606445 -0.008451034314930439 -0.008087334223091602 -1.0114444494247437
1681072408.484655 11.609682083129883 -0.008015967905521393 -0.008075283840298653 -1.0110116004943848
1681072408.5125768 11.625520706176758 -0.007911075837910175 -0.008019175380468369 -1.0112890005111694
1681072408.5257015 11.673128128051758 -0.008699994534254074 -0.008336442522704601 -1.0116455554962158
1681072408.5396597 11.683050155639648 -0.008910607546567917 -0.008212235756218433 -1.0123111009597778
1681072408.5397327 11.686964988708496 -0.009000197984278202 -0.008265841752290726 -1.0128744840621948
1681072408.5517094 11.696887016296387 -0.008755037561058998 -0.008345582522451878 -1.0129954814910889
1681072408.565716 11.706809043884277 -0.008703719824552536 -0.00828213058412075 -1.0134308338165283
1681072408.5795887 11.717732429504395 -0.008968347683548927 -0.00957903265953064 -1.0130743980407715
1681072408.592633 11.721646308898926 -0.009000405669212341 -0.010147352702915668 -1.013080358505249
1681072408.6056607 11.73357105255127 -0.009234406985342503 -0.01077544316649437 -1.013195276260376
1681072408.6196928 11.745405197143555 -0.008644847199320793 -0.010260608047246933 -1.013534665107727
1681072408.6326258 11.754325866699219 -0.0086125573143363 -0.009112556464970112 -1.0118857622146606
1681072408.6326838 11.760242462158203 -0.007900671102106571 -0.00790264829993248 -1.0120093822479248
1681072408.6617417 11.774260520935059 -0.008060145191848278 -0.006643288303166628 -1.0125751495361328
1681072408.6876352 11.828695297241211 -0.00844899658113718 -0.007909469306468964 -1.0116931200027466
1681072408.6877074 11.833610534667969 -0.007901613600552082 -0.00819287821650505 -1.0121299028396606
1681072408.7006 11.84353256225586 -0.007675879169255495 -0.00900085549801588 -1.0122660398483276
1681072408.7136188 11.853546142578125 -0.008133784867823124 -0.010489427484571934 -1.012919306755066
1681072408.7265549 11.865379333496094 -0.00863518938422203 -0.010406358167529106 -1.012363314628601
1681072408.7266018 11.869293212890625 -0.008734632283449173 -0.010442500934004784 -1.0119829177856445
1681072408.7545543 11.878213882446289 -0.008975095115602016 -0.010184588842093945 -1.011553406715393
1681072408.7675285 11.890138626098633 -0.009765754453837872 -0.009848485700786114 -1.0130023956298828
1681072408.767567 11.896055221557617 -0.010015089996159077 -0.009839882142841816 -1.0123542547225952
1681072408.7845452 11.934743881225586 -0.008869905024766922 -0.007999962195754051 -1.0113370418548584
1681072408.7976942 11.946667671203613 -0.007904648780822754 -0.007188246585428715 -1.011702299118042
1681072408.8105347 11.955588340759277 -0.007841143757104874 -0.006548446137458086 -1.0123239755630493
1681072408.824558 11.967422485351562 -0.008232059888541698 -0.006033395882695913 -1.0120316743850708
1681072408.824626 11.971336364746094 -0.008051915094256401 -0.005806982982903719 -1.0124629735946655
1681072408.8496811 11.979347229003906 -0.007835702039301395 -0.0055855633690953255 -1.0125293731689453
1681072408.862618 11.989269256591797 -0.007991483435034752 -0.005861277226358652 -1.0119520425796509
1681072408.8627129 11.994184494018555 -0.007886361330747604 -0.006053580902516842 -1.0127211809158325
1681072408.8736014 12.002285957336426 -0.007701518014073372 -0.006646045483648777 -1.0134750604629517
1681072408.8856206 12.010387420654297 -0.007686547935009003 -0.0073720840737223625 -1.012534499168396
1681072408.900563 12.018580436706543 -0.00712758582085371 -0.007832350209355354 -1.0127921104431152
1681072408.900609 12.022584915161133 -0.0070802802219986916 -0.008027734234929085 -1.0130630731582642
1681072408.927713 12.030686378479004 -0.007244125008583069 -0.00867864303290844 -1.012170672416687
1681072408.9407494 12.086214065551758 -0.007377369794994593 -0.009641393087804317 -1.0114803314208984
1681072408.95556 12.098137855529785 -0.00784854032099247 -0.009438641369342804 -1.0112215280532837
1681072408.9556024 12.104055404663086 -0.007997831329703331 -0.009485060349106789 -1.01107919216156
1681072408.9684818 12.114887237548828 -0.00766640342772007 -0.009471012279391289 -1.0119426250457764
1681072408.9965808 12.12872314453125 -0.008116696961224079 -0.009076610207557678 -1.0121071338653564
1681072409.0095153 12.13864517211914 -0.008534977212548256 -0.008618948049843311 -1.011910319328308
1681072409.0235136 12.148567199707031 -0.008840132504701614 -0.008310617879033089 -1.0113641023635864
1681072409.0364978 12.159490585327148 -0.008951862342655659 -0.007930515334010124 -1.0121474266052246
1681072409.049503 12.16932201385498 -0.008722562342882156 -0.007709043100476265 -1.011604905128479
1681072409.0495474 12.173327445983887 -0.008657473139464855 -0.007514466065913439 -1.011758804321289
1681072409.0774746 12.183340072631836 -0.008722624741494656 -0.007012556307017803 -1.0118041038513184
1681072409.0894878 12.236773490905762 -0.008397133089601994 -0.007794952020049095 -1.0120830535888672
1681072409.1044703 12.246695518493652 -0.008448927663266659 -0.008155661635100842 -1.0124626159667969
1681072409.1045146 12.250609397888184 -0.00867229700088501 -0.008364205248653889 -1.012105941772461
1681072409.1174834 12.26062297821045 -0.008990630507469177 -0.008735759183764458 -1.0118191242218018
1681072409.1294997 12.272456169128418 -0.009157898835837841 -0.009165272116661072 -1.0118861198425293
1681072409.144498 12.277372360229492 -0.00954965315759182 -0.009403485804796219 -1.0116875171661377
1681072409.1584663 12.28929615020752 -0.009820501320064068 -0.009789001196622849 -1.0116055011749268
1681072409.1704998 12.301220893859863 -0.00944806169718504 -0.009955981746315956 -1.0114654302597046
1681072409.1844387 12.311052322387695 -0.008979389443993568 -0.009885468520224094 -1.0122156143188477
1681072409.1844635 12.315057754516602 -0.009261508472263813 -0.009738517925143242 -1.0124019384384155
1681072409.1984477 12.325889587402344 -0.009117338806390762 -0.009399629198014736 -1.012647271156311
1681072409.225477 12.335811614990234 -0.009174172766506672 -0.00903460942208767 -1.0128897428512573
1681072409.2255044 12.341819763183594 -0.008950110524892807 -0.00870388001203537 -1.0122846364974976
1681072409.2394834 12.386423110961914 -0.008618639782071114 -0.007418627850711346 -1.0125834941864014
1681072409.2505713 12.396345138549805 -0.008363733999431133 -0.006995745003223419 -1.012892484664917
1681072409.26451 12.407177925109863 -0.008470430038869381 -0.0067326705902814865 -1.0128278732299805
1681072409.280258 12.417099952697754 -0.008409971371293068 -0.006544144824147224 -1.0118643045425415
1681072409.2802773 12.421195983886719 -0.00834493339061737 -0.0066468543373048306 -1.0115975141525269
1681072409.3086476 12.431026458740234 -0.0078587019816041 -0.0068657961674034595 -1.0116647481918335
1681072409.3216097 12.439947128295898 -0.007960016839206219 -0.0070048230700194836 -1.012230634689331
1681072409.3216689 12.4458646774292 -0.007876194082200527 -0.007192481774836779 -1.0120726823806763
1681072409.3346372 12.45578670501709 -0.007285721600055695 -0.007816425524652004 -1.0128777027130127
1681072409.351657 12.465799331665039 -0.006923511158674955 -0.008112061768770218 -1.0122063159942627
1681072409.365751 12.5103120803833 -0.006782826967537403 -0.009817861951887608 -1.0119925737380981
1681072409.3806574 12.521143913269043 -0.0073306928388774395 -0.009757951833307743 -1.012640118598938
1681072409.3807175 12.52505874633789 -0.007403986528515816 -0.00968496035784483 -1.0128507614135742
1681072409.395271 12.531065940856934 -0.007724757771939039 -0.009525596164166927 -1.0126367807388306
1681072409.4066474 12.534980773925781 -0.007627177517861128 -0.009211254306137562 -1.012690544128418
1681072409.4217384 12.54499340057373 -0.007795835379511118 -0.008421072736382484 -1.0123958587646484
1681072409.421803 12.550909996032715 -0.007968895137310028 -0.007968821562826633 -1.0125306844711304
1681072409.4347532 12.558830261230469 -0.008411617949604988 -0.007894603535532951 -1.0122628211975098
1681072409.4467654 12.571664810180664 -0.008567510172724724 -0.0077567193657159805 -1.012149453163147
1681072409.4616277 12.579584121704102 -0.008647278882563114 -0.0074106440879404545 -1.0120662450790405
1681072409.475613 12.583589553833008 -0.008853406645357609 -0.0071922363713383675 -1.0118874311447144
1681072409.4885263 12.636112213134766 -0.008980920538306236 -0.007755652070045471 -1.0113654136657715
1681072409.5016181 12.64503288269043 -0.008723230101168156 -0.007609792053699493 -1.011604905128479
1681072409.5155823 12.656867027282715 -0.008422675542533398 -0.007844377309083939 -1.0117889642715454
1681072409.5275931 12.672796249389648 -0.007978906854987144 -0.007956217974424362 -1.0120683908462524
1681072409.5406659 12.680715560913086 -0.007911121472716331 -0.007783070206642151 -1.01214599609375
1681072409.5566225 12.68563175201416 -0.008009189739823341 -0.00756864482536912 -1.0124907493591309
1681072409.568509 12.69555377960205 -0.0077788992784917355 -0.00742271589115262 -1.0123040676116943
1681072409.5815094 12.70556640625 -0.007466566748917103 -0.007361205294728279 -1.0119060277938843
1681072409.595504 12.717400550842285 -0.007404282223433256 -0.006754828151315451 -1.0123997926712036
1681072409.6085446 12.72632122039795 -0.00704756798222661 -0.006597519386559725 -1.0125895738601685
1681072409.608585 12.73023509979248 -0.007091237232089043 -0.006558289285749197 -1.0124266147613525
1681072409.6366348 12.742159843444824 -0.007027036976069212 -0.006449675653129816 -1.0118123292922974
1681072409.6507144 12.792771339416504 -0.006275656167417765 -0.008528021164238453 -1.0136905908584595
1681072409.6646621 12.80260181427002 -0.006904048379510641 -0.0089110117405653 -1.012747049331665
1681072409.6647274 12.807608604431152 -0.0071634468622505665 -0.00929958838969469 -1.0125138759613037
1681072409.6777804 12.819442749023438 -0.007537966128438711 -0.009769664146006107 -1.0132560729980469
1681072409.6907103 12.827362060546875 -0.00774790532886982 -0.009343204088509083 -1.0117491483688354
1681072409.7187433 12.84320068359375 -0.008508848957717419 -0.00992922019213438 -1.0109189748764038
1681072409.7317495 12.854124069213867 -0.008694145828485489 -0.009314179420471191 -1.011218786239624
1681072409.7456262 12.863954544067383 -0.009315171279013157 -0.008666835725307465 -1.0114911794662476
1681072409.7586598 12.879884719848633 -0.009624925442039967 -0.008751613087952137 -1.011750340461731
1681072409.8156424 12.945242881774902 -0.00874680932611227 -0.008500505238771439 -1.0132131576538086
1681072409.8157005 12.949247360229492 -0.008691210299730301 -0.008401846513152122 -1.0120898485183716
1681072409.8276596 12.961172103881836 -0.00816729012876749 -0.009202279150485992 -1.0132153034210205
1681072409.8406389 12.970002174377441 -0.007585841231048107 -0.009127339348196983 -1.0147849321365356
1681072409.8546278 12.978103637695312 -0.007421214133501053 -0.00804797001183033 -1.0144654512405396
1681072409.8816924 12.990392684936523 -0.007440363988280296 -0.0076217749156057835 -1.0125197172164917
1681072409.8956077 13.043188095092773 -0.007434625644236803 -0.007017130963504314 -1.012521505355835
1681072409.9095733 13.052018165588379 -0.007870390079915524 -0.007761375047266483 -1.011736512184143
1681072409.922568 13.063852310180664 -0.00905871856957674 -0.00803242065012455 -1.0105382204055786
1681072409.9355066 13.073864936828613 -0.009021153673529625 -0.008218352682888508 -1.0089900493621826
1681072409.9355373 13.079690933227539 -0.008350732736289501 -0.00830619316548109 -1.0106333494186401
1681072409.9486344 13.088611602783203 -0.00704209366813302 -0.008659783750772476 -1.01320481300354
1681072409.976681 13.098624229431152 -0.007144078612327576 -0.008486353792250156 -1.0130695104599
1681072409.9767404 13.104541778564453 -0.007232777774333954 -0.00872927438467741 -1.0128097534179688
1681072409.9896448 13.11246109008789 -0.007841772399842739 -0.00938487146049738 -1.0124109983444214
1681072410.003666 13.124385833740234 -0.008048579096794128 -0.008991978131234646 -1.0131330490112305
1681072410.0156558 13.133306503295898 -0.007775466423481703 -0.008483343757689 -1.0124810934066772
1681072410.04467 13.14714241027832 -0.008170012384653091 -0.008210329338908195 -1.0115264654159546
1681072410.0566778 13.19775390625 -0.008835440501570702 -0.008995783515274525 -1.0105640888214111
1681072410.0697496 13.207584381103516 -0.007905482314527035 -0.009081428870558739 -1.011758804321289
1681072410.0847406 13.21650505065918 -0.007695614825934172 -0.008684508502483368 -1.0120092630386353
1681072410.0848355 13.22242259979248 -0.007637007161974907 -0.008610451593995094 -1.0125956535339355
1681072410.0966892 13.234346389770508 -0.008121564984321594 -0.008754139766097069 -1.0119845867156982
1681072410.1246185 13.246271133422852 -0.008517093025147915 -0.008125176653265953 -1.0122767686843872
1681072410.124661 13.251187324523926 -0.008411741815507412 -0.008245867677032948 -1.0128566026687622
1681072410.1375935 13.263020515441895 -0.008556012995541096 -0.007931786589324474 -1.012722373008728
1681072410.1506588 13.274945259094238 -0.008803342469036579 -0.008051070384681225 -1.0130257606506348
1681072410.1646647 13.286870002746582 -0.008595927618443966 -0.0075231571681797504 -1.0132472515106201
1681072410.1647296 13.29178524017334 -0.008477345108985901 -0.0072630527429282665 -1.0119880437850952
1681072410.1916683 13.299704551696777 -0.008205502294003963 -0.007041265722364187 -1.0121084451675415
1681072410.2056391 13.346220016479492 -0.008302593603730202 -0.007080740295350552 -1.011484146118164
1681072410.2057104 13.350225448608398 -0.00789839867502451 -0.0072193206287920475 -1.0116243362426758
1681072410.2177625 13.360238075256348 -0.008054790087044239 -0.007626913022249937 -1.0111874341964722
1681072410.2317548 13.37006950378418 -0.00734470272436738 -0.00818862859159708 -1.0118722915649414
1681072410.244664 13.380992889404297 -0.0046824440360069275 -0.009183022193610668 -1.010837435722351
1681072410.2575862 13.390823364257812 -0.005640473682433367 -0.01002651359885931 -1.0103589296340942
1681072410.2856553 13.40475082397461 -0.00570487417280674 -0.009181075729429722 -1.0122984647750854
1681072410.3027694 13.413671493530273 -0.0059634726494550705 -0.009186048991978168 -1.0125737190246582
1681072410.3028376 13.451356887817383 -0.007739044260233641 -0.008415892720222473 -1.013014554977417
1681072410.3157713 13.462189674377441 -0.007607092149555683 -0.008568881079554558 -1.0129696130752563
1681072410.3287 13.472111701965332 -0.0075398706831038 -0.00838992465287447 -1.012785792350769
1681072410.342643 13.482033729553223 -0.008053280413150787 -0.009085549972951412 -1.011045217514038
1681072410.342707 13.487950325012207 -0.008157413452863693 -0.009242268279194832 -1.010133147239685
1681072410.3836653 13.508795738220215 -0.007643718738108873 -0.00947200320661068 -1.0121995210647583
1681072410.38373 13.512709617614746 -0.0075822994112968445 -0.009492509067058563 -1.012008547782898
1681072410.396654 13.522631645202637 -0.007650373037904501 -0.008950979448854923 -1.0121746063232422
1681072410.409752 13.532553672790527 -0.0075163086876273155 -0.008676108904182911 -1.0119335651397705
1681072410.4229286 13.543477058410645 -0.0071412366814911366 -0.008149045519530773 -1.0126744508743286
1681072410.4376807 13.549393653869629 -0.006757761817425489 -0.007879788987338543 -1.0134302377700806
1681072410.4507465 13.55931568145752 -0.006530408747494221 -0.007491352967917919 -1.0127276182174683
1681072410.4627407 13.607924461364746 -0.008626747876405716 -0.006871833931654692 -1.0109245777130127
1681072410.4766648 13.616754531860352 -0.009328777901828289 -0.006988245993852615 -1.0110034942626953
1681072410.4767308 13.622762680053711 -0.009567515924572945 -0.0072341603226959705 -1.011530876159668
1681072410.4907305 13.632593154907227 -0.009766869246959686 -0.00724569708108902 -1.0107589960098267
1681072410.5027447 13.642606735229492 -0.009599133394658566 -0.0068696946837008 -1.0117710828781128
1681072410.5177069 13.648523330688477 -0.009619483724236488 -0.006892262026667595 -1.011932373046875
1681072410.5317452 13.65744400024414 -0.009684176184237003 -0.006975860800594091 -1.0117021799087524
1681072410.543652 13.667366027832031 -0.009957573376595974 -0.00681289192289114 -1.0127546787261963
1681072410.5577269 13.677196502685547 -0.008865920826792717 -0.007020191755145788 -1.011659860610962
1681072410.5577853 13.681293487548828 -0.00861212145537138 -0.007139512803405523 -1.0115714073181152
1681072410.5707438 13.691123962402344 -0.008029624819755554 -0.007146533112972975 -1.012226939201355
1681072410.5986402 13.702047348022461 -0.007768665906041861 -0.007446009665727615 -1.01189124584198
1681072410.5987034 13.707963943481445 -0.007481245324015617 -0.007870690897107124 -1.0119996070861816
1681072410.6126397 13.752568244934082 -0.006461511366069317 -0.008898120373487473 -1.011825442314148
1681072410.6127074 13.756572723388672 -0.0065309456549584866 -0.008972705341875553 -1.0115922689437866
1681072410.624702 13.768497467041016 -0.006875789258629084 -0.008891436271369457 -1.0114692449569702
1681072410.637722 13.779330253601074 -0.007320687174797058 -0.008843365125358105 -1.0111896991729736
1681072410.6507668 13.791254997253418 -0.007625805214047432 -0.008510781452059746 -1.011535882949829
1681072410.6787827 13.807184219360352 -0.007810456678271294 -0.008207524195313454 -1.0118918418884277
1681072410.6917498 13.817015647888184 -0.007807556074112654 -0.00821667816489935 -1.0130680799484253
1681072410.705663 13.827848434448242 -0.00820180494338274 -0.008159507066011429 -1.0128380060195923
1681072410.7057233 13.833765029907227 -0.008342305198311806 -0.008161420933902264 -1.0123653411865234
1681072410.7186296 13.843777656555176 -0.008752051740884781 -0.00837503932416439 -1.012454628944397
1681072410.7466433 13.857613563537598 -0.008605738170444965 -0.008349543437361717 -1.011847734451294
1681072410.759649 13.90722370147705 -0.008353847078979015 -0.007721469271928072 -1.0110286474227905
1681072410.772653 13.917055130004883 -0.008044707588851452 -0.007715032435953617 -1.0116411447525024
1681072410.787746 13.927067756652832 -0.008658403530716896 -0.007893940433859825 -1.0116389989852905
1681072410.7996478 13.936899185180664 -0.007860670797526836 -0.008231950923800468 -1.0133821964263916
1681072410.7997088 13.941905975341797 -0.007735695689916611 -0.008533399552106857 -1.012876033782959
1681072410.8117032 13.949915885925293 -0.00741941062733531 -0.00886241439729929 -1.0125844478607178
1681072410.8377502 13.958017349243164 -0.007161902729421854 -0.008889760822057724 -1.012707233428955
1681072410.837822 13.962114334106445 -0.007030384615063667 -0.008881853893399239 -1.0124280452728271
1681072410.8505754 13.97021484375 -0.007022927515208721 -0.008365522138774395 -1.0116424560546875
1681072410.867668 13.978317260742188 -0.006279095076024532 -0.007391843944787979 -1.0120952129364014
1681072410.881758 14.025833129882812 0.15454882383346558 0.008578641340136528 -1.0925683975219727
1681072410.8818169 14.031749725341797 0.16707909107208252 0.00953201949596405 -1.0736544132232666
1681072410.8946786 14.041581153869629 0.17556774616241455 0.013643977232277393 -1.0332224369049072
