1681069588.16355 495.00 1
1681069588.2838004 495.00 50
1681069588.2855651 495.00 52
1681069588.287002 495.00 54
1681069588.2884364 495.00 56
1681069588.289829 495.00 61
1681069588.2911952 495.00 65
1681069588.2926073 496.00 70
1681069588.2939801 495.00 75
1681069588.295264 495.00 80
1681069588.2965848 495.00 86
1681069588.2978332 495.00 91
1681069588.299056 495.00 95
1681069588.300466 495.00 100
1681069588.301774 495.00 106
1681069588.3030674 495.00 111
1681069588.304428 495.00 116
1681069588.367808 495.00 122
1681069588.3695338 495.00 128
1681069588.3710396 495.00 134
1681069588.3724775 495.00 139
1681069588.3738916 495.00 145
1681069588.3751376 493.00 150
1681069588.3755581 493.00 156
1681069588.3759444 492.00 161
1681069588.3764405 493.00 167
1681069588.3769398 492.00 173
1681069588.3775902 492.00 179
1681069588.3782768 492.00 184
1681069588.3789768 492.00 190
1681069588.3797436 493.00 195
1681069588.3805835 494.00 201
1681069588.4521744 492.00 206
1681069588.4541252 492.00 212
1681069588.4557207 492.00 219
1681069588.4571776 492.00 224
1681069588.4585602 492.00 230
1681069588.4598384 492.00 235
1681069588.4611247 492.00 241
1681069588.4623885 492.00 247
1681069588.46402 493.00 252
1681069588.4655585 492.00 259
1681069588.4673214 492.00 265
1681069588.4688883 492.00 270
1681069588.4702592 492.00 276
1681069588.4714854 493.00 282
1681069588.472755 492.00 287
1681069588.5366194 493.00 293
1681069588.5383584 492.00 300
1681069588.539791 493.00 305
1681069588.5411615 493.00 311
1681069588.5425024 492.00 317
1681069588.5438251 492.00 322
1681069588.545303 492.00 328
1681069588.546623 492.00 333
1681069588.5479362 493.00 339
1681069588.5494492 492.00 346
1681069588.5508332 492.00 351
1681069588.5522497 492.00 357
1681069588.553593 493.00 363
1681069588.55492 493.00 368
1681069588.5562947 493.00 374
1681069588.621834 493.00 380
1681069588.623373 493.00 386
1681069588.624817 492.00 392
1681069588.6261456 492.00 398
1681069588.627473 493.00 403
1681069588.6290095 493.00 409
1681069588.630428 487.00 414
1681069588.6317809 492.00 420
1681069588.633142 493.00 427
1681069588.634472 493.00 432
1681069588.63579 492.00 438
1681069588.637157 492.00 444
1681069588.6384718 492.00 449
1681069588.6397862 493.00 455
1681069588.7051835 493.00 461
1681069588.7069097 493.00 466
1681069588.7084603 493.00 473
1681069588.7100499 492.00 479
1681069588.7114208 492.00 484
1681069588.7127664 493.00 490
1681069588.7140896 493.00 495
1681069588.715434 493.00 501
1681069588.7167835 493.00 507
1681069588.7180977 493.00 513
1681069588.7194302 493.00 519
1681069588.7207031 493.00 525
1681069588.72193 493.00 530
1681069588.7231824 502.00 536
1681069588.7246053 493.00 542
1681069588.790462 493.00 547
1681069588.791993 493.00 553
1681069588.7935526 493.00 560
1681069588.7949576 495.00 565
1681069588.7963233 493.00 571
1681069588.7976735 492.00 577
1681069588.7990003 493.00 582
1681069588.8004136 493.00 588
1681069588.80175 493.00 593
1681069588.8030682 492.00 600
1681069588.8045907 492.00 606
1681069588.805954 493.00 611
1681069588.8073013 493.00 617
1681069588.8086529 493.00 623
1681069588.87358 493.00 628
1681069588.8753145 493.00 634
1681069588.8767135 493.00 641
1681069588.8781028 492.00 646
1681069588.8796082 493.00 652
1681069588.8810213 493.00 658
1681069588.8823717 492.00 663
1681069588.883704 492.00 669
1681069588.8852623 492.00 674
1681069588.886615 493.00 680
1681069588.888012 495.00 687
1681069588.8893228 493.00 692
1681069588.8906045 493.00 698
1681069588.8918767 493.00 704
1681069588.89319 492.00 709
1681069588.9581501 493.00 715
1681069588.9598892 493.00 721
1681069588.961426 493.00 727
1681069588.9628325 493.00 733
1681069588.9641984 493.00 739
1681069588.9655879 493.00 744
1681069588.9669645 493.00 750
1681069588.9683912 493.00 756
1681069588.969823 493.00 761
1681069588.9713993 493.00 768
1681069588.9728096 493.00 773
1681069588.9741511 493.00 779
1681069588.9754796 493.00 785
1681069588.9768229 499.00 790
1681069588.9781473 493.00 796
1681069589.0435936 493.00 802
1681069589.0453882 493.00 807
1681069589.046997 493.00 814
1681069589.0483837 493.00 820
1681069589.0498197 493.00 825
1681069589.0514445 493.00 831
1681069589.0529342 493.00 837
1681069589.0542297 493.00 842
1681069589.0555882 493.00 848
1681069589.0569844 504.00 854
1681069589.058259 495.00 860
1681069589.0595226 495.00 866
1681069589.0608177 495.00 871
1681069589.0620208 495.00 877
1681069589.1265526 495.00 883
1681069589.128064 495.00 888
1681069589.1294239 502.00 894
1681069589.1307652 495.00 901
1681069589.132033 495.00 906
1681069589.1336334 495.00 912
1681069589.1349027 495.00 918
1681069589.1360753 496.00 923
1681069589.1372647 495.00 929
1681069589.1384146 496.00 934
1681069589.1395578 495.00 941
1681069589.1407652 495.00 947
1681069589.1419363 495.00 952
1681069589.1430967 495.00 958
1681069589.1442714 496.00 964
1681069589.2117484 496.00 969
1681069589.2133987 495.00 975
1681069589.2148702 496.00 982
1681069589.2161767 495.00 987
1681069589.2174413 495.00 993
1681069589.2187486 499.00 999
1681069589.2199628 495.00 1004
1681069589.2212944 495.00 1010
1681069589.2224958 495.00 1016
1681069589.22368 496.00 1022
1681069589.224901 495.00 1029
1681069589.2260892 495.00 1035
1681069589.2272744 496.00 1041
1681069589.2284806 495.00 1047
1681069589.2961507 496.00 1053
1681069589.2976232 496.00 1059
1681069589.2991862 492.00 1065
1681069589.3007882 495.00 1072
1681069589.3021145 495.00 1078
1681069589.3034167 495.00 1084
1681069589.3047245 496.00 1090
1681069589.3060195 495.00 1096
1681069589.3073065 495.00 1102
1681069589.3086042 496.00 1108
1681069589.3098438 495.00 1115
1681069589.3110256 496.00 1121
1681069589.3122263 496.00 1127
1681069589.3137572 495.00 1133
1681069589.3808212 495.00 1139
1681069589.382471 495.00 1145
1681069589.3837972 496.00 1152
1681069589.3853407 495.00 1158
1681069589.3867536 495.00 1164
1681069589.3880484 496.00 1170
1681069589.3893723 496.00 1176
1681069589.390665 495.00 1182
1681069589.3919477 495.00 1188
1681069589.3932788 496.00 1195
1681069589.3947942 495.00 1201
1681069589.3960705 495.00 1207
1681069589.3973897 496.00 1213
1681069589.4635966 495.00 1219
1681069589.4653292 495.00 1225
1681069589.4666483 496.00 1231
1681069589.467947 495.00 1236
1681069589.4692729 495.00 1243
1681069589.4705658 495.00 1249
1681069589.471818 495.00 1255
1681069589.473091 495.00 1261
1681069589.4744027 496.00 1267
1681069589.4757166 495.00 1273
1681069589.4770777 495.00 1280
1681069589.4783158 495.00 1286
1681069589.479604 496.00 1292
1681069589.4809523 495.00 1298
1681069589.5480404 495.00 1304
1681069589.549759 496.00 1310
1681069589.5512521 496.00 1316
1681069589.5526853 495.00 1323
1681069589.5540216 495.00 1329
1681069589.5554934 495.00 1335
1681069589.557017 495.00 1341
1681069589.558398 496.00 1347
1681069589.5598285 495.00 1353
1681069589.5612013 495.00 1359
1681069589.56257 496.00 1366
1681069589.5640674 495.00 1372
1681069589.565331 495.00 1378
1681069589.566541 496.00 1384
1681069589.6325698 496.00 1390
1681069589.6342695 495.00 1396
1681069589.6357198 495.00 1402
1681069589.637175 496.00 1409
1681069589.6385622 495.00 1415
1681069589.639923 496.00 1421
1681069589.641412 495.00 1427
1681069589.6427786 495.00 1433
1681069589.6442237 495.00 1439
1681069589.6457553 496.00 1445
1681069589.6471846 495.00 1452
1681069589.6485455 495.00 1458
1681069589.6499128 496.00 1464
1681069589.6512764 495.00 1470
1681069589.7174835 496.00 1476
1681069589.7189605 490.00 1482
1681069589.7204607 496.00 1488
1681069589.7219434 495.00 1494
1681069589.7234151 496.00 1500
1681069589.7248888 495.00 1506
1681069589.726338 495.00 1512
1681069589.7276773 495.00 1518
1681069589.7291589 495.00 1524
1681069589.7307372 495.00 1530
1681069589.732123 495.00 1537
1681069589.7334676 496.00 1543
1681069589.7347744 495.00 1549
1681069589.7360885 495.00 1555
1681069589.801996 496.00 1561
1681069589.8034494 495.00 1567
1681069589.804879 495.00 1573
1681069589.8062937 501.00 1580
1681069589.8076828 495.00 1586
1681069589.8091466 495.00 1592
1681069589.8105361 498.00 1598
1681069589.8118815 495.00 1604
1681069589.8133266 495.00 1610
1681069589.8147526 497.00 1616
1681069589.8160596 495.00 1623
1681069589.8173928 496.00 1629
1681069589.818683 495.00 1635
1681069589.8851035 495.00 1641
1681069589.8868172 496.00 1647
1681069589.8882418 496.00 1653
1681069589.8896365 495.00 1659
1681069589.8910418 496.00 1666
1681069589.892474 486.00 1672
1681069589.893824 496.00 1678
1681069589.895177 496.00 1684
1681069589.8967078 495.00 1690
1681069589.898114 496.00 1696
1681069589.899443 495.00 1702
1681069589.9007883 495.00 1709
1681069589.9020877 495.00 1715
1681069589.9033759 495.00 1721
1681069589.9695375 495.00 1727
1681069589.9712234 495.00 1733
1681069589.9726949 495.00 1739
1681069589.974117 495.00 1745
1681069589.9755278 495.00 1752
1681069589.976972 496.00 1757
1681069589.9784534 495.00 1764
1681069589.9800022 495.00 1770
1681069589.9815192 495.00 1776
1681069589.9828634 495.00 1782
1681069589.9841964 495.00 1788
1681069589.9855347 495.00 1795
1681069589.9868467 495.00 1801
1681069589.9881885 495.00 1808
1681069590.0547328 495.00 1814
1681069590.0562358 496.00 1820
1681069590.0576377 495.00 1826
1681069590.0590231 495.00 1832
1681069590.060578 495.00 1839
1681069590.0620089 495.00 1845
1681069590.0635462 495.00 1852
1681069590.0650516 495.00 1858
1681069590.0664694 495.00 1864
1681069590.0682607 496.00 1870
1681069590.0697014 495.00 1876
1681069590.0710645 495.00 1883
1681069590.072614 496.00 1889
1681069590.1380162 495.00 1896
1681069590.1395025 495.00 1902
1681069590.141109 495.00 1908
1681069590.1428287 499.00 1914
1681069590.1444397 495.00 1921
1681069590.1465185 495.00 1927
1681069590.1482382 495.00 1933
1681069590.1498036 495.00 1940
1681069590.1513782 495.00 1946
1681069590.1528645 496.00 1952
1681069590.1548815 495.00 1958
1681069590.1568708 496.00 1965
1681069590.158483 493.00 1971
1681069590.2220633 496.00 1977
1681069590.2233264 495.00 1984
1681069590.2245696 499.00 1990
1681069590.2258017 496.00 1996
1681069590.227082 495.00 2002
1681069590.228421 495.00 2009
1681069590.2297702 495.00 2015
1681069590.231106 496.00 2021
1681069590.2324355 495.00 2028
1681069590.2337475 495.00 2034
1681069590.235045 496.00 2040
1681069590.236376 495.00 2046
1681069590.2375853 495.00 2053
1681069590.2385986 496.00 2059
1681069590.3074057 495.00 2065
1681069590.3088522 495.00 2072
1681069590.3102515 495.00 2078
1681069590.3116186 495.00 2084
1681069590.3130157 496.00 2091
1681069590.3143978 495.00 2097
1681069590.3158529 496.00 2103
1681069590.3172889 493.00 2109
1681069590.3186584 495.00 2116
1681069590.3200052 495.00 2122
1681069590.3213902 495.00 2128
1681069590.3226619 496.00 2135
1681069590.3239074 495.00 2141
1681069590.3908472 495.00 2147
1681069590.3925407 495.00 2153
1681069590.3939168 495.00 2160
1681069590.3952408 495.00 2166
1681069590.3967006 495.00 2172
1681069590.3981037 497.00 2179
1681069590.3995163 495.00 2185
1681069590.4009202 496.00 2191
1681069590.402241 486.00 2197
1681069590.403539 496.00 2204
1681069590.404848 492.00 2210
1681069590.4061532 496.00 2216
1681069590.4073863 495.00 2223
1681069590.4086642 495.00 2229
1681069590.476197 495.00 2235
1681069590.4775605 495.00 2241
1681069590.479031 503.00 2248
1681069590.4805133 496.00 2254
1681069590.4819484 495.00 2260
1681069590.4832668 495.00 2267
1681069590.4847045 495.00 2273
1681069590.486015 496.00 2279
1681069590.487316 496.00 2285
1681069590.4886649 494.00 2292
1681069590.4899695 495.00 2298
1681069590.4912827 495.00 2305
1681069590.4927511 495.00 2311
1681069590.5595791 495.00 2317
1681069590.5612864 495.00 2323
1681069590.5628471 496.00 2329
1681069590.564204 495.00 2336
1681069590.5655434 496.00 2342
1681069590.5668526 496.00 2349
1681069590.5681763 495.00 2355
1681069590.5694861 495.00 2361
1681069590.5707946 495.00 2367
1681069590.5721025 495.00 2373
1681069590.5734339 495.00 2380
1681069590.574754 495.00 2386
1681069590.5760663 495.00 2393
1681069590.6435647 495.00 2399
1681069590.6452951 496.00 2405
1681069590.6470072 495.00 2411
1681069590.6484952 495.00 2417
1681069590.6498218 495.00 2424
1681069590.6511345 496.00 2430
1681069590.6524668 495.00 2437
1681069590.653808 495.00 2443
1681069590.6551328 496.00 2449
1681069590.6568255 490.00 2455
1681069590.6582234 491.00 2461
1681069590.6594348 496.00 2468
1681069590.660727 496.00 2475
1681069590.6620271 495.00 2481
1681069590.7290533 495.00 2487
1681069590.7305467 496.00 2493
1681069590.73193 496.00 2499
1681069590.7333903 495.00 2505
1681069590.734699 495.00 2512
1681069590.7359896 496.00 2519
1681069590.7373 495.00 2525
1681069590.73859 495.00 2531
1681069590.7398791 495.00 2537
1681069590.7411883 495.00 2543
1681069590.7424762 495.00 2549
1681069590.7437594 495.00 2556
1681069590.745069 495.00 2563
1681069590.8123813 496.00 2569
1681069590.814255 495.00 2575
1681069590.815783 495.00 2581
1681069590.817594 495.00 2587
1681069590.819125 496.00 2593
1681069590.820642 496.00 2600
1681069590.8220115 496.00 2607
1681069590.823392 496.00 2613
1681069590.8247805 495.00 2619
1681069590.8261387 495.00 2625
1681069590.8275084 496.00 2631
1681069590.8288994 495.00 2637
1681069590.8303428 495.00 2644
1681069590.8319392 495.00 2651
1681069590.8975334 496.00 2657
1681069590.8991354 495.00 2663
1681069590.9009318 495.00 2669
1681069590.902397 495.00 2675
1681069590.9038386 495.00 2681
1681069590.905326 496.00 2689
1681069590.9067142 495.00 2695
1681069590.9082172 495.00 2701
1681069590.9096487 495.00 2707
1681069590.9111762 495.00 2713
1681069590.912684 496.00 2719
1681069590.9140148 495.00 2725
1681069590.91533 495.00 2733
1681069590.981049 495.00 2739
1681069590.9827814 496.00 2745
1681069590.984287 495.00 2751
1681069590.9856334 496.00 2757
1681069590.9871712 495.00 2763
1681069590.9887471 495.00 2769
1681069590.9902449 495.00 2777
1681069590.991552 495.00 2783
1681069590.9928787 495.00 2789
1681069590.994174 496.00 2795
1681069590.995474 496.00 2801
1681069590.996834 496.00 2807
1681069590.9981508 495.00 2813
1681069590.9994438 495.00 2821
1681069591.0662978 495.00 2827
1681069591.0679028 495.00 2833
1681069591.0695343 496.00 2839
1681069591.070987 495.00 2845
1681069591.072449 495.00 2851
1681069591.0738368 495.00 2857
1681069591.0753324 496.00 2865
1681069591.0767462 495.00 2871
1681069591.0780654 495.00 2877
1681069591.0795012 496.00 2883
1681069591.081077 495.00 2889
1681069591.0824907 495.00 2895
1681069591.0838268 495.00 2902
1681069591.1502078 495.00 2909
1681069591.151704 495.00 2915
1681069591.1531038 495.00 2921
1681069591.1543233 496.00 2927
1681069591.1556413 495.00 2933
1681069591.1569436 496.00 2939
1681069591.1581817 495.00 2946
1681069591.159476 496.00 2953
1681069591.160787 495.00 2959
1681069591.1622891 495.00 2965
1681069591.163587 495.00 2971
1681069591.1648433 495.00 2977
1681069591.1660492 495.00 2983
1681069591.2337494 495.00 2990
1681069591.2354655 495.00 2997
1681069591.2369459 495.00 3003
1681069591.2384925 496.00 3009
1681069591.2398474 495.00 3015
1681069591.2412117 495.00 3021
1681069591.242529 495.00 3027
1681069591.2438955 496.00 3034
1681069591.2452521 496.00 3041
1681069591.246477 495.00 3047
1681069591.2476897 495.00 3053
1681069591.2489202 496.00 3059
1681069591.250134 495.00 3065
1681069591.251525 495.00 3072
1681069591.3190744 496.00 3078
1681069591.3205864 496.00 3085
1681069591.3220356 496.00 3091
1681069591.3235786 495.00 3097
1681069591.3251479 495.00 3103
1681069591.326568 495.00 3109
1681069591.3280203 493.00 3116
1681069591.329452 495.00 3122
1681069591.3309598 495.00 3129
1681069591.332384 495.00 3135
1681069591.3337116 495.00 3141
1681069591.3351634 495.00 3147
1681069591.3366706 496.00 3153
1681069591.402512 496.00 3160
1681069591.4042103 495.00 3166
1681069591.405651 495.00 3173
1681069591.4070666 496.00 3179
1681069591.4085689 496.00 3185
1681069591.409963 496.00 3191
1681069591.4114096 495.00 3197
1681069591.4130676 495.00 3204
1681069591.4145818 495.00 3210
1681069591.4159646 495.00 3217
1681069591.41733 495.00 3223
1681069591.4187472 496.00 3229
1681069591.4201813 495.00 3235
1681069591.4215114 495.00 3241
1681069591.4876142 496.00 3248
1681069591.4891582 496.00 3254
1681069591.4906497 495.00 3261
1681069591.4922526 495.00 3267
1681069591.493675 495.00 3273
1681069591.4951282 496.00 3279
1681069591.4965308 495.00 3286
1681069591.4978657 496.00 3292
1681069591.4993799 495.00 3298
1681069591.5007582 495.00 3305
1681069591.502067 495.00 3311
1681069591.5033696 495.00 3317
1681069591.5048409 496.00 3323
1681069591.571787 495.00 3330
1681069591.5733554 495.00 3336
1681069591.5748084 496.00 3342
1681069591.5762682 495.00 3349
1681069591.577716 495.00 3355
1681069591.5790997 496.00 3361
1681069591.5805156 495.00 3367
1681069591.5818226 495.00 3374
1681069591.5831223 495.00 3380
1681069591.5844371 491.00 3386
1681069591.5857375 495.00 3393
1681069591.5870373 495.00 3399
1681069591.5883563 495.00 3405
1681069591.6552258 496.00 3411
1681069591.6568944 496.00 3418
1681069591.6583686 495.00 3424
1681069591.6603081 495.00 3430
1681069591.6619952 495.00 3437
1681069591.6635635 495.00 3443
1681069591.6651206 495.00 3449
1681069591.666535 495.00 3456
1681069591.6678689 495.00 3462
1681069591.66921 495.00 3468
1681069591.670528 496.00 3474
1681069591.6719725 495.00 3481
1681069591.6736293 495.00 3487
1681069591.6751468 495.00 3493
1681069591.7405276 500.00 3500
1681069591.7422056 496.00 3506
1681069591.7437189 495.00 3512
1681069591.7452033 496.00 3518
1681069591.746638 496.00 3525
1681069591.748097 495.00 3531
1681069591.7496533 496.00 3537
1681069591.7510905 495.00 3544
1681069591.752564 495.00 3550
1681069591.7540228 495.00 3556
1681069591.7554526 495.00 3562
1681069591.757049 496.00 3569
1681069591.7585318 500.00 3575
1681069591.8239775 496.00 3581
1681069591.8257577 495.00 3588
1681069591.82721 496.00 3594
1681069591.8287132 495.00 3600
1681069591.8303366 495.00 3606
1681069591.8318152 495.00 3613
1681069591.8332956 496.00 3619
1681069591.8347294 496.00 3625
1681069591.8364458 495.00 3632
1681069591.8379123 495.00 3638
1681069591.8393455 495.00 3644
1681069591.840812 496.00 3650
1681069591.8424022 495.00 3657
1681069591.8440092 496.00 3663
1681069591.9091332 495.00 3670
1681069591.9106383 495.00 3676
1681069591.9120715 495.00 3682
1681069591.9135346 495.00 3688
1681069591.9149263 495.00 3694
1681069591.916385 496.00 3701
1681069591.917867 495.00 3707
1681069591.9192286 496.00 3714
1681069591.9206588 496.00 3720
1681069591.9219632 495.00 3726
1681069591.9232473 495.00 3732
1681069591.9245343 495.00 3738
1681069591.9258094 495.00 3745
1681069591.9930196 496.00 3751
1681069591.994287 495.00 3758
1681069591.995566 495.00 3764
1681069591.9969041 495.00 3770
1681069591.9984078 495.00 3776
1681069591.9997077 496.00 3782
1681069592.001057 498.00 3789
1681069592.0023434 495.00 3795
1681069592.0036638 495.00 3802
1681069592.004908 495.00 3808
1681069592.0061269 495.00 3814
1681069592.007357 499.00 3820
1681069592.008582 496.00 3826
1681069592.0764787 495.00 3833
1681069592.0781846 495.00 3840
1681069592.0796924 496.00 3846
1681069592.0811813 495.00 3852
1681069592.0826442 496.00 3858
1681069592.084077 495.00 3864
1681069592.0855472 495.00 3870
1681069592.0869277 495.00 3877
1681069592.088398 495.00 3884
1681069592.0898616 495.00 3890
1681069592.0912986 496.00 3896
1681069592.0927649 496.00 3902
1681069592.0941303 495.00 3908
1681069592.0954506 495.00 3914
1681069592.1618383 496.00 3921
1681069592.1636007 495.00 3928
1681069592.1651905 495.00 3934
1681069592.1665812 496.00 3940
1681069592.1679533 495.00 3946
1681069592.1695466 495.00 3952
1681069592.1710558 495.00 3958
1681069592.172592 495.00 3965
1681069592.1740992 495.00 3972
1681069592.1756122 495.00 3978
1681069592.177071 495.00 3984
1681069592.1784708 495.00 3990
1681069592.179886 495.00 3996
1681069592.2452173 495.00 4002
1681069592.2469742 495.00 4009
1681069592.2485785 496.00 4016
1681069592.2501132 495.00 4022
1681069592.2516334 495.00 4028
1681069592.2531657 495.00 4034
1681069592.2546384 496.00 4040
1681069592.2560737 495.00 4046
1681069592.2576635 495.00 4054
1681069592.2590406 496.00 4060
1681069592.260458 495.00 4066
1681069592.261843 496.00 4072
1681069592.2632096 495.00 4078
1681069592.2646203 496.00 4084
1681069592.3304935 495.00 4090
1681069592.332074 496.00 4098
1681069592.33367 495.00 4104
1681069592.3351877 496.00 4110
1681069592.336612 495.00 4116
1681069592.33799 496.00 4122
1681069592.3393848 496.00 4128
1681069592.3407784 495.00 4134
1681069592.3421156 496.00 4142
1681069592.34365 495.00 4148
1681069592.3451233 495.00 4154
1681069592.3465996 495.00 4160
1681069592.34799 496.00 4166
1681069592.4138708 487.00 4172
1681069592.4154913 495.00 4178
1681069592.4169233 496.00 4186
1681069592.418255 496.00 4192
1681069592.4195125 496.00 4198
1681069592.420794 495.00 4204
1681069592.422045 495.00 4210
1681069592.4233484 495.00 4216
1681069592.4247675 494.00 4222
1681069592.4260843 495.00 4230
1681069592.4273038 495.00 4236
1681069592.428546 495.00 4242
1681069592.4297945 495.00 4248
1681069592.4979463 495.00 4254
1681069592.4996293 495.00 4260
1681069592.5011246 495.00 4267
1681069592.5025663 496.00 4274
1681069592.5040035 495.00 4280
1681069592.5054631 495.00 4286
1681069592.506908 495.00 4292
1681069592.5083005 495.00 4298
1681069592.5096798 495.00 4304
1681069592.5111163 495.00 4311
1681069592.5127094 495.00 4318
1681069592.5142114 495.00 4324
1681069592.5156498 493.00 4330
1681069592.517033 495.00 4336
1681069592.5832944 495.00 4342
1681069592.5848804 495.00 4348
1681069592.5863585 496.00 4355
1681069592.5877745 495.00 4362
1681069592.589274 495.00 4368
1681069592.5907457 495.00 4374
1681069592.592241 495.00 4380
1681069592.5937085 495.00 4386
1681069592.595228 496.00 4392
1681069592.5967143 495.00 4399
1681069592.5980644 495.00 4406
1681069592.5994217 495.00 4412
1681069592.6007888 495.00 4418
1681069592.6667 495.00 4424
1681069592.668341 496.00 4430
1681069592.669809 496.00 4436
1681069592.6712892 495.00 4443
1681069592.672797 496.00 4450
1681069592.674284 496.00 4456
1681069592.6757092 496.00 4462
1681069592.6770885 495.00 4468
1681069592.6786518 495.00 4474
1681069592.6802316 495.00 4481
1681069592.6815646 495.00 4487
1681069592.682872 496.00 4494
1681069592.6841822 499.00 4500
1681069592.6854966 496.00 4506
1681069592.7519627 495.00 4512
1681069592.7536044 495.00 4518
1681069592.7550404 495.00 4525
1681069592.756437 495.00 4531
1681069592.7578938 496.00 4538
1681069592.7593436 496.00 4544
1681069592.7608685 495.00 4550
1681069592.7625768 495.00 4556
1681069592.763942 495.00 4562
1681069592.7653072 495.00 4569
1681069592.7667117 495.00 4575
1681069592.7680542 495.00 4582
1681069592.769423 495.00 4588
1681069592.835408 498.00 4594
1681069592.8371937 495.00 4600
1681069592.8386552 495.00 4606
1681069592.8400378 495.00 4613
1681069592.8415306 496.00 4619
1681069592.8428876 495.00 4625
1681069592.8444846 496.00 4632
1681069592.8459823 495.00 4638
1681069592.847326 496.00 4644
1681069592.8488622 495.00 4651
1681069592.8502355 495.00 4657
1681069592.8515456 496.00 4663
1681069592.852901 495.00 4669
1681069592.9193964 495.00 4676
1681069592.9211652 495.00 4682
1681069592.922689 496.00 4688
1681069592.9241784 495.00 4695
1681069592.9256294 496.00 4701
1681069592.9270663 495.00 4707
1681069592.9286857 495.00 4713
1681069592.9302516 495.00 4720
1681069592.9315686 495.00 4726
1681069592.9329236 496.00 4732
1681069592.934261 495.00 4739
1681069592.9355998 496.00 4745
1681069592.9369397 495.00 4751
1681069592.9382505 495.00 4757
1681069593.0044625 495.00 4764
1681069593.0057466 495.00 4770
1681069593.00695 498.00 4776
1681069593.0081606 495.00 4783
1681069593.0093548 495.00 4789
1681069593.010537 495.00 4795
1681069593.0117188 495.00 4801
1681069593.0129743 495.00 4808
1681069593.0143902 496.00 4814
1681069593.0156593 495.00 4820
1681069593.0169115 495.00 4827
1681069593.0181189 495.00 4833
1681069593.019329 496.00 4839
1681069593.0880156 496.00 4845
1681069593.0895493 495.00 4852
1681069593.0908694 495.00 4858
1681069593.0921426 496.00 4865
1681069593.0935237 496.00 4871
1681069593.0948927 495.00 4877
1681069593.0961869 495.00 4883
1681069593.0974715 496.00 4889
1681069593.0987327 495.00 4896
1681069593.099988 496.00 4902
1681069593.1012738 491.00 4909
1681069593.102531 495.00 4915
1681069593.1037862 496.00 4921
1681069593.1050525 495.00 4927
1681069593.1733806 495.00 4933
1681069593.1749735 495.00 4940
1681069593.1764767 496.00 4946
1681069593.1778755 495.00 4953
1681069593.1793203 495.00 4959
1681069593.1807575 495.00 4965
1681069593.182122 495.00 4971
1681069593.1835084 496.00 4977
1681069593.184904 496.00 4984
1681069593.186257 496.00 4990
1681069593.1877081 495.00 4997
1681069593.18904 496.00 5003
1681069593.190382 496.00 5009
1681069593.256698 495.00 5015
1681069593.2584288 496.00 5021
1681069593.2598412 495.00 5028
1681069593.2615833 496.00 5035
1681069593.263073 496.00 5041
1681069593.264583 496.00 5047
1681069593.2660358 495.00 5053
1681069593.2674747 496.00 5059
1681069593.2691064 495.00 5065
1681069593.2705762 495.00 5072
1681069593.2718997 494.00 5079
1681069593.2732534 499.00 5085
1681069593.2745621 495.00 5091
1681069593.3407385 495.00 5097
1681069593.3423512 495.00 5103
1681069593.3436682 496.00 5109
1681069593.3451324 495.00 5116
1681069593.3464317 497.00 5123
1681069593.3477266 497.00 5129
1681069593.3490634 497.00 5135
1681069593.350402 498.00 5141
1681069593.351709 499.00 5147
1681069593.3530326 499.00 5153
1681069593.3543344 500.00 5160
1681069593.355634 501.00 5167
1681069593.3569593 501.00 5173
1681069593.3581812 502.00 5179
1681069593.4260566 503.00 5185
1681069593.4274888 501.00 5191
1681069593.428925 504.00 5197
1681069593.4303687 505.00 5204
1681069593.4317937 505.00 5211
1681069593.4331 506.00 5217
1681069593.4343774 507.00 5223
1681069593.4356225 508.00 5229
1681069593.4369068 508.00 5235
1681069593.4381416 509.00 5241
1681069593.439437 510.00 5249
1681069593.440718 511.00 5255
1681069593.4419725 512.00 5261
1681069593.5095308 513.00 5267
1681069593.5111256 513.00 5273
1681069593.5128195 514.00 5279
1681069593.5142117 515.00 5285
1681069593.5155213 515.00 5293
1681069593.5168707 516.00 5299
1681069593.5181856 517.00 5305
1681069593.519482 518.00 5311
1681069593.5207174 518.00 5317
1681069593.5219276 519.00 5323
1681069593.5231311 520.00 5329
1681069593.5244145 520.00 5337
1681069593.5257163 521.00 5343
1681069593.5269878 522.00 5349
1681069593.5947669 522.00 5355
1681069593.5962787 522.00 5361
1681069593.5977182 523.00 5367
1681069593.5991309 523.00 5373
1681069593.600604 523.00 5381
1681069593.60214 524.00 5387
1681069593.6035368 524.00 5393
1681069593.6049366 524.00 5399
1681069593.6064796 525.00 5405
1681069593.607914 525.00 5411
1681069593.6097755 525.00 5417
1681069593.6111612 526.00 5425
1681069593.6125262 526.00 5431
1681069593.6781123 526.00 5437
1681069593.6798055 526.00 5443
1681069593.6812944 527.00 5449
1681069593.682743 527.00 5455
1681069593.6840687 527.00 5462
1681069593.6855655 527.00 5469
1681069593.6870122 527.00 5475
1681069593.6883616 528.00 5481
1681069593.6896703 528.00 5487
1681069593.6914675 528.00 5493
1681069593.6928186 528.00 5499
1681069593.6941276 528.00 5506
1681069593.6954417 528.00 5513
1681069593.7621415 528.00 5519
1681069593.7638457 529.00 5525
1681069593.765352 529.00 5531
1681069593.7668118 529.00 5537
1681069593.7682688 529.00 5543
1681069593.770077 529.00 5550
1681069593.7715948 530.00 5557
1681069593.773098 530.00 5563
1681069593.7745173 529.00 5569
1681069593.775935 530.00 5575
1681069593.7773614 529.00 5581
1681069593.7788694 530.00 5587
1681069593.7802422 530.00 5594
1681069593.7815785 530.00 5601
1681069593.8474252 530.00 5607
1681069593.8490224 530.00 5613
1681069593.850858 530.00 5619
1681069593.852345 530.00 5625
1681069593.8537247 530.00 5632
1681069593.8550613 530.00 5638
1681069593.856467 530.00 5645
1681069593.857818 530.00 5651
1681069593.8591661 531.00 5657
1681069593.8605235 530.00 5663
1681069593.8619137 531.00 5669
1681069593.8635194 531.00 5676
1681069593.8649275 531.00 5682
1681069593.930918 531.00 5689
1681069593.932839 531.00 5695
1681069593.9345343 531.00 5701
1681069593.9360387 531.00 5707
1681069593.937591 531.00 5713
1681069593.9390771 531.00 5720
1681069593.940703 531.00 5726
1681069593.942143 531.00 5733
1681069593.9435172 531.00 5739
1681069593.9449213 531.00 5745
1681069593.9463065 531.00 5751
1681069593.9476607 531.00 5757
1681069593.9490242 531.00 5764
1681069593.9503953 531.00 5770
1681069594.0160503 531.00 5777
1681069594.017391 531.00 5783
1681069594.018672 531.00 5789
1681069594.0199196 531.00 5795
1681069594.0212536 531.00 5801
1681069594.0224957 531.00 5808
1681069594.0237465 531.00 5814
1681069594.0249975 531.00 5821
1681069594.0262632 531.00 5827
1681069594.027754 531.00 5833
1681069594.0294569 531.00 5839
1681069594.0307295 531.00 5846
1681069594.0319755 531.00 5852
1681069594.0994766 531.00 5858
1681069594.1011193 531.00 5865
1681069594.1025145 531.00 5871
1681069594.1038682 531.00 5877
1681069594.1052816 531.00 5883
1681069594.1066258 531.00 5890
1681069594.108231 531.00 5896
1681069594.1106586 531.00 5902
1681069594.1130552 531.00 5909
1681069594.115408 531.00 5915
1681069594.1176941 531.00 5921
1681069594.1199582 531.00 5927
1681069594.1218672 531.00 5934
1681069594.1234648 531.00 5940
1681069594.1847641 531.00 5946
1681069594.1862357 531.00 5953
1681069594.1875608 531.00 5959
1681069594.1889966 531.00 5965
1681069594.1904044 531.00 5971
1681069594.1917257 531.00 5978
1681069594.193148 531.00 5984
1681069594.1944041 531.00 5990
1681069594.1957505 531.00 5997
1681069594.1970594 531.00 6003
1681069594.19836 531.00 6009
1681069594.1996236 531.00 6016
1681069594.2009113 531.00 6022
1681069594.2689574 531.00 6028
1681069594.2705016 531.00 6034
1681069594.2720187 531.00 6041
1681069594.2734962 531.00 6047
1681069594.274975 531.00 6053
1681069594.2764623 531.00 6060
1681069594.277927 531.00 6066
1681069594.2794006 531.00 6072
1681069594.2807677 531.00 6078
1681069594.2820938 531.00 6085
1681069594.2834458 531.00 6091
1681069594.2848456 531.00 6097
1681069594.2862213 531.00 6104
1681069594.3523068 531.00 6110
1681069594.3539982 531.00 6116
1681069594.3553925 531.00 6122
1681069594.3569393 531.00 6129
1681069594.3584113 531.00 6135
1681069594.359766 531.00 6141
1681069594.3614082 531.00 6148
1681069594.3628058 531.00 6154
1681069594.3642085 531.00 6160
1681069594.365735 531.00 6166
1681069594.3671484 531.00 6173
1681069594.368535 531.00 6179
1681069594.3699553 531.00 6185
1681069594.3714201 531.00 6192
1681069594.4374502 531.00 6198
1681069594.438896 531.00 6204
1681069594.4403052 531.00 6210
1681069594.44167 531.00 6217
1681069594.4430065 531.00 6223
1681069594.4443934 531.00 6230
1681069594.4458957 531.00 6236
1681069594.4473298 531.00 6242
1681069594.4487157 531.00 6248
1681069594.450177 531.00 6254
1681069594.4516022 531.00 6261
1681069594.4530604 531.00 6267
1681069594.4544058 531.00 6274
1681069594.5209126 531.00 6280
1681069594.5225482 531.00 6286
1681069594.5239377 531.00 6292
1681069594.5253875 531.00 6298
1681069594.5267816 531.00 6305
1681069594.5281847 531.00 6311
1681069594.5295508 531.00 6318
1681069594.5308995 531.00 6324
1681069594.532314 531.00 6330
1681069594.5337062 531.00 6336
1681069594.53506 531.00 6342
1681069594.5364418 531.00 6349
1681069594.5378034 531.00 6355
1681069594.5391846 531.00 6362
1681069594.606385 531.00 6368
1681069594.6077805 531.00 6374
1681069594.6091928 531.00 6380
1681069594.6105444 531.00 6386
1681069594.6119092 531.00 6393
1681069594.6132953 531.00 6400
1681069594.614639 531.00 6406
1681069594.6159794 531.00 6412
1681069594.6173604 531.00 6418
1681069594.6186872 531.00 6424
1681069594.6199837 531.00 6430
1681069594.6212988 531.00 6437
1681069594.6225522 531.00 6444
1681069594.6904511 531.00 6450
1681069594.6919994 531.00 6456
1681069594.6935782 531.00 6462
1681069594.6950567 531.00 6468
1681069594.6964436 531.00 6474
1681069594.6977923 531.00 6481
1681069594.6991582 531.00 6488
1681069594.7004986 531.00 6494
1681069594.7018793 531.00 6500
1681069594.703265 531.00 6506
1681069594.7046583 531.00 6512
1681069594.7060204 531.00 6518
1681069594.7074926 531.00 6525
1681069594.7736425 531.00 6532
1681069594.7752879 531.00 6538
1681069594.7766862 531.00 6544
1681069594.778047 531.00 6550
1681069594.7795444 531.00 6556
1681069594.780912 531.00 6562
1681069594.78256 531.00 6569
1681069594.7843206 531.00 6576
1681069594.7858634 532.00 6582
1681069594.787251 532.00 6588
1681069594.7886608 532.00 6594
1681069594.7900212 531.00 6600
1681069594.7913857 532.00 6606
1681069594.7927413 532.00 6614
1681069594.8589544 532.00 6620
1681069594.8604062 532.00 6626
1681069594.8621557 532.00 6632
1681069594.8635592 532.00 6638
1681069594.86521 532.00 6644
1681069594.8667648 532.00 6650
1681069594.8681479 532.00 6658
1681069594.8695104 532.00 6664
1681069594.870863 532.00 6670
1681069594.8722425 531.00 6676
1681069594.8735888 532.00 6682
1681069594.874895 532.00 6688
1681069594.876271 532.00 6694
1681069594.9425013 532.00 6702
1681069594.9442904 532.00 6708
1681069594.9458017 532.00 6714
1681069594.947316 532.00 6720
1681069594.948861 532.00 6726
1681069594.9502692 532.00 6732
1681069594.9516232 532.00 6738
1681069594.9529846 532.00 6746
1681069594.9543388 532.00 6752
1681069594.9557116 532.00 6758
1681069594.9570763 532.00 6764
1681069594.9584522 532.00 6770
1681069594.9598007 532.00 6776
1681069594.9611878 532.00 6782
1681069595.0278022 532.00 6790
1681069595.029314 532.00 6796
1681069595.030702 532.00 6802
1681069595.0320725 532.00 6808
1681069595.0334651 532.00 6814
1681069595.034726 532.00 6820
1681069595.0360615 532.00 6827
1681069595.0375683 532.00 6834
1681069595.0389397 532.00 6840
1681069595.0403433 532.00 6846
1681069595.0416563 532.00 6852
1681069595.0429316 532.00 6858
1681069595.0441947 532.00 6864
1681069595.1117353 532.00 6871
1681069595.113216 532.00 6878
1681069595.1147482 532.00 6884
1681069595.1162288 532.00 6890
1681069595.1176808 532.00 6896
1681069595.1191082 532.00 6902
1681069595.1205494 532.00 6908
1681069595.1219106 532.00 6915
1681069595.1232154 532.00 6922
1681069595.124537 532.00 6928
1681069595.1258337 532.00 6934
1681069595.1271248 532.00 6940
1681069595.1285348 532.00 6946
1681069595.1950788 532.00 6952
1681069595.1967852 532.00 6959
1681069595.1982996 532.00 6966
1681069595.19962 532.00 6972
1681069595.2009578 532.00 6978
1681069595.2022462 532.00 6984
1681069595.2036152 532.00 6990
1681069595.205 532.00 6996
1681069595.2062874 532.00 7003
1681069595.2075772 532.00 7010
1681069595.2089062 532.00 7016
1681069595.2104056 532.00 7022
1681069595.21178 532.00 7028
1681069595.2132454 531.00 7034
1681069595.2804184 532.00 7041
1681069595.2819362 532.00 7047
1681069595.283433 532.00 7054
1681069595.2849374 532.00 7060
1681069595.28639 532.00 7066
1681069595.287803 532.00 7072
1681069595.2893126 532.00 7078
1681069595.290822 532.00 7085
1681069595.2923222 531.00 7091
1681069595.293805 532.00 7098
1681069595.295288 532.00 7104
1681069595.2966416 532.00 7110
1681069595.297938 532.00 7116
1681069595.3637414 532.00 7122
1681069595.3654108 532.00 7129
1681069595.366831 532.00 7135
1681069595.3681738 532.00 7142
1681069595.369573 532.00 7148
1681069595.3709273 532.00 7154
1681069595.372261 532.00 7160
1681069595.3735821 532.00 7166
1681069595.3748832 532.00 7173
1681069595.3762455 532.00 7179
1681069595.3778021 532.00 7186
1681069595.379156 532.00 7192
1681069595.380495 532.00 7198
1681069595.3818064 532.00 7204
1681069595.450855 532.00 7211
1681069595.452533 532.00 7217
1681069595.4539402 532.00 7223
1681069595.455385 532.00 7230
1681069595.4567971 532.00 7236
1681069595.4580941 532.00 7242
1681069595.459439 532.00 7248
1681069595.4610767 532.00 7255
1681069595.4624097 532.00 7261
1681069595.4637198 532.00 7267
1681069595.465047 532.00 7274
1681069595.466334 532.00 7280
1681069595.4676018 532.00 7286
1681069595.5325267 532.00 7292
1681069595.5342293 532.00 7299
1681069595.5356946 532.00 7305
1681069595.537155 532.00 7311
1681069595.5385864 532.00 7318
1681069595.539936 532.00 7324
1681069595.5413666 532.00 7330
1681069595.5427413 532.00 7336
1681069595.5442297 532.00 7343
1681069595.5456657 532.00 7349
1681069595.5470557 532.00 7355
1681069595.5483997 532.00 7362
1681069595.5497127 532.00 7368
1681069595.6244683 532.00 7374
1681069595.6269438 532.00 7380
1681069595.6292496 532.00 7387
1681069595.6314502 532.00 7393
1681069595.633662 532.00 7399
1681069595.6358795 532.00 7406
1681069595.6375318 532.00 7412
1681069595.639143 532.00 7418
1681069595.6499093 532.00 7425
1681069595.6526024 532.00 7431
1681069595.6553378 532.00 7437
1681069595.6580043 532.00 7443
1681069595.6606667 532.00 7450
1681069595.6633422 532.00 7456
1681069595.7014532 532.00 7462
1681069595.7024887 532.00 7469
1681069595.7037923 532.00 7475
1681069595.705225 532.00 7481
1681069595.7067854 532.00 7487
1681069595.7086046 532.00 7494
1681069595.7105196 532.00 7500
1681069595.7123313 532.00 7506
1681069595.7140234 532.00 7513
1681069595.7155712 532.00 7519
1681069595.717097 532.00 7525
1681069595.7185745 532.00 7531
1681069595.7199244 532.00 7538
1681069595.7850394 531.00 7544
1681069595.785943 532.00 7550
1681069595.7866766 532.00 7557
1681069595.7874804 532.00 7563
1681069595.7884 532.00 7569
1681069595.78929 532.00 7575
1681069595.7901587 532.00 7582
1681069595.7910252 532.00 7588
1681069595.791887 532.00 7595
1681069595.7927985 532.00 7601
1681069595.7938006 532.00 7607
1681069595.7947066 532.00 7613
1681069595.7955842 532.00 7619
1681069595.7964826 532.00 7626
1681069595.8706048 532.00 7632
1681069595.8720884 532.00 7639
1681069595.8735769 532.00 7645
1681069595.8749921 532.00 7651
1681069595.8764782 532.00 7657
1681069595.8780706 532.00 7663
1681069595.879488 532.00 7670
1681069595.8808916 532.00 7676
1681069595.8823125 532.00 7683
1681069595.8837059 532.00 7689
1681069595.8851728 532.00 7695
1681069595.8866231 532.00 7701
1681069595.8879817 531.00 7707
1681069595.9538975 532.00 7714
1681069595.9555564 532.00 7720
1681069595.9570398 532.00 7727
1681069595.958446 532.00 7733
1681069595.95981 532.00 7739
1681069595.9613378 532.00 7745
1681069595.962729 532.00 7751
1681069595.9640775 532.00 7758
1681069595.9654233 532.00 7764
1681069595.9667149 532.00 7771
1681069595.9680097 532.00 7777
1681069595.9693587 532.00 7783
1681069595.9706614 532.00 7789
1681069596.037922 532.00 7795
1681069596.039509 532.00 7802
1681069596.0408835 532.00 7809
1681069596.042206 532.00 7815
1681069596.0436618 532.00 7821
1681069596.0449185 532.00 7827
1681069596.046227 532.00 7833
1681069596.0475225 532.00 7839
1681069596.0488687 532.00 7845
1681069596.0500998 532.00 7853
1681069596.0512948 532.00 7859
1681069596.0525594 532.00 7865
1681069596.0537667 532.00 7871
1681069596.0549638 532.00 7877
1681069596.122784 532.00 7883
1681069596.1237707 532.00 7889
1681069596.124764 532.00 7897
1681069596.125722 532.00 7903
1681069596.1266873 532.00 7909
1681069596.1276934 532.00 7915
1681069596.128699 532.00 7921
1681069596.1296518 532.00 7927
1681069596.1305947 532.00 7933
1681069596.1315446 532.00 7941
1681069596.132511 532.00 7947
1681069596.133548 532.00 7953
1681069596.1344981 532.00 7959
1681069596.2067244 532.00 7965
1681069596.2085662 532.00 7971
1681069596.2099977 532.00 7977
1681069596.211425 532.00 7985
1681069596.212824 532.00 7991
1681069596.2141924 532.00 7997
1681069596.215565 532.00 8003
1681069596.2169583 532.00 8009
1681069596.2182221 532.00 8015
1681069596.2196548 532.00 8022
1681069596.2210863 532.00 8029
1681069596.2224717 532.00 8035
1681069596.2237809 532.00 8041
1681069596.2250528 532.00 8047
1681069596.2919142 532.00 8053
1681069596.2935107 532.00 8059
1681069596.2950268 532.00 8066
1681069596.2965672 532.00 8073
1681069596.2980664 532.00 8079
1681069596.299575 532.00 8085
1681069596.301331 532.00 8091
1681069596.302717 532.00 8097
1681069596.304216 532.00 8103
1681069596.305742 532.00 8110
1681069596.3072202 532.00 8117
1681069596.3087075 532.00 8123
1681069596.3100586 532.00 8129
1681069596.3754652 532.00 8135
1681069596.378114 532.00 8141
1681069596.3796294 532.00 8147
1681069596.3811314 532.00 8154
1681069596.382565 532.00 8161
1681069596.383933 532.00 8167
1681069596.3852587 532.00 8173
1681069596.386552 532.00 8179
1681069596.3879204 532.00 8185
1681069596.3893428 532.00 8192
1681069596.3906581 532.00 8198
1681069596.391906 532.00 8205
1681069596.3932476 532.00 8211
1681069596.4594047 532.00 8217
1681069596.461385 532.00 8223
1681069596.4628396 532.00 8229
1681069596.464311 532.00 8236
1681069596.4658077 532.00 8242
1681069596.4672363 532.00 8249
1681069596.4686756 532.00 8255
1681069596.4700928 532.00 8261
1681069596.471517 532.00 8267
1681069596.4729712 532.00 8273
1681069596.4743898 532.00 8280
1681069596.4758208 532.00 8286
1681069596.4774656 532.00 8293
1681069596.4788775 532.00 8299
1681069596.544711 532.00 8305
1681069596.5462549 532.00 8311
1681069596.5477445 532.00 8317
1681069596.5491438 532.00 8324
1681069596.5505297 532.00 8330
1681069596.5518882 532.00 8337
1681069596.553235 532.00 8343
1681069596.5546 532.00 8349
1681069596.5559483 532.00 8355
1681069596.5573661 532.00 8361
1681069596.558852 532.00 8368
1681069596.5602825 532.00 8374
1681069596.5616226 532.00 8381
1681069596.6279368 532.00 8387
1681069596.6295373 532.00 8393
1681069596.63089 532.00 8399
1681069596.6322668 532.00 8406
1681069596.6335864 532.00 8412
1681069596.6348915 532.00 8418
1681069596.636246 532.00 8425
1681069596.6375992 532.00 8431
1681069596.6389225 532.00 8437
1681069596.640184 532.00 8443
1681069596.6414201 532.00 8450
1681069596.6426492 532.00 8456
1681069596.643887 532.00 8462
1681069596.645139 532.00 8469
1681069596.713173 532.00 8475
1681069596.7145581 532.00 8481
1681069596.715909 532.00 8487
1681069596.7172816 532.00 8494
1681069596.7186475 532.00 8500
1681069596.7199845 532.00 8506
1681069596.7213404 532.00 8513
1681069596.722663 532.00 8519
1681069596.7239869 532.00 8525
1681069596.7253606 532.00 8531
1681069596.7267003 532.00 8538
1681069596.7280278 532.00 8544
1681069596.7293983 532.00 8550
1681069596.7967577 532.00 8557
1681069596.7984855 532.00 8563
1681069596.7998557 532.00 8569
1681069596.8012261 532.00 8576
1681069596.802523 532.00 8582
1681069596.8038068 532.00 8588
1681069596.8051138 532.00 8594
1681069596.8063974 532.00 8601
1681069596.807679 532.00 8607
1681069596.8089879 532.00 8613
1681069596.8103693 532.00 8620
1681069596.8115728 532.00 8626
1681069596.8128731 532.00 8632
1681069596.8807583 532.00 8638
1681069596.8823159 532.00 8645
1681069596.8836246 532.00 8651
1681069596.8849454 532.00 8657
1681069596.8862267 532.00 8664
1681069596.8875072 532.00 8670
1681069596.888807 532.00 8676
1681069596.890089 532.00 8682
1681069596.891373 532.00 8689
1681069596.8930733 532.00 8695
1681069596.894416 532.00 8701
1681069596.8956273 532.00 8708
1681069596.8968496 532.00 8714
1681069596.8980515 532.00 8720
1681069596.9660616 532.00 8726
1681069596.9675388 532.00 8733
1681069596.9689035 532.00 8739
1681069596.9702137 532.00 8745
1681069596.9715157 532.00 8752
1681069596.9728343 532.00 8758
1681069596.9741333 532.00 8764
1681069596.975424 532.00 8770
1681069596.97688 532.00 8777
1681069596.9782548 532.00 8783
1681069596.9795492 532.00 8790
1681069596.9809048 532.00 8796
1681069596.9822657 532.00 8802
1681069597.049488 532.00 8808
1681069597.0512042 532.00 8814
1681069597.0526786 532.00 8821
1681069597.0540414 532.00 8827
1681069597.0554438 532.00 8834
1681069597.0567558 532.00 8840
1681069597.0580406 532.00 8846
1681069597.059334 532.00 8852
1681069597.0612986 532.00 8858
1681069597.0626738 532.00 8865
1681069597.0639806 532.00 8871
1681069597.065329 532.00 8878
1681069597.0666323 532.00 8884
1681069597.0679283 532.00 8890
1681069597.1346378 532.00 8896
1681069597.1359682 532.00 8902
1681069597.137284 532.00 8909
1681069597.138568 532.00 8915
1681069597.139849 532.00 8922
1681069597.1411903 532.00 8928
1681069597.1425176 532.00 8934
1681069597.1442616 532.00 8940
1681069597.1458886 532.00 8946
1681069597.1472049 532.00 8953
1681069597.148545 532.00 8960
1681069597.149849 532.00 8966
1681069597.1512618 532.00 8972
1681069597.2181618 532.00 8978
1681069597.2198386 532.00 8984
1681069597.2213113 532.00 8990
1681069597.2229154 532.00 8997
1681069597.2245922 532.00 9004
1681069597.226028 532.00 9010
1681069597.2276928 532.00 9016
1681069597.2290313 532.00 9022
1681069597.2303357 532.00 9028
1681069597.2316346 532.00 9034
1681069597.2329473 532.00 9041
1681069597.2342389 532.00 9048
1681069597.2355387 532.00 9054
1681069597.2368524 532.00 9060
1681069597.3035543 532.00 9066
1681069597.3050544 532.00 9072
1681069597.3064947 532.00 9078
1681069597.3079157 532.00 9085
1681069597.3094184 532.00 9092
1681069597.310923 532.00 9098
1681069597.3123748 532.00 9104
1681069597.3136814 532.00 9110
1681069597.3149805 532.00 9116
1681069597.3163815 532.00 9122
1681069597.317687 532.00 9129
1681069597.3190405 532.00 9136
1681069597.3204165 532.00 9142
1681069597.3874161 532.00 9148
1681069597.3887994 532.00 9154
1681069597.3901024 532.00 9160
1681069597.3913958 532.00 9166
1681069597.392711 532.00 9174
1681069597.394109 532.00 9180
1681069597.3954284 532.00 9186
1681069597.3967624 532.00 9192
1681069597.398064 532.00 9198
1681069597.399382 532.00 9204
1681069597.400728 532.00 9210
1681069597.4020264 532.00 9218
1681069597.4033186 532.00 9224
1681069597.4709015 532.00 9230
1681069597.4725177 532.00 9236
1681069597.4738283 532.00 9242
1681069597.4751143 532.00 9248
1681069597.4766002 532.00 9254
1681069597.4780378 532.00 9262
1681069597.479352 532.00 9268
1681069597.4806943 532.00 9274
1681069597.4819973 532.00 9280
1681069597.4833045 532.00 9286
1681069597.4846206 532.00 9292
1681069597.4859202 532.00 9298
1681069597.4872093 532.00 9306
1681069597.488523 532.00 9312
1681069597.5561604 532.00 9318
1681069597.5576482 532.00 9324
1681069597.5590827 532.00 9330
1681069597.5606482 532.00 9336
1681069597.5620956 532.00 9342
1681069597.5634902 532.00 9350
1681069597.564936 532.00 9356
1681069597.5666313 532.00 9362
1681069597.56808 532.00 9368
1681069597.5695782 532.00 9374
1681069597.570939 532.00 9380
1681069597.5722554 532.00 9387
1681069597.573555 532.00 9394
1681069597.6396062 532.00 9400
1681069597.6414878 532.00 9406
1681069597.6430428 532.00 9412
1681069597.6446006 532.00 9418
1681069597.646095 532.00 9424
1681069597.647787 532.00 9431
1681069597.64934 532.00 9438
1681069597.6508152 532.00 9444
1681069597.6521897 532.00 9450
1681069597.6535692 532.00 9456
1681069597.6549308 532.00 9462
1681069597.656347 532.00 9468
1681069597.6577322 532.00 9475
1681069597.659101 532.00 9482
1681069597.7249243 532.00 9488
1681069597.7265153 532.00 9494
1681069597.728156 532.00 9500
1681069597.7297103 532.00 9506
1681069597.7312055 532.00 9512
1681069597.7327688 532.00 9519
1681069597.7342057 532.00 9526
1681069597.7355866 532.00 9532
1681069597.7369938 532.00 9538
1681069597.73838 532.00 9544
1681069597.7397442 532.00 9550
1681069597.7411373 532.00 9556
1681069597.7426963 532.00 9563
1681069597.8089676 532.00 9570
1681069597.8107722 532.00 9576
1681069597.812358 532.00 9582
1681069597.813886 532.00 9588
1681069597.815442 532.00 9594
1681069597.8170183 532.00 9601
1681069597.8184967 532.00 9607
1681069597.8199883 532.00 9614
1681069597.82143 532.00 9620
1681069597.8228948 532.00 9626
1681069597.8243432 532.00 9632
1681069597.825716 532.00 9638
1681069597.8270733 532.00 9645
1681069597.892359 532.00 9651
1681069597.8942406 532.00 9658
1681069597.8957894 532.00 9664
1681069597.8973725 532.00 9670
1681069597.8988764 532.00 9676
1681069597.90043 532.00 9682
1681069597.9019454 532.00 9689
1681069597.9035726 532.00 9695
1681069597.9052217 532.00 9702
1681069597.9067564 532.00 9708
1681069597.908316 532.00 9714
1681069597.909699 532.00 9720
1681069597.911085 532.00 9726
1681069597.9125001 532.00 9733
1681069597.9774907 532.00 9739
1681069597.978908 532.00 9746
1681069597.980384 532.00 9752
1681069597.9818377 532.00 9758
1681069597.9832387 532.00 9764
1681069597.9846396 532.00 9771
1681069597.9860718 532.00 9777
1681069597.987483 532.00 9783
1681069597.988817 532.00 9790
1681069597.990138 532.00 9796
1681069597.9915876 532.00 9802
1681069597.993004 532.00 9808
1681069597.9943259 532.00 9815
1681069598.0609663 532.00 9821
1681069598.0625954 532.00 9827
1681069598.064005 532.00 9834
1681069598.06545 532.00 9840
1681069598.0667942 532.00 9846
1681069598.0680542 532.00 9852
1681069598.069433 532.00 9859
1681069598.0708568 532.00 9865
1681069598.0718884 532.00 9871
1681069598.0728278 532.00 9878
1681069598.0737474 532.00 9884
1681069598.0746524 532.00 9890
1681069598.0755649 532.00 9896
1681069598.0764482 532.00 9903
1681069598.1461291 532.00 9909
1681069598.1475246 532.00 9915
1681069598.1489265 532.00 9922
1681069598.1502852 532.00 9928
1681069598.151552 532.00 9934
1681069598.152932 532.00 9940
1681069598.1544333 532.00 9947
1681069598.1558945 532.00 9953
1681069598.157181 532.00 9959
1681069598.1583955 532.00 9966
1681069598.159611 532.00 9972
1681069598.160852 532.00 9978
1681069598.162066 532.00 9985
1681069598.230367 532.00 9991
1681069598.2318673 532.00 9997
1681069598.2333827 532.00 10003
1681069598.2348204 532.00 10010
1681069598.2362638 532.00 10016
1681069598.2376938 532.00 10022
1681069598.2390623 532.00 10030
1681069598.2405312 532.00 10036
1681069598.2419662 532.00 10042
1681069598.2433133 532.00 10049
1681069598.2446482 532.00 10055
1681069598.245969 532.00 10061
1681069598.2473161 532.00 10067
1681069598.3139484 532.00 10075
1681069598.3156862 532.00 10081
1681069598.3172436 532.00 10087
1681069598.3187118 532.00 10094
1681069598.320187 532.00 10100
1681069598.3216407 532.00 10106
1681069598.3231006 532.00 10114
1681069598.3245654 532.00 10120
1681069598.32611 532.00 10126
1681069598.3279908 532.00 10133
1681069598.3295047 532.00 10139
1681069598.330848 532.00 10145
1681069598.332197 532.00 10152
1681069598.398214 532.00 10159
1681069598.3998845 532.00 10165
1681069598.4013922 532.00 10171
1681069598.4028485 532.00 10178
1681069598.4042964 532.00 10184
1681069598.4057307 532.00 10190
1681069598.407374 532.00 10198
1681069598.4089346 532.00 10204
1681069598.4102886 532.00 10210
1681069598.4116082 532.00 10217
1681069598.4129512 532.00 10223
1681069598.4142778 532.00 10229
1681069598.415592 532.00 10236
1681069598.482463 532.00 10243
1681069598.4842145 532.00 10249
1681069598.485704 532.00 10255
1681069598.4871564 532.00 10262
1681069598.488641 532.00 10268
1681069598.490336 532.00 10274
1681069598.491889 532.00 10281
1681069598.4932804 532.00 10288
1681069598.494653 532.00 10294
1681069598.4959853 532.00 10301
1681069598.4973292 532.00 10307
1681069598.4986587 532.00 10313
1681069598.499977 532.00 10320
1681069598.5666327 532.00 10327
1681069598.5683823 532.00 10333
1681069598.5698307 532.00 10339
1681069598.571157 532.00 10346
1681069598.572492 532.00 10352
1681069598.5741427 532.00 10358
1681069598.575907 532.00 10365
1681069598.577408 532.00 10372
1681069598.5787523 532.00 10378
1681069598.5800755 532.00 10385
1681069598.581474 532.00 10391
1681069598.582812 532.00 10397
1681069598.5841713 532.00 10404
1681069598.6509552 532.00 10411
1681069598.6526752 532.00 10417
1681069598.6540742 532.00 10423
1681069598.6558785 532.00 10430
1681069598.6574605 532.00 10436
1681069598.658832 532.00 10442
1681069598.6605616 532.00 10449
1681069598.6619148 532.00 10456
1681069598.6632395 532.00 10462
1681069598.6645799 532.00 10469
1681069598.6658883 532.00 10475
1681069598.6671174 532.00 10481
1681069598.6684344 532.00 10488
1681069598.7351534 532.00 10494
1681069598.7368605 532.00 10501
1681069598.7384634 532.00 10507
1681069598.7401474 532.00 10514
1681069598.741549 532.00 10520
1681069598.7433217 532.00 10526
1681069598.744827 532.00 10533
1681069598.7461758 532.00 10540
1681069598.7475088 532.00 10546
1681069598.7488563 532.00 10553
1681069598.7501833 532.00 10559
1681069598.7516382 532.00 10565
1681069598.7531645 532.00 10572
1681069598.8194318 532.00 10578
1681069598.8215342 532.00 10585
1681069598.8230722 532.00 10591
1681069598.824895 532.00 10598
1681069598.826893 532.00 10604
1681069598.8284626 532.00 10610
1681069598.8298922 532.00 10617
1681069598.8312662 532.00 10624
1681069598.8326862 532.00 10630
1681069598.8343194 532.00 10637
1681069598.8356924 532.00 10643
1681069598.837045 532.00 10649
1681069598.8383634 532.00 10656
1681069598.903647 532.00 10662
1681069598.9053864 532.00 10669
1681069598.9068787 532.00 10675
1681069598.9085593 532.00 10682
1681069598.9101274 532.00 10688
1681069598.9116154 532.00 10694
1681069598.9130158 532.00 10701
1681069598.9143596 532.00 10707
1681069598.9159656 532.00 10714
1681069598.9174256 532.00 10721
1681069598.9187613 532.00 10727
1681069598.9200814 532.00 10733
1681069598.9214895 532.00 10740
1681069598.9878702 532.00 10746
1681069598.9894943 532.00 10753
1681069598.9909215 532.00 10760
1681069598.9924984 532.00 10766
1681069598.9939566 532.00 10772
1681069598.9952848 532.00 10778
1681069598.9966288 532.00 10785
1681069598.9979603 532.00 10791
1681069598.99928 532.00 10798
1681069599.000616 532.00 10805
1681069599.0019083 532.00 10811
1681069599.0031726 532.00 10817
1681069599.004412 532.00 10824
1681069599.0056343 532.00 10830
1681069599.0734415 532.00 10836
1681069599.074877 532.00 10844
1681069599.076379 532.00 10850
1681069599.0779052 532.00 10856
1681069599.0793405 532.00 10862
1681069599.0808542 532.00 10869
1681069599.0823073 532.00 10875
1681069599.0838246 532.00 10882
1681069599.0853534 532.00 10889
1681069599.086754 532.00 10895
1681069599.0881844 532.00 10901
1681069599.0896 532.00 10908
1681069599.090987 532.00 10914
1681069599.1575513 532.00 10920
1681069599.1589384 532.00 10928
1681069599.160338 532.00 10934
1681069599.161688 532.00 10940
1681069599.1630213 532.00 10946
1681069599.1643646 532.00 10953
1681069599.1656675 532.00 10959
1681069599.1668885 532.00 10966
1681069599.1681256 532.00 10973
1681069599.169353 532.00 10979
1681069599.1705782 532.00 10985
1681069599.1718104 532.00 10992
1681069599.1730473 532.00 10998
1681069599.2418706 532.00 11004
1681069599.2435713 532.00 11012
1681069599.2450197 532.00 11018
1681069599.2463546 532.00 11024
1681069599.2476802 532.00 11030
1681069599.2489924 532.00 11037
1681069599.2502234 532.00 11043
1681069599.2517426 532.00 11049
1681069599.2531586 532.00 11057
1681069599.2544374 532.00 11063
1681069599.2556813 532.00 11069
1681069599.2569602 532.00 11076
1681069599.258229 532.00 11082
1681069599.3264287 532.00 11088
1681069599.327878 532.00 11096
1681069599.3292546 532.00 11102
1681069599.330582 532.00 11108
1681069599.331903 532.00 11114
1681069599.3332589 532.00 11121
1681069599.3349724 532.00 11127
1681069599.3363836 532.00 11133
1681069599.3377159 532.00 11141
1681069599.3389812 532.00 11147
1681069599.3402302 532.00 11153
1681069599.3414524 532.00 11160
1681069599.342706 532.00 11166
1681069599.4105928 532.00 11172
1681069599.4120865 532.00 11180
1681069599.4135938 532.00 11186
1681069599.4150302 532.00 11192
1681069599.416439 532.00 11198
1681069599.4178288 532.00 11205
1681069599.419414 532.00 11211
1681069599.4208515 532.00 11217
1681069599.422237 532.00 11225
1681069599.423609 532.00 11231
1681069599.425021 532.00 11237
1681069599.4264116 532.00 11244
1681069599.4277544 532.00 11250
1681069599.4946482 532.00 11256
1681069599.4961388 532.00 11264
1681069599.4975731 532.00 11270
1681069599.4989727 532.00 11276
1681069599.5003912 532.00 11283
1681069599.5017865 532.00 11289
1681069599.5031903 532.00 11295
1681069599.5045788 532.00 11301
1681069599.5058887 532.00 11309
1681069599.5071278 532.00 11315
1681069599.5084636 532.00 11321
1681069599.509898 532.00 11328
1681069599.5111551 532.00 11334
1681069599.5789292 532.00 11340
1681069599.5803142 532.00 11347
1681069599.5819457 532.00 11354
1681069599.5837681 532.00 11360
1681069599.585151 532.00 11367
1681069599.5864842 532.00 11373
1681069599.5878098 532.00 11379
1681069599.5891469 532.00 11385
1681069599.590452 532.00 11393
1681069599.5916593 532.00 11399
1681069599.593018 532.00 11405
1681069599.5945277 532.00 11412
1681069599.5962107 532.00 11418
1681069599.663416 532.00 11424
1681069599.665247 532.00 11431
1681069599.667145 532.00 11438
1681069599.6685436 532.00 11444
1681069599.6699033 532.00 11451
1681069599.6712224 532.00 11457
1681069599.672578 532.00 11463
1681069599.6739793 532.00 11469
1681069599.6752794 532.00 11476
1681069599.6765456 532.00 11483
1681069599.6777797 532.00 11489
1681069599.6789982 532.00 11496
1681069599.680226 532.00 11502
1681069599.7473807 532.00 11508
1681069599.7489462 532.00 11515
1681069599.750415 532.00 11522
1681069599.7518127 532.00 11528
1681069599.7532132 532.00 11535
1681069599.7545419 532.00 11541
1681069599.755984 532.00 11547
1681069599.7573695 532.00 11553
1681069599.7587078 532.00 11560
1681069599.7600393 532.00 11567
1681069599.7613792 532.00 11573
1681069599.76269 532.00 11580
1681069599.764003 532.00 11586
