1681050910.7296 502.00 1
1681050910.8494854 501.00 50
1681050910.8500295 501.00 52
1681050910.8504462 501.00 53
1681050910.8508706 501.00 56
1681050910.8512864 501.00 61
1681050910.8517113 501.00 65
1681050910.8521497 502.00 70
1681050910.8525922 501.00 75
1681050910.8530588 501.00 80
1681050910.853573 501.00 86
1681050910.8540518 502.00 90
1681050910.8545141 501.00 95
1681050910.8550215 501.00 100
1681050910.855497 501.00 105
1681050910.8560042 502.00 110
1681050910.8564918 502.00 115
1681050910.8569736 501.00 120
1681050910.934918 501.00 125
1681050910.9363196 501.00 131
1681050910.9377022 502.00 136
1681050910.9390419 501.00 141
1681050910.9404285 501.00 146
1681050910.9418046 501.00 151
1681050910.943256 501.00 156
1681050910.9445565 501.00 161
1681050910.9457576 501.00 166
1681050910.9469128 502.00 172
1681050910.9480755 501.00 177
1681050910.9492812 502.00 182
1681050910.9504497 501.00 187
1681050910.9516022 501.00 192
1681050910.952746 501.00 197
1681050910.9539115 502.00 202
1681050911.0182807 501.00 207
1681050911.0198991 502.00 212
1681050911.0213995 501.00 218
1681050911.0228143 501.00 223
1681050911.024299 501.00 228
1681050911.0256886 501.00 233
1681050911.0269911 501.00 238
1681050911.0289054 501.00 243
1681050911.0304275 501.00 248
1681050911.0317028 501.00 253
1681050911.033296 502.00 259
1681050911.0347223 501.00 263
1681050911.0365229 502.00 268
1681050911.0377698 501.00 273
1681050911.038926 501.00 278
1681050911.0400715 501.00 283
1681050911.041531 501.00 288
1681050911.1026773 501.00 293
1681050911.1041267 502.00 299
1681050911.1054246 501.00 304
1681050911.106674 502.00 309
1681050911.1078174 501.00 314
1681050911.1089334 501.00 319
1681050911.110519 501.00 324
1681050911.112589 501.00 329
1681050911.1146367 501.00 334
1681050911.1160953 502.00 339
1681050911.1173863 501.00 345
1681050911.11856 501.00 350
1681050911.1198013 501.00 355
1681050911.1209283 501.00 360
1681050911.1220958 501.00 365
1681050911.123307 501.00 370
1681050911.1867816 501.00 375
1681050911.1884048 501.00 380
1681050911.1897984 501.00 386
1681050911.1910083 501.00 391
1681050911.192209 501.00 396
1681050911.1935406 501.00 401
1681050911.1947825 501.00 406
1681050911.1961002 501.00 411
1681050911.1973417 502.00 416
1681050911.1985803 501.00 421
1681050911.1998007 501.00 427
1681050911.2010095 501.00 432
1681050911.20225 501.00 437
1681050911.2034528 501.00 442
1681050911.2046545 501.00 447
1681050911.2059026 501.00 452
1681050911.2071128 501.00 457
1681050911.271381 501.00 462
1681050911.2729719 501.00 467
1681050911.2743917 501.00 473
1681050911.2757246 501.00 478
1681050911.277051 501.00 483
1681050911.2784097 502.00 488
1681050911.2797458 502.00 493
1681050911.2809598 501.00 498
1681050911.282187 501.00 503
1681050911.283427 501.00 508
1681050911.2846677 501.00 514
1681050911.285921 501.00 519
1681050911.2871673 501.00 524
1681050911.2884266 501.00 530
1681050911.2897003 501.00 535
1681050911.2909596 501.00 541
1681050911.3556938 501.00 546
1681050911.3574004 501.00 552
1681050911.3588634 501.00 558
1681050911.3601406 502.00 564
1681050911.3615284 501.00 569
1681050911.3628166 501.00 575
1681050911.3640819 501.00 580
1681050911.3654976 501.00 586
1681050911.3670077 501.00 591
1681050911.3684063 501.00 598
1681050911.3697646 501.00 603
1681050911.371086 501.00 609
1681050911.3724325 501.00 614
1681050911.3738074 501.00 620
1681050911.3751318 501.00 625
1681050911.4406755 501.00 631
1681050911.4421499 501.00 637
1681050911.4435377 501.00 643
1681050911.4448075 501.00 649
1681050911.4460714 501.00 655
1681050911.4473507 501.00 660
1681050911.448693 501.00 666
1681050911.4500299 501.00 671
1681050911.4515564 501.00 677
1681050911.4528053 501.00 684
1681050911.4540703 501.00 689
1681050911.4553206 500.00 695
1681050911.456559 501.00 701
1681050911.4578538 501.00 706
1681050911.459082 501.00 712
1681050911.5250523 501.00 718
1681050911.5264084 501.00 723
1681050911.527801 501.00 730
1681050911.5290105 501.00 736
1681050911.5302398 499.00 741
1681050911.5314174 501.00 747
1681050911.5328708 501.00 752
1681050911.534106 501.00 758
1681050911.5352914 495.00 764
1681050911.5364563 501.00 770
1681050911.5376623 505.00 776
1681050911.5388377 504.00 782
1681050911.5400069 504.00 787
1681050911.5411992 503.00 793
1681050911.608615 504.00 799
1681050911.6103513 507.00 804
1681050911.6117811 503.00 811
1681050911.6132483 504.00 817
1681050911.6146069 504.00 822
1681050911.6158948 504.00 828
1681050911.6172574 505.00 833
1681050911.6185641 504.00 839
1681050911.6198382 504.00 845
1681050911.6211221 504.00 850
1681050911.622432 504.00 857
1681050911.6237054 495.00 863
1681050911.6249976 504.00 868
1681050911.6264534 504.00 874
1681050911.6277602 504.00 880
1681050911.6936486 504.00 885
1681050911.695121 509.00 891
1681050911.696538 504.00 898
1681050911.6980712 504.00 903
1681050911.6995664 505.00 909
1681050911.7009645 504.00 915
1681050911.7023077 504.00 920
1681050911.7035878 504.00 926
1681050911.704863 501.00 931
1681050911.7061489 505.00 937
1681050911.707614 501.00 944
1681050911.708903 505.00 949
1681050911.7102191 504.00 955
1681050911.711491 504.00 961
1681050911.7770035 504.00 966
1681050911.7787042 504.00 972
1681050911.7800374 504.00 978
1681050911.7813532 504.00 984
1681050911.7826498 504.00 990
1681050911.78397 504.00 996
1681050911.785282 504.00 1001
1681050911.78659 505.00 1007
1681050911.7878144 504.00 1013
1681050911.7890387 505.00 1019
1681050911.7903244 504.00 1026
1681050911.791542 514.00 1032
1681050911.792751 503.00 1038
1681050911.794008 504.00 1044
1681050911.8612437 504.00 1050
1681050911.862794 504.00 1056
1681050911.864128 504.00 1062
1681050911.8655052 504.00 1069
1681050911.8668356 504.00 1075
1681050911.8681424 504.00 1081
1681050911.8694654 504.00 1087
1681050911.8708715 504.00 1093
1681050911.8721879 504.00 1099
1681050911.8735518 504.00 1105
1681050911.8748686 504.00 1112
1681050911.8761744 503.00 1118
1681050911.877499 504.00 1124
1681050911.8788018 504.00 1130
1681050911.9455986 504.00 1136
1681050911.947265 504.00 1142
1681050911.9486368 504.00 1148
1681050911.950012 504.00 1155
1681050911.9513264 504.00 1161
1681050911.952727 504.00 1167
1681050911.9541893 504.00 1173
1681050911.9555087 504.00 1178
1681050911.9568193 513.00 1184
1681050911.9582253 502.00 1190
1681050911.959631 504.00 1197
1681050911.960946 504.00 1203
1681050911.9622898 505.00 1209
1681050911.9635892 504.00 1215
1681050912.030675 504.00 1221
1681050912.0320451 504.00 1227
1681050912.0334215 504.00 1233
1681050912.03474 504.00 1240
1681050912.0360432 504.00 1246
1681050912.037367 504.00 1252
1681050912.0386713 504.00 1258
1681050912.0399811 504.00 1264
1681050912.0412831 504.00 1270
1681050912.042582 504.00 1276
1681050912.0438778 504.00 1283
1681050912.045182 504.00 1289
1681050912.046485 504.00 1295
1681050912.0477765 504.00 1301
1681050912.11521 504.00 1307
1681050912.1167192 504.00 1313
1681050912.1183064 504.00 1319
1681050912.1197524 504.00 1326
1681050912.1211727 504.00 1332
1681050912.1224895 505.00 1338
1681050912.1237974 504.00 1344
1681050912.1250982 504.00 1350
1681050912.126417 504.00 1356
1681050912.1277506 505.00 1362
1681050912.1291182 504.00 1369
1681050912.1305223 504.00 1375
1681050912.1318288 504.00 1381
1681050912.133157 504.00 1387
1681050912.1996534 504.00 1393
1681050912.2012553 504.00 1399
1681050912.2027535 505.00 1405
1681050912.204244 504.00 1412
1681050912.2057714 504.00 1418
1681050912.207121 504.00 1424
1681050912.2085505 504.00 1430
1681050912.2101145 504.00 1435
1681050912.2114868 504.00 1441
1681050912.2128215 504.00 1447
1681050912.214256 504.00 1455
1681050912.2156217 504.00 1461
1681050912.2170634 504.00 1467
1681050912.2826736 504.00 1473
1681050912.283843 504.00 1479
1681050912.2846224 506.00 1485
1681050912.2854009 504.00 1491
1681050912.2861443 504.00 1499
1681050912.2868886 504.00 1505
1681050912.2876327 504.00 1511
1681050912.2883697 503.00 1517
1681050912.2890468 504.00 1523
1681050912.2896738 504.00 1529
1681050912.2902753 504.00 1536
1681050912.2908747 504.00 1543
1681050912.291476 504.00 1549
1681050912.2920787 504.00 1555
1681050912.3680525 504.00 1561
1681050912.3695025 504.00 1567
1681050912.370881 505.00 1573
1681050912.372246 504.00 1580
1681050912.373626 504.00 1587
1681050912.374933 504.00 1593
1681050912.376178 510.00 1599
1681050912.3775098 504.00 1605
1681050912.3787634 504.00 1611
1681050912.3800185 504.00 1617
1681050912.3813918 504.00 1624
1681050912.38285 504.00 1631
1681050912.3843415 502.00 1637
1681050912.451571 504.00 1643
1681050912.4532092 505.00 1649
1681050912.4545631 504.00 1655
1681050912.455999 504.00 1661
1681050912.457371 504.00 1668
1681050912.4587085 504.00 1675
1681050912.4600263 504.00 1681
1681050912.4613924 504.00 1687
1681050912.4627283 504.00 1693
1681050912.4640436 504.00 1699
1681050912.4653256 510.00 1705
1681050912.4665842 504.00 1712
1681050912.4677978 504.00 1719
1681050912.5356214 505.00 1725
1681050912.53736 504.00 1731
1681050912.538737 504.00 1737
1681050912.540071 504.00 1743
1681050912.541432 504.00 1750
1681050912.5428176 504.00 1756
1681050912.5441587 504.00 1763
1681050912.5455081 505.00 1769
1681050912.5468369 504.00 1775
1681050912.5481575 504.00 1781
1681050912.5496416 504.00 1787
1681050912.5509984 504.00 1794
1681050912.552314 504.00 1800
1681050912.5536492 504.00 1807
1681050912.6208775 504.00 1813
1681050912.622473 504.00 1819
1681050912.6239529 504.00 1825
1681050912.6254394 504.00 1831
1681050912.6269035 504.00 1838
1681050912.6283498 503.00 1845
1681050912.629748 504.00 1851
1681050912.6311758 504.00 1857
1681050912.632569 504.00 1863
1681050912.6339636 504.00 1869
1681050912.6354418 504.00 1875
1681050912.6367896 504.00 1882
1681050912.6381578 504.00 1888
1681050912.7043347 504.00 1895
1681050912.7060597 504.00 1901
1681050912.7075171 504.00 1907
1681050912.70896 505.00 1913
1681050912.710421 504.00 1920
1681050912.7119567 505.00 1926
1681050912.7133925 504.00 1932
1681050912.714725 504.00 1939
1681050912.7161117 504.00 1945
1681050912.717487 504.00 1951
1681050912.7188091 504.00 1957
1681050912.720125 505.00 1964
1681050912.7214484 504.00 1970
1681050912.7227619 504.00 1976
1681050912.7895458 505.00 1983
1681050912.7909331 504.00 1989
1681050912.7925427 504.00 1995
1681050912.7939677 504.00 2001
1681050912.795299 504.00 2008
1681050912.7966347 504.00 2014
1681050912.7980757 504.00 2020
1681050912.7995493 504.00 2027
1681050912.8008873 501.00 2033
1681050912.802242 506.00 2039
1681050912.8035336 504.00 2045
1681050912.8048785 504.00 2052
1681050912.8062515 504.00 2058
1681050912.8732452 504.00 2064
1681050912.8750637 504.00 2071
1681050912.8766115 504.00 2077
1681050912.8782012 504.00 2083
1681050912.8797648 504.00 2089
1681050912.88123 504.00 2096
1681050912.8826208 504.00 2102
1681050912.8839476 504.00 2108
1681050912.885439 504.00 2115
1681050912.8870342 504.00 2121
1681050912.8883593 504.00 2127
1681050912.889709 504.00 2134
1681050912.8911521 504.00 2140
1681050912.9571235 504.00 2146
1681050912.958856 504.00 2152
1681050912.9602096 504.00 2159
1681050912.9615552 504.00 2165
1681050912.9628682 504.00 2171
1681050912.964227 504.00 2178
1681050912.9656658 504.00 2184
1681050912.9669893 506.00 2190
1681050912.9683015 504.00 2196
1681050912.96963 504.00 2203
1681050912.9709404 504.00 2209
1681050912.972273 502.00 2215
1681050912.973613 504.00 2222
1681050912.974928 512.00 2228
1681050913.0423572 505.00 2234
1681050913.043727 505.00 2240
1681050913.0451536 504.00 2247
1681050913.0465791 504.00 2253
1681050913.047904 501.00 2259
1681050913.0492516 504.00 2266
1681050913.0505786 504.00 2272
1681050913.0519066 504.00 2278
1681050913.0532436 504.00 2284
1681050913.054553 504.00 2291
1681050913.0558567 504.00 2297
1681050913.0571742 504.00 2304
1681050913.058484 504.00 2310
1681050913.1257725 504.00 2316
1681050913.1274543 504.00 2322
1681050913.1287942 504.00 2328
1681050913.1301677 504.00 2335
1681050913.131729 504.00 2341
1681050913.1333306 504.00 2348
1681050913.1346853 506.00 2354
1681050913.1361668 504.00 2360
1681050913.1375263 505.00 2366
1681050913.1388526 504.00 2372
1681050913.140173 504.00 2379
1681050913.1415837 504.00 2385
1681050913.142905 504.00 2392
1681050913.1442232 504.00 2398
1681050913.2111657 504.00 2404
1681050913.2127764 504.00 2410
1681050913.214362 504.00 2416
1681050913.2157555 504.00 2423
1681050913.217175 502.00 2429
1681050913.2185822 504.00 2436
1681050913.2199774 504.00 2442
1681050913.2214086 504.00 2448
1681050913.222797 504.00 2454
1681050913.2244189 504.00 2460
1681050913.2258575 504.00 2467
1681050913.2272458 505.00 2473
1681050913.2286556 504.00 2480
1681050913.2944767 504.00 2486
1681050913.2963815 504.00 2492
1681050913.2979188 504.00 2498
1681050913.2994142 504.00 2504
1681050913.3007915 504.00 2511
1681050913.3021407 504.00 2518
1681050913.3034525 504.00 2524
1681050913.3051808 504.00 2530
1681050913.3065531 504.00 2536
1681050913.30789 504.00 2542
1681050913.309252 504.00 2548
1681050913.3105886 504.00 2555
1681050913.3119113 504.00 2562
1681050913.3784192 504.00 2568
1681050913.3799994 504.00 2574
1681050913.381406 504.00 2580
1681050913.3829014 504.00 2586
1681050913.3842342 504.00 2592
1681050913.3857691 505.00 2599
1681050913.3871336 504.00 2606
1681050913.388487 504.00 2612
1681050913.38987 504.00 2618
1681050913.3911045 504.00 2624
1681050913.39232 504.00 2630
1681050913.3935695 504.00 2636
1681050913.3948073 504.00 2643
1681050913.39602 506.00 2650
1681050913.4634209 504.00 2656
1681050913.464325 504.00 2662
1681050913.465233 504.00 2668
1681050913.466209 504.00 2674
1681050913.4671319 504.00 2680
1681050913.4680274 504.00 2688
1681050913.4689095 504.00 2694
1681050913.4698248 504.00 2700
1681050913.470702 504.00 2706
1681050913.4715717 504.00 2712
1681050913.472437 504.00 2718
1681050913.4733396 504.00 2724
1681050913.4742248 504.00 2732
1681050913.547168 504.00 2738
1681050913.5490904 504.00 2744
1681050913.5508053 504.00 2750
1681050913.5522091 504.00 2756
1681050913.5537107 504.00 2762
1681050913.5550497 504.00 2768
1681050913.556389 504.00 2776
1681050913.5577495 504.00 2782
1681050913.5590534 504.00 2788
1681050913.5606587 504.00 2794
1681050913.5622454 504.00 2800
1681050913.5639362 504.00 2806
1681050913.5657825 504.00 2812
1681050913.5671768 504.00 2820
1681050913.6325107 503.00 2826
1681050913.6340106 504.00 2832
1681050913.635514 504.00 2838
1681050913.6370082 504.00 2844
1681050913.6384711 504.00 2850
1681050913.6398351 504.00 2856
1681050913.6414292 504.00 2864
1681050913.6429665 503.00 2870
1681050913.6444275 504.00 2876
1681050913.6458557 505.00 2882
1681050913.64721 504.00 2888
1681050913.648503 504.00 2894
1681050913.6498322 504.00 2900
1681050913.7158623 504.00 2908
1681050913.7175767 504.00 2914
1681050913.7189999 504.00 2920
1681050913.7204192 504.00 2926
1681050913.7218325 504.00 2932
1681050913.7231705 504.00 2938
1681050913.7247522 504.00 2945
1681050913.7262535 504.00 2952
1681050913.72766 504.00 2958
1681050913.7289624 504.00 2964
1681050913.7302737 504.00 2970
1681050913.731551 504.00 2976
1681050913.7328312 504.00 2982
1681050913.7999463 504.00 2989
1681050913.8016043 504.00 2996
1681050913.80297 504.00 3002
1681050913.8043277 504.00 3008
1681050913.8056843 504.00 3014
1681050913.8070123 504.00 3020
1681050913.8083236 503.00 3026
1681050913.809672 504.00 3033
1681050913.8110263 504.00 3040
1681050913.8123426 504.00 3046
1681050913.8136904 504.00 3052
1681050913.8151662 504.00 3058
1681050913.8166134 504.00 3064
1681050913.8180585 504.00 3070
1681050913.885293 504.00 3077
1681050913.886912 504.00 3084
1681050913.888321 504.00 3090
1681050913.8896835 504.00 3096
1681050913.8910024 504.00 3102
1681050913.8923147 504.00 3108
1681050913.893712 504.00 3115
1681050913.8950276 504.00 3121
1681050913.8962498 504.00 3128
1681050913.8976223 504.00 3134
1681050913.899192 504.00 3140
1681050913.9004383 504.00 3146
1681050913.9016852 504.00 3152
1681050913.968621 504.00 3159
1681050913.970383 504.00 3165
1681050913.9718602 504.00 3172
1681050913.973374 504.00 3178
1681050913.9749048 504.00 3184
1681050913.9763532 504.00 3190
1681050913.9778657 504.00 3196
1681050913.9793103 504.00 3203
1681050913.9808335 506.00 3209
1681050913.982598 504.00 3216
1681050913.9847913 504.00 3222
1681050913.9862416 504.00 3228
1681050913.9875872 504.00 3234
1681050913.988908 503.00 3240
1681050914.0541594 504.00 3247
1681050914.0556574 504.00 3253
1681050914.0571575 504.00 3260
1681050914.0587068 504.00 3266
1681050914.0602293 504.00 3272
1681050914.0615864 504.00 3278
1681050914.0628972 504.00 3284
1681050914.064306 504.00 3291
1681050914.065909 504.00 3297
1681050914.0672884 504.00 3304
1681050914.068604 504.00 3310
1681050914.069961 504.00 3316
1681050914.0713592 504.00 3322
1681050914.1374006 504.00 3329
1681050914.1389837 504.00 3335
1681050914.140375 504.00 3341
1681050914.141767 504.00 3348
1681050914.1431088 504.00 3354
1681050914.1444623 504.00 3360
1681050914.1458359 504.00 3366
1681050914.1472497 504.00 3373
1681050914.1486073 504.00 3379
1681050914.149916 503.00 3385
1681050914.15119 504.00 3392
1681050914.1524398 504.00 3398
1681050914.153734 502.00 3404
1681050914.1549752 504.00 3410
1681050914.2226777 504.00 3417
1681050914.2242024 504.00 3423
1681050914.2257288 504.00 3429
1681050914.2271514 504.00 3436
1681050914.2284734 503.00 3442
1681050914.2298856 504.00 3448
1681050914.2313013 504.00 3454
1681050914.2329845 504.00 3461
1681050914.234419 504.00 3467
1681050914.2358115 504.00 3473
1681050914.2371578 499.00 3479
1681050914.238505 504.00 3486
1681050914.239815 504.00 3492
1681050914.3060164 504.00 3499
1681050914.3065476 504.00 3505
1681050914.3070352 504.00 3511
1681050914.3075154 504.00 3517
1681050914.3080006 504.00 3524
1681050914.3084838 504.00 3530
1681050914.3089972 504.00 3536
1681050914.3095672 504.00 3543
1681050914.3101056 504.00 3549
1681050914.310641 504.00 3555
1681050914.3111784 504.00 3561
1681050914.3117127 504.00 3567
1681050914.312246 504.00 3574
1681050914.3901281 501.00 3580
1681050914.3917868 504.00 3587
1681050914.393283 504.00 3593
1681050914.394895 504.00 3599
1681050914.396673 504.00 3605
1681050914.3983023 504.00 3612
1681050914.3996985 504.00 3618
1681050914.401072 504.00 3624
1681050914.4025354 510.00 3631
1681050914.4039085 504.00 3637
1681050914.4053366 504.00 3643
1681050914.4068196 504.00 3649
1681050914.4082634 504.00 3655
1681050914.409696 504.00 3662
1681050914.4754353 504.00 3668
1681050914.4768622 504.00 3675
1681050914.478342 504.00 3681
1681050914.479785 504.00 3687
1681050914.4812305 504.00 3693
1681050914.4826262 504.00 3699
1681050914.483992 504.00 3706
1681050914.4854066 504.00 3713
1681050914.486816 504.00 3719
1681050914.488241 504.00 3725
1681050914.489633 504.00 3731
1681050914.4910116 504.00 3737
1681050914.4922638 504.00 3744
1681050914.5589082 504.00 3750
1681050914.5605059 504.00 3757
1681050914.5618994 504.00 3763
1681050914.5632002 504.00 3769
1681050914.5645733 504.00 3775
1681050914.5658717 504.00 3781
1681050914.5673344 504.00 3787
1681050914.5686717 503.00 3794
1681050914.5700662 504.00 3801
1681050914.5712864 504.00 3807
1681050914.5724862 504.00 3813
1681050914.5737417 504.00 3819
1681050914.5749698 504.00 3825
1681050914.5761821 504.00 3831
1681050914.6441255 504.00 3838
1681050914.645692 504.00 3845
1681050914.647062 504.00 3851
1681050914.6486254 504.00 3857
1681050914.6501603 504.00 3863
1681050914.6517537 504.00 3869
1681050914.6532333 504.00 3875
1681050914.654557 504.00 3883
1681050914.6558652 504.00 3889
1681050914.6571817 504.00 3895
1681050914.6584892 504.00 3901
1681050914.6597896 504.00 3907
1681050914.6610923 504.00 3913
1681050914.7282138 504.00 3919
1681050914.7296286 504.00 3927
1681050914.7311792 504.00 3933
1681050914.732955 504.00 3939
1681050914.7343733 504.00 3945
1681050914.7356913 503.00 3951
1681050914.7370062 504.00 3957
1681050914.7383642 504.00 3963
1681050914.7396743 504.00 3971
1681050914.7409775 504.00 3977
1681050914.7423286 504.00 3983
1681050914.7436578 504.00 3989
1681050914.7452686 504.00 3995
1681050914.8115227 504.00 4001
1681050914.8131344 504.00 4007
1681050914.8144836 504.00 4015
1681050914.8157983 504.00 4021
1681050914.8173885 504.00 4027
1681050914.8191707 504.00 4033
1681050914.820552 504.00 4039
1681050914.8219025 504.00 4045
1681050914.823235 504.00 4051
1681050914.8245578 504.00 4059
1681050914.825884 504.00 4065
1681050914.8271923 504.00 4071
1681050914.8284984 504.00 4077
1681050914.8298216 504.00 4083
1681050914.8969648 504.00 4089
1681050914.8985655 504.00 4096
1681050914.89995 504.00 4103
1681050914.9014459 504.00 4109
1681050914.902778 504.00 4115
1681050914.9041152 504.00 4121
1681050914.905449 504.00 4127
1681050914.9067702 504.00 4133
1681050914.9080958 504.00 4140
1681050914.9094307 504.00 4147
1681050914.9107788 504.00 4153
1681050914.9121733 504.00 4159
1681050914.9135695 504.00 4165
1681050914.9802792 504.00 4171
1681050914.9824524 504.00 4177
1681050914.9849296 504.00 4184
1681050914.9872687 504.00 4191
1681050914.9890325 504.00 4197
1681050914.9905255 504.00 4203
1681050914.9919322 504.00 4209
1681050914.9933753 502.00 4215
1681050914.994699 504.00 4221
1681050914.9960032 504.00 4228
1681050914.9973462 504.00 4235
1681050914.9986746 504.00 4241
1681050915.0000763 504.00 4247
1681050915.0014546 504.00 4253
1681050915.0656881 504.00 4259
1681050915.0676095 504.00 4265
1681050915.0690887 499.00 4272
1681050915.0705602 504.00 4279
1681050915.072 504.00 4285
1681050915.0734587 504.00 4291
1681050915.0749004 504.00 4297
1681050915.0762897 504.00 4303
1681050915.0777328 504.00 4310
1681050915.079385 504.00 4316
1681050915.080726 504.00 4323
1681050915.0820842 503.00 4329
1681050915.0833907 504.00 4335
1681050915.1497045 504.00 4341
1681050915.1512108 504.00 4347
1681050915.1526647 504.00 4354
1681050915.1541011 506.00 4360
1681050915.1555433 503.00 4367
1681050915.1568859 504.00 4373
1681050915.1582372 504.00 4379
1681050915.1599045 503.00 4385
1681050915.1612837 504.00 4391
1681050915.162629 504.00 4398
1681050915.1639435 504.00 4404
1681050915.1652813 504.00 4411
1681050915.1666048 504.00 4417
1681050915.2330437 503.00 4423
1681050915.2346885 507.00 4429
1681050915.2360253 503.00 4435
1681050915.2373838 504.00 4442
1681050915.2390723 504.00 4448
1681050915.2404277 498.00 4455
1681050915.2417884 503.00 4461
1681050915.2431877 503.00 4467
1681050915.244517 503.00 4473
1681050915.2458496 503.00 4480
1681050915.2471523 503.00 4486
1681050915.248457 503.00 4492
1681050915.2497935 503.00 4499
1681050915.2510304 503.00 4505
1681050915.3183522 503.00 4511
1681050915.3198814 503.00 4517
1681050915.3212311 503.00 4524
1681050915.3225653 503.00 4530
1681050915.323898 503.00 4536
1681050915.3253326 503.00 4543
1681050915.3266702 503.00 4549
1681050915.3279817 503.00 4555
1681050915.3293064 503.00 4561
1681050915.3306198 503.00 4568
1681050915.3319724 503.00 4574
1681050915.3333435 503.00 4580
1681050915.3346806 504.00 4587
1681050915.401462 504.00 4593
1681050915.4020054 503.00 4599
1681050915.4024491 503.00 4605
1681050915.4029107 503.00 4612
1681050915.4034579 503.00 4618
1681050915.4039655 503.00 4624
1681050915.4044943 503.00 4631
1681050915.4049916 503.00 4637
1681050915.405535 503.00 4643
1681050915.4060416 503.00 4649
1681050915.406559 503.00 4656
1681050915.4070551 503.00 4662
1681050915.4075696 503.00 4668
1681050915.4080658 503.00 4675
1681050915.4861722 503.00 4681
1681050915.4866474 503.00 4687
1681050915.487107 503.00 4694
1681050915.487565 503.00 4700
1681050915.4880176 503.00 4706
1681050915.4884748 503.00 4712
1681050915.488942 503.00 4719
1681050915.4893584 504.00 4725
1681050915.4897733 503.00 4731
1681050915.4902282 503.00 4738
1681050915.4906824 503.00 4744
1681050915.4911637 503.00 4750
1681050915.491634 504.00 4756
1681050915.5702057 503.00 4763
1681050915.5707526 503.00 4769
1681050915.5711577 503.00 4775
1681050915.5715592 503.00 4782
1681050915.571939 503.00 4788
1681050915.5723274 503.00 4794
1681050915.5727074 503.00 4800
1681050915.5730822 503.00 4807
1681050915.573477 503.00 4813
1681050915.5738516 503.00 4819
1681050915.5742302 503.00 4826
1681050915.574609 503.00 4832
1681050915.5750043 503.00 4838
1681050915.6544673 503.00 4844
1681050915.655939 503.00 4851
1681050915.6571975 503.00 4857
1681050915.6584213 503.00 4864
1681050915.6596172 502.00 4870
1681050915.6608093 503.00 4876
1681050915.6620502 503.00 4882
1681050915.6632476 503.00 4888
1681050915.6645947 500.00 4895
1681050915.6658545 503.00 4901
1681050915.6670554 503.00 4908
1681050915.668266 503.00 4914
1681050915.6694925 503.00 4920
1681050915.670694 503.00 4926
1681050915.7397528 503.00 4932
1681050915.7411928 503.00 4939
1681050915.742551 503.00 4945
1681050915.7439468 503.00 4952
1681050915.745311 503.00 4958
1681050915.7466285 503.00 4964
1681050915.747932 503.00 4970
1681050915.7492886 503.00 4976
1681050915.7506135 503.00 4983
1681050915.7518802 502.00 4989
1681050915.7531962 503.00 4996
1681050915.7544591 503.00 5002
1681050915.7556477 503.00 5008
1681050915.8232195 503.00 5014
1681050915.8248878 503.00 5020
1681050915.8262916 503.00 5027
1681050915.8275964 503.00 5033
1681050915.8288913 503.00 5040
1681050915.8302455 503.00 5046
1681050915.8315952 503.00 5052
1681050915.8328888 503.00 5058
1681050915.8342266 503.00 5064
1681050915.8355205 503.00 5071
1681050915.836828 501.00 5078
1681050915.8382702 502.00 5084
1681050915.8396115 503.00 5090
1681050915.8409338 503.00 5096
1681050915.908562 502.00 5102
1681050915.9102256 503.00 5108
1681050915.9115653 504.00 5115
1681050915.9128716 504.00 5122
1681050915.9142199 504.00 5128
1681050915.9155202 505.00 5134
1681050915.9168227 506.00 5140
1681050915.918132 507.00 5146
1681050915.919483 505.00 5152
1681050915.9208264 508.00 5159
1681050915.9221907 509.00 5166
1681050915.9235322 509.00 5172
1681050915.9248278 510.00 5178
1681050915.9919062 511.00 5184
1681050915.9937212 512.00 5190
1681050915.9950986 512.00 5196
1681050915.9964435 513.00 5203
1681050915.9978209 513.00 5210
1681050915.9991548 514.00 5216
1681050916.0005157 515.00 5222
1681050916.001888 515.00 5228
1681050916.0032444 516.00 5234
1681050916.0047898 516.00 5240
1681050916.0062087 517.00 5248
1681050916.0076294 518.00 5254
1681050916.0089886 518.00 5260
1681050916.0759845 519.00 5266
1681050916.0776138 520.00 5272
1681050916.0789323 521.00 5278
1681050916.0802267 521.00 5284
1681050916.0816398 522.00 5292
1681050916.0832057 522.00 5298
1681050916.0849626 523.00 5304
1681050916.086368 523.00 5310
1681050916.0876794 523.00 5316
1681050916.0889804 524.00 5322
1681050916.0903025 524.00 5328
1681050916.091594 524.00 5336
1681050916.0928898 524.00 5342
1681050916.0942187 525.00 5348
1681050916.16125 525.00 5354
1681050916.1628618 525.00 5360
1681050916.1647239 525.00 5366
1681050916.166237 526.00 5372
1681050916.1675696 526.00 5380
1681050916.168889 526.00 5386
1681050916.1702266 527.00 5392
1681050916.1715364 527.00 5398
1681050916.1728344 527.00 5404
1681050916.1741526 527.00 5410
1681050916.1754575 527.00 5416
1681050916.1769426 528.00 5424
1681050916.1784701 528.00 5430
1681050916.2446034 528.00 5436
1681050916.2462137 529.00 5442
1681050916.2475812 529.00 5448
1681050916.248901 529.00 5454
1681050916.2502263 529.00 5460
1681050916.2515233 529.00 5468
1681050916.2528117 530.00 5474
1681050916.2541158 530.00 5480
1681050916.2553022 530.00 5486
1681050916.2564895 530.00 5492
1681050916.2578273 530.00 5498
1681050916.2590258 530.00 5505
1681050916.2602234 530.00 5512
1681050916.2614396 530.00 5518
1681050916.3299932 530.00 5524
1681050916.3315167 530.00 5530
1681050916.3328662 530.00 5536
1681050916.3342128 530.00 5542
1681050916.335508 530.00 5549
1681050916.3367982 530.00 5556
1681050916.338278 530.00 5562
1681050916.3396025 530.00 5568
1681050916.3409286 530.00 5574
1681050916.3423886 531.00 5580
1681050916.3438072 530.00 5586
1681050916.3452177 531.00 5593
1681050916.3465323 531.00 5600
1681050916.4134715 531.00 5606
1681050916.4151552 531.00 5612
1681050916.4166925 531.00 5618
1681050916.4181075 531.00 5624
1681050916.4197295 531.00 5630
1681050916.4211612 531.00 5637
1681050916.4225626 531.00 5644
1681050916.4239333 547.00 5650
1681050916.4253268 531.00 5656
1681050916.4265792 531.00 5662
1681050916.427807 531.00 5668
1681050916.429033 531.00 5675
1681050916.4303355 531.00 5681
1681050916.4974418 531.00 5688
1681050916.4993548 531.00 5694
1681050916.5008502 531.00 5700
1681050916.5024383 531.00 5706
1681050916.503946 531.00 5712
1681050916.505423 531.00 5719
1681050916.506765 531.00 5725
1681050916.5080912 531.00 5732
1681050916.5094683 531.00 5738
1681050916.5107994 531.00 5744
1681050916.5121129 531.00 5750
1681050916.5134728 531.00 5756
1681050916.5148368 531.00 5763
1681050916.5160744 531.00 5769
1681050916.5828066 531.00 5776
1681050916.5844135 531.00 5782
1681050916.5858705 531.00 5788
1681050916.587239 531.00 5794
1681050916.5885758 531.00 5800
1681050916.5899303 531.00 5807
1681050916.5912802 531.00 5813
1681050916.5926154 531.00 5820
1681050916.5939677 531.00 5826
1681050916.5953236 531.00 5832
1681050916.5967286 531.00 5838
1681050916.598076 531.00 5844
1681050916.5994358 531.00 5851
1681050916.6661623 531.00 5857
1681050916.6679218 531.00 5864
1681050916.6695743 531.00 5870
1681050916.6709685 531.00 5876
1681050916.6724079 531.00 5882
1681050916.673808 531.00 5889
1681050916.6751487 531.00 5895
1681050916.6765132 531.00 5901
1681050916.6778755 531.00 5908
1681050916.6792958 531.00 5914
1681050916.6807585 531.00 5920
1681050916.6821394 531.00 5926
1681050916.6835017 531.00 5933
1681050916.6847441 531.00 5939
1681050916.751498 531.00 5945
1681050916.7530303 531.00 5952
1681050916.7545967 531.00 5958
1681050916.7561476 531.00 5964
1681050916.757775 531.00 5970
1681050916.7591999 532.00 5977
1681050916.7613628 531.00 5983
1681050916.7627401 532.00 5989
1681050916.764056 531.00 5996
1681050916.7655334 531.00 6002
1681050916.7669058 531.00 6008
1681050916.7682588 531.00 6014
1681050916.7697103 532.00 6021
1681050916.8348007 532.00 6027
1681050916.8363469 531.00 6033
1681050916.8376997 531.00 6040
1681050916.8389475 532.00 6046
1681050916.8401682 531.00 6052
1681050916.8414602 531.00 6059
1681050916.8427954 531.00 6065
1681050916.844102 532.00 6071
1681050916.845347 532.00 6077
1681050916.846572 532.00 6084
1681050916.8478024 532.00 6090
1681050916.8490188 531.00 6096
1681050916.850302 532.00 6103
1681050916.918883 532.00 6109
1681050916.9204943 532.00 6115
1681050916.9218576 532.00 6121
1681050916.9231687 532.00 6128
1681050916.9247692 531.00 6134
1681050916.9261854 531.00 6140
1681050916.927503 531.00 6147
1681050916.928814 531.00 6153
1681050916.9303617 532.00 6159
1681050916.9317465 531.00 6165
1681050916.933075 532.00 6172
1681050916.934444 532.00 6178
1681050916.9358857 532.00 6184
1681050916.9373682 531.00 6191
1681050917.0041928 532.00 6197
1681050917.005623 532.00 6203
1681050917.0070145 532.00 6209
1681050917.008603 532.00 6216
1681050917.0100367 532.00 6222
1681050917.011404 532.00 6228
1681050917.0127413 531.00 6235
1681050917.014303 532.00 6241
1681050917.0157456 531.00 6247
1681050917.0171506 532.00 6253
1681050917.0184906 531.00 6260
1681050917.0198047 532.00 6266
1681050917.0211318 532.00 6273
1681050917.0877619 532.00 6279
1681050917.0906072 532.00 6285
1681050917.0920277 532.00 6291
1681050917.0934825 532.00 6297
1681050917.0948367 532.00 6304
1681050917.0961616 532.00 6310
1681050917.097506 532.00 6317
1681050917.0988367 532.00 6323
1681050917.100151 532.00 6329
1681050917.1014833 532.00 6335
1681050917.1028078 532.00 6341
1681050917.1041305 532.00 6348
1681050917.105463 532.00 6354
1681050917.106784 532.00 6361
1681050917.1728213 532.00 6367
1681050917.174244 532.00 6373
1681050917.1756833 532.00 6379
1681050917.1770995 532.00 6385
1681050917.1784563 532.00 6392
1681050917.1797657 531.00 6398
1681050917.1812503 532.00 6405
1681050917.182675 532.00 6411
1681050917.1841204 532.00 6417
1681050917.1855257 532.00 6423
1681050917.1868727 532.00 6429
1681050917.1882045 532.00 6436
1681050917.1896193 532.00 6443
1681050917.2562711 532.00 6449
1681050917.258116 532.00 6455
1681050917.2596743 531.00 6461
1681050917.2610202 532.00 6467
1681050917.262388 532.00 6473
1681050917.263858 532.00 6480
1681050917.265639 532.00 6487
1681050917.266982 532.00 6493
1681050917.268321 532.00 6499
1681050917.2696705 532.00 6505
1681050917.270993 532.00 6511
1681050917.2725706 532.00 6517
1681050917.274081 532.00 6524
1681050917.275441 532.00 6531
1681050917.3415186 532.00 6537
1681050917.34278 532.00 6543
1681050917.3439934 532.00 6549
1681050917.345233 532.00 6555
1681050917.3464653 532.00 6561
1681050917.3480444 532.00 6568
1681050917.3493125 532.00 6575
1681050917.350524 532.00 6581
1681050917.3520606 532.00 6587
1681050917.3540683 532.00 6593
1681050917.3562226 532.00 6599
1681050917.3584185 532.00 6605
1681050917.3606174 532.00 6612
1681050917.4252176 532.00 6619
1681050917.426266 532.00 6625
1681050917.4273148 531.00 6631
1681050917.4283454 532.00 6637
1681050917.4293962 532.00 6643
1681050917.430475 532.00 6649
1681050917.4316576 532.00 6657
1681050917.432859 532.00 6663
1681050917.43393 532.00 6669
1681050917.4349773 532.00 6675
1681050917.4360278 532.00 6681
1681050917.4370666 532.00 6687
1681050917.4381356 532.00 6693
1681050917.5089502 532.00 6700
1681050917.5099347 532.00 6707
1681050917.5107667 532.00 6713
1681050917.5116684 532.00 6719
1681050917.5126574 531.00 6725
1681050917.5134828 531.00 6731
1681050917.5142806 532.00 6737
1681050917.5150523 532.00 6744
1681050917.5158405 532.00 6751
1681050917.516629 532.00 6757
1681050917.517447 532.00 6763
1681050917.518239 532.00 6769
1681050917.5190182 532.00 6775
1681050917.5198045 532.00 6781
1681050917.59462 532.00 6788
1681050917.5961664 532.00 6795
1681050917.5978 532.00 6801
1681050917.599308 532.00 6807
1681050917.6007288 532.00 6813
1681050917.6020913 532.00 6819
1681050917.6034586 532.00 6825
1681050917.6048079 532.00 6832
1681050917.6061625 532.00 6839
1681050917.6077783 532.00 6845
1681050917.6092107 532.00 6851
1681050917.6105855 532.00 6857
1681050917.6118548 532.00 6863
1681050917.6777003 532.00 6870
1681050917.6794546 532.00 6876
1681050917.6809738 532.00 6883
1681050917.6824934 532.00 6889
1681050917.6839035 532.00 6895
1681050917.6853428 532.00 6901
1681050917.686704 532.00 6907
1681050917.6880832 532.00 6914
1681050917.6895027 532.00 6920
1681050917.6908689 532.00 6927
1681050917.6922305 532.00 6933
1681050917.6935587 532.00 6939
1681050917.6948104 532.00 6945
1681050917.6960568 532.00 6951
1681050917.7629445 532.00 6958
1681050917.7645385 532.00 6964
1681050917.76604 532.00 6971
1681050917.7674398 532.00 6977
1681050917.7687402 532.00 6983
1681050917.7700827 532.00 6989
1681050917.7714374 531.00 6995
1681050917.7727683 532.00 7002
1681050917.7741156 532.00 7008
1681050917.775487 532.00 7015
1681050917.7767682 532.00 7021
1681050917.7780936 532.00 7027
1681050917.7795186 532.00 7033
1681050917.847111 532.00 7040
1681050917.8485575 532.00 7046
1681050917.849967 532.00 7052
1681050917.8513358 532.00 7059
1681050917.852676 532.00 7065
1681050917.8540606 532.00 7071
1681050917.8553941 532.00 7077
1681050917.8567133 532.00 7084
1681050917.858007 532.00 7090
1681050917.8592987 532.00 7096
1681050917.8605444 532.00 7103
1681050917.8618226 532.00 7109
1681050917.8631516 532.00 7115
1681050917.9304438 532.00 7121
1681050917.9321952 532.00 7128
1681050917.9337192 532.00 7134
1681050917.9351232 532.00 7140
1681050917.9365633 532.00 7147
1681050917.9379852 532.00 7153
1681050917.941401 532.00 7159
1681050917.9429016 532.00 7165
1681050917.9441633 532.00 7172
1681050917.9454694 532.00 7178
1681050917.9467278 532.00 7184
1681050917.9483373 532.00 7191
1681050917.949677 532.00 7197
1681050917.9509342 532.00 7203
1681050918.015776 532.00 7209
1681050918.0171938 532.00 7216
1681050918.018579 532.00 7222
1681050918.0199277 532.00 7228
1681050918.0213184 532.00 7235
1681050918.0226605 532.00 7241
1681050918.024002 532.00 7247
1681050918.0256205 532.00 7254
1681050918.0272799 532.00 7260
1681050918.0286176 532.00 7266
1681050918.0299125 532.00 7272
1681050918.0315099 532.00 7279
1681050918.0327759 532.00 7285
1681050918.0991957 532.00 7291
1681050918.1009424 532.00 7298
1681050918.1025155 532.00 7304
1681050918.1040256 532.00 7310
1681050918.1055732 532.00 7316
1681050918.1070538 532.00 7323
1681050918.1084385 533.00 7329
1681050918.1098123 532.00 7335
1681050918.1111448 532.00 7342
1681050918.1124895 532.00 7348
1681050918.1139107 532.00 7354
1681050918.1152287 532.00 7360
1681050918.1165287 533.00 7367
1681050918.1178644 532.00 7373
1681050918.1835082 532.00 7379
1681050918.1838768 532.00 7386
1681050918.1842785 532.00 7392
1681050918.1846426 532.00 7398
1681050918.1850188 532.00 7404
1681050918.1854117 532.00 7411
1681050918.1857774 532.00 7417
1681050918.1861768 532.00 7424
1681050918.1865854 533.00 7430
1681050918.1869996 533.00 7436
1681050918.1874433 532.00 7442
1681050918.1878772 532.00 7448
1681050918.188297 532.00 7455
1681050918.26856 532.00 7461
1681050918.2702696 532.00 7468
1681050918.2717886 532.00 7474
1681050918.2733479 532.00 7480
1681050918.274854 532.00 7486
1681050918.276373 532.00 7492
1681050918.2778203 532.00 7499
1681050918.2791798 532.00 7505
1681050918.280682 532.00 7512
1681050918.2820854 532.00 7518
1681050918.2834775 532.00 7524
1681050918.2849183 532.00 7530
1681050918.2863617 532.00 7536
1681050918.3519905 532.00 7543
1681050918.3536432 532.00 7549
1681050918.3550308 532.00 7556
1681050918.3563824 532.00 7562
1681050918.3577874 533.00 7568
1681050918.3590431 532.00 7574
1681050918.3602984 532.00 7580
1681050918.361554 532.00 7587
1681050918.3629377 532.00 7593
1681050918.3643045 532.00 7600
1681050918.3655746 532.00 7606
1681050918.3668125 532.00 7612
1681050918.3680465 532.00 7618
1681050918.3693256 532.00 7624
1681050918.4373186 532.00 7631
1681050918.4387977 532.00 7638
1681050918.4401665 532.00 7644
1681050918.4416606 532.00 7650
1681050918.4430475 532.00 7656
1681050918.4443967 532.00 7662
1681050918.4457693 532.00 7668
1681050918.4473684 532.00 7675
1681050918.4487329 532.00 7682
1681050918.4501317 532.00 7688
1681050918.4515064 532.00 7694
1681050918.4529257 532.00 7700
1681050918.4543006 532.00 7706
1681050918.5206833 532.00 7712
1681050918.5224996 532.00 7719
1681050918.5240343 532.00 7726
1681050918.5254667 532.00 7732
1681050918.5268497 532.00 7738
1681050918.528317 532.00 7744
1681050918.529709 532.00 7750
1681050918.5310602 532.00 7756
1681050918.5324497 532.00 7763
1681050918.5338314 532.00 7770
1681050918.535181 532.00 7776
1681050918.53651 533.00 7782
1681050918.5377834 532.00 7788
1681050918.5390298 532.00 7794
1681050918.606061 532.00 7800
1681050918.6076064 532.00 7808
1681050918.6091383 532.00 7814
1681050918.610652 532.00 7820
1681050918.6120348 532.00 7826
1681050918.6134338 532.00 7832
1681050918.614796 532.00 7838
1681050918.6161296 532.00 7844
1681050918.6175117 532.00 7852
1681050918.61887 532.00 7858
1681050918.6202142 532.00 7864
1681050918.6215892 532.00 7870
1681050918.6228545 532.00 7876
1681050918.6894615 532.00 7882
1681050918.6910503 532.00 7888
1681050918.6924453 532.00 7896
1681050918.6938488 532.00 7902
1681050918.695082 532.00 7908
1681050918.6964376 532.00 7914
1681050918.6978354 532.00 7920
1681050918.6990836 532.00 7926
1681050918.7003376 532.00 7932
1681050918.7015874 532.00 7940
1681050918.7028377 532.00 7946
1681050918.7040806 532.00 7952
1681050918.7053754 532.00 7958
1681050918.773252 532.00 7964
1681050918.7744446 532.00 7970
1681050918.7755182 532.00 7976
1681050918.7765417 532.00 7984
1681050918.7775557 532.00 7990
1681050918.7785554 532.00 7996
1681050918.7795515 532.00 8002
1681050918.7806208 532.00 8008
1681050918.781711 532.00 8014
1681050918.7826898 533.00 8020
1681050918.7835758 532.00 8028
1681050918.7847996 532.00 8034
1681050918.7858498 532.00 8040
1681050918.7863314 532.00 8046
1681050918.8580918 532.00 8052
1681050918.858909 533.00 8058
1681050918.8597078 533.00 8065
1681050918.8604922 532.00 8072
1681050918.8614216 532.00 8078
1681050918.8622425 532.00 8084
1681050918.8633292 532.00 8090
1681050918.8641436 532.00 8096
1681050918.8649297 532.00 8102
1681050918.865736 532.00 8109
1681050918.8665147 532.00 8116
1681050918.8672957 532.00 8122
1681050918.8680677 532.00 8128
1681050918.942175 532.00 8134
1681050918.9438033 532.00 8140
1681050918.945204 532.00 8146
1681050918.9466913 532.00 8153
1681050918.9480746 532.00 8160
1681050918.94943 533.00 8166
1681050918.9506764 532.00 8172
1681050918.9519162 532.00 8178
1681050918.9531627 532.00 8184
1681050918.9544375 532.00 8190
1681050918.9557428 532.00 8197
1681050918.9569979 532.00 8204
1681050918.9582913 532.00 8210
1681050918.9595199 532.00 8216
1681050919.0275688 532.00 8222
1681050919.0290968 532.00 8228
1681050919.030565 532.00 8235
1681050919.0319498 532.00 8241
1681050919.0333533 532.00 8248
1681050919.0347219 532.00 8254
1681050919.0364573 532.00 8260
1681050919.0378668 532.00 8266
1681050919.0392764 532.00 8272
1681050919.0406132 532.00 8279
1681050919.0419908 532.00 8285
1681050919.0432222 532.00 8292
1681050919.0444715 532.00 8298
1681050919.110906 532.00 8304
1681050919.1126828 532.00 8310
1681050919.1142504 532.00 8316
1681050919.115676 532.00 8323
1681050919.1174374 532.00 8329
1681050919.1188066 532.00 8336
1681050919.1201482 532.00 8342
1681050919.121527 532.00 8348
1681050919.1228633 532.00 8354
1681050919.1241953 532.00 8360
1681050919.1255596 532.00 8367
1681050919.1268458 532.00 8373
1681050919.1283917 532.00 8380
1681050919.1949222 532.00 8386
1681050919.1972933 532.00 8392
1681050919.1988745 532.00 8398
1681050919.20025 532.00 8404
1681050919.2016604 532.00 8411
1681050919.2030194 532.00 8417
1681050919.2044022 532.00 8424
1681050919.2057781 532.00 8430
1681050919.2071135 532.00 8436
1681050919.2087607 532.00 8442
1681050919.210228 532.00 8449
1681050919.2115266 532.00 8455
1681050919.212768 532.00 8461
1681050919.2140248 532.00 8468
1681050919.280438 532.00 8474
1681050919.2820504 532.00 8480
1681050919.2835393 532.00 8486
1681050919.285012 532.00 8493
1681050919.2863858 532.00 8499
1681050919.2878835 532.00 8505
1681050919.289335 532.00 8512
1681050919.2906895 533.00 8518
1681050919.2920322 532.00 8524
1681050919.2934322 532.00 8530
1681050919.2947958 533.00 8537
1681050919.2961495 533.00 8543
1681050919.2976658 532.00 8549
1681050919.3635952 532.00 8556
1681050919.3653986 532.00 8562
1681050919.3669178 532.00 8568
1681050919.368441 532.00 8574
1681050919.369973 532.00 8581
1681050919.371431 532.00 8587
1681050919.3728418 532.00 8593
1681050919.37433 532.00 8600
1681050919.3756785 532.00 8606
1681050919.377026 532.00 8612
1681050919.3784344 532.00 8619
1681050919.379786 532.00 8625
1681050919.3811598 532.00 8631
1681050919.3825986 532.00 8637
1681050919.4488502 532.00 8644
1681050919.4504476 532.00 8650
1681050919.451851 532.00 8656
1681050919.4532073 532.00 8663
1681050919.4545534 532.00 8669
1681050919.4559355 532.00 8675
1681050919.4573252 532.00 8681
1681050919.4586558 532.00 8688
1681050919.4600034 532.00 8694
1681050919.4613745 532.00 8700
1681050919.463414 532.00 8707
1681050919.4658244 532.00 8713
1681050919.4678085 532.00 8719
1681050919.5322638 532.00 8725
1681050919.5338888 532.00 8732
1681050919.5352466 532.00 8738
1681050919.5365918 532.00 8744
1681050919.5379603 532.00 8751
1681050919.5393457 532.00 8757
1681050919.5406756 532.00 8763
1681050919.5420465 532.00 8769
1681050919.5434105 532.00 8776
1681050919.544748 532.00 8782
1681050919.546027 532.00 8788
1681050919.5473452 532.00 8795
1681050919.5486658 532.00 8801
1681050919.6164293 532.00 8807
1681050919.6180696 532.00 8813
1681050919.619398 532.00 8820
1681050919.6207037 532.00 8826
1681050919.6220407 532.00 8833
1681050919.623337 532.00 8839
1681050919.6250517 532.00 8845
1681050919.626609 532.00 8851
1681050919.6284053 532.00 8857
1681050919.6301923 532.00 8864
1681050919.6315389 532.00 8870
1681050919.6327667 532.00 8877
1681050919.6340172 532.00 8883
1681050919.6352208 533.00 8889
1681050919.7007983 533.00 8895
1681050919.7012377 533.00 8901
1681050919.701645 532.00 8908
1681050919.7021592 532.00 8914
1681050919.702698 533.00 8921
1681050919.7032125 532.00 8927
1681050919.703705 532.00 8933
1681050919.7042007 533.00 8939
1681050919.7046728 532.00 8945
1681050919.705202 532.00 8952
1681050919.7057006 532.00 8958
1681050919.706256 532.00 8965
1681050919.7067904 532.00 8971
1681050919.7849038 532.00 8977
1681050919.785467 532.00 8983
1681050919.785999 532.00 8989
1681050919.7863848 532.00 8996
1681050919.7867637 532.00 9003
1681050919.787171 532.00 9009
1681050919.7876348 532.00 9015
1681050919.788058 532.00 9021
1681050919.7884738 532.00 9027
1681050919.7889152 532.00 9033
1681050919.789346 532.00 9040
1681050919.7897701 532.00 9047
1681050919.7901852 533.00 9053
1681050919.790601 532.00 9059
1681050919.870824 532.00 9065
1681050919.873269 532.00 9071
1681050919.8753595 532.00 9077
1681050919.8768847 532.00 9084
1681050919.8783689 532.00 9091
1681050919.8798077 532.00 9097
1681050919.881209 533.00 9103
1681050919.8825605 533.00 9109
1681050919.883882 532.00 9115
1681050919.8852339 532.00 9121
1681050919.8865547 532.00 9128
1681050919.8879573 532.00 9135
1681050919.8892791 532.00 9141
1681050919.9536464 532.00 9147
1681050919.9552302 532.00 9153
1681050919.9565296 532.00 9159
1681050919.957894 532.00 9165
1681050919.959205 532.00 9172
1681050919.9605336 532.00 9179
1681050919.9618373 532.00 9185
1681050919.963048 532.00 9191
1681050919.9642546 532.00 9197
1681050919.9655154 532.00 9203
1681050919.9667358 532.00 9209
1681050919.9679444 532.00 9217
1681050919.9691634 532.00 9223
1681050920.037797 532.00 9229
1681050920.0394306 533.00 9235
1681050920.0408826 532.00 9241
1681050920.0423188 532.00 9247
1681050920.0437148 532.00 9253
1681050920.0451262 533.00 9261
1681050920.0466473 532.00 9267
1681050920.0480216 532.00 9273
1681050920.0496075 532.00 9279
1681050920.050986 532.00 9285
1681050920.0523615 532.00 9291
1681050920.0537634 532.00 9297
1681050920.0552266 532.00 9305
1681050920.0568826 532.00 9311
1681050920.1231925 533.00 9317
1681050920.124701 532.00 9323
1681050920.1262178 532.00 9329
1681050920.127684 532.00 9335
1681050920.1291544 532.00 9341
1681050920.130731 532.00 9349
1681050920.1322901 532.00 9355
1681050920.1338792 532.00 9361
1681050920.1352081 532.00 9367
1681050920.1365325 533.00 9373
1681050920.137895 532.00 9379
1681050920.139203 532.00 9385
1681050920.140507 532.00 9393
1681050920.2065635 532.00 9399
1681050920.2082846 532.00 9405
1681050920.2099931 533.00 9411
1681050920.21174 532.00 9417
1681050920.2132242 533.00 9423
1681050920.2146394 532.00 9430
1681050920.2161474 532.00 9437
1681050920.2176495 532.00 9443
1681050920.2190828 532.00 9449
1681050920.2204895 532.00 9455
1681050920.2219348 533.00 9461
1681050920.22329 532.00 9467
1681050920.2246628 532.00 9474
1681050920.2260666 532.00 9481
1681050920.2917705 532.00 9487
1681050920.2932787 532.00 9493
1681050920.294704 532.00 9499
1681050920.2962918 532.00 9505
1681050920.2980204 532.00 9511
1681050920.299763 533.00 9518
1681050920.3012629 532.00 9525
1681050920.3025992 533.00 9531
1681050920.3039093 532.00 9537
1681050920.3052487 532.00 9543
1681050920.3065898 532.00 9549
1681050920.3078978 532.00 9555
1681050920.3092303 532.00 9562
1681050920.3753054 532.00 9569
1681050920.377045 532.00 9575
1681050920.3785074 532.00 9581
1681050920.3802667 532.00 9587
1681050920.382174 532.00 9593
1681050920.3835099 532.00 9600
1681050920.3849013 532.00 9606
1681050920.3862886 532.00 9613
1681050920.3875988 532.00 9619
1681050920.388899 532.00 9625
1681050920.3902252 532.00 9631
1681050920.3918004 532.00 9637
1681050920.3933053 532.00 9644
1681050920.394789 532.00 9650
1681050920.4606154 532.00 9657
1681050920.462138 532.00 9663
1681050920.463827 533.00 9669
1681050920.465417 532.00 9675
1681050920.466739 532.00 9681
1681050920.468055 532.00 9688
1681050920.4693768 532.00 9694
1681050920.4707077 532.00 9701
1681050920.472417 532.00 9707
1681050920.4738207 532.00 9713
1681050920.4751408 532.00 9719
1681050920.476449 532.00 9725
1681050920.4777696 532.00 9732
1681050920.5444667 532.00 9738
1681050920.5460951 532.00 9745
1681050920.5475824 532.00 9751
1681050920.5489113 532.00 9757
1681050920.550265 532.00 9763
1681050920.5519593 533.00 9769
1681050920.5533593 533.00 9776
1681050920.5546832 532.00 9782
1681050920.5559914 532.00 9789
1681050920.5573158 532.00 9795
1681050920.558631 532.00 9801
1681050920.5599344 532.00 9807
1681050920.5612514 532.00 9814
1681050920.6280217 532.00 9820
1681050920.629909 532.00 9826
1681050920.6312025 532.00 9833
1681050920.6326742 532.00 9839
1681050920.6340728 532.00 9845
1681050920.6352952 532.00 9851
1681050920.6365054 532.00 9858
1681050920.6377492 532.00 9864
1681050920.6389573 532.00 9870
1681050920.6401541 532.00 9877
1681050920.6413722 532.00 9883
1681050920.642583 532.00 9889
1681050920.6437867 532.00 9895
1681050920.645172 532.00 9902
1681050920.7134292 532.00 9908
1681050920.7148056 532.00 9914
1681050920.7163577 533.00 9920
1681050920.717909 533.00 9927
1681050920.719237 532.00 9933
1681050920.7205453 532.00 9939
1681050920.7218957 532.00 9946
1681050920.723206 532.00 9952
1681050920.7245135 532.00 9958
1681050920.7258384 532.00 9964
1681050920.7271643 533.00 9971
1681050920.7284913 532.00 9977
1681050920.7303472 532.00 9984
1681050920.7967632 532.00 9990
1681050920.7984912 532.00 9996
1681050920.7999725 532.00 10002
1681050920.801381 532.00 10009
1681050920.8028579 532.00 10015
1681050920.804165 532.00 10021
1681050920.805492 532.00 10029
1681050920.8068264 532.00 10035
1681050920.808149 532.00 10041
1681050920.8095 532.00 10048
1681050920.810817 532.00 10054
1681050920.8121305 533.00 10060
1681050920.813454 532.00 10066
1681050920.8810008 532.00 10074
1681050920.8829622 532.00 10080
1681050920.884755 532.00 10086
1681050920.8863037 532.00 10093
1681050920.887647 532.00 10099
1681050920.8890934 532.00 10105
1681050920.8905468 532.00 10113
1681050920.8918784 532.00 10119
1681050920.8932726 532.00 10125
1681050920.8947027 532.00 10132
1681050920.8968182 532.00 10138
1681050920.898533 532.00 10144
1681050920.9000232 532.00 10150
1681050920.9652781 532.00 10158
1681050920.9670107 532.00 10164
1681050920.9685013 532.00 10170
1681050920.9699838 532.00 10177
1681050920.971428 532.00 10183
1681050920.9728777 532.00 10189
1681050920.9742 532.00 10196
1681050920.9755049 532.00 10203
1681050920.9768114 532.00 10209
1681050920.9781406 532.00 10216
1681050920.9797778 532.00 10222
1681050920.9816399 532.00 10228
1681050920.9830835 532.00 10234
1681050921.0495157 533.00 10242
1681050921.0512192 532.00 10248
1681050921.0526917 532.00 10254
1681050921.0541759 532.00 10261
1681050921.0554957 532.00 10267
1681050921.0568228 532.00 10273
1681050921.0581603 532.00 10280
1681050921.059468 532.00 10287
1681050921.0607738 532.00 10293
1681050921.0621123 532.00 10300
1681050921.063756 532.00 10306
1681050921.06519 532.00 10312
1681050921.066549 532.00 10318
1681050921.1336973 532.00 10326
1681050921.1352594 532.00 10332
1681050921.1366 532.00 10338
1681050921.1379566 532.00 10345
1681050921.1393023 532.00 10351
1681050921.1406147 532.00 10357
1681050921.1421063 532.00 10364
1681050921.143505 532.00 10371
1681050921.1448576 532.00 10377
1681050921.1462374 532.00 10384
1681050921.1476436 532.00 10390
1681050921.148997 533.00 10396
1681050921.1503818 532.00 10402
1681050921.2179933 532.00 10409
1681050921.2197113 532.00 10416
1681050921.221234 532.00 10422
1681050921.2227647 532.00 10429
1681050921.2243822 532.00 10435
1681050921.2259066 532.00 10441
1681050921.2272482 532.00 10448
1681050921.228753 532.00 10455
1681050921.2303224 532.00 10461
1681050921.2316658 532.00 10468
1681050921.233253 532.00 10474
1681050921.2347124 532.00 10480
1681050921.2362027 532.00 10486
1681050921.302262 532.00 10493
1681050921.3044786 532.00 10500
1681050921.3060908 532.00 10506
1681050921.3075907 532.00 10513
1681050921.3089633 532.00 10519
1681050921.3103344 532.00 10525
1681050921.311652 533.00 10532
1681050921.3133135 532.00 10539
1681050921.3147123 532.00 10545
1681050921.3160677 532.00 10552
1681050921.3174167 532.00 10558
1681050921.3187616 532.00 10564
1681050921.3200958 533.00 10571
1681050921.3217306 532.00 10577
1681050921.3877773 532.00 10584
1681050921.3895702 532.00 10590
1681050921.3912253 532.00 10597
1681050921.3925757 532.00 10603
1681050921.3939283 532.00 10609
1681050921.3954926 532.00 10616
1681050921.3969738 532.00 10622
1681050921.3983474 532.00 10629
1681050921.3996744 532.00 10636
1681050921.4009943 532.00 10642
1681050921.402616 532.00 10648
1681050921.4040968 532.00 10655
1681050921.4054651 532.00 10661
1681050921.4721303 532.00 10668
1681050921.4736955 532.00 10674
1681050921.4752684 532.00 10681
1681050921.476778 532.00 10687
1681050921.4783099 532.00 10693
1681050921.4800537 532.00 10700
1681050921.481437 532.00 10706
1681050921.4828043 532.00 10713
1681050921.484153 532.00 10720
1681050921.4855127 532.00 10726
1681050921.4868536 532.00 10732
1681050921.4881752 532.00 10739
1681050921.4895158 532.00 10745
1681050921.5563812 532.00 10752
1681050921.5579588 532.00 10758
1681050921.5594144 533.00 10765
1681050921.5608597 532.00 10771
1681050921.5623422 532.00 10777
1681050921.5644474 532.00 10784
1681050921.5660686 532.00 10790
1681050921.5674875 532.00 10797
1681050921.5688114 532.00 10804
1681050921.5701568 532.00 10810
1681050921.5714786 532.00 10816
1681050921.5728045 532.00 10823
1681050921.5741467 532.00 10829
