1681070229.9172328 495.00 1
1681070230.0374296 495.00 50
1681070230.0390322 495.00 52
1681070230.04038 495.00 54
1681070230.041656 495.00 56
1681070230.0429099 495.00 61
1681070230.0441606 495.00 65
1681070230.0453885 495.00 70
1681070230.0466037 495.00 75
1681070230.047818 495.00 80
1681070230.049082 495.00 86
1681070230.0502954 495.00 91
1681070230.0515127 495.00 95
1681070230.0529592 495.00 100
1681070230.0544648 495.00 106
1681070230.055802 495.00 111
1681070230.0570772 495.00 116
1681070230.1215026 495.00 122
1681070230.1231012 495.00 128
1681070230.1245034 495.00 134
1681070230.1258664 495.00 139
1681070230.1271915 495.00 145
1681070230.1285498 492.00 150
1681070230.1298957 493.00 156
1681070230.1312172 492.00 161
1681070230.1325867 492.00 167
1681070230.1342027 492.00 173
1681070230.1355977 492.00 179
1681070230.137028 492.00 184
1681070230.1383874 492.00 190
1681070230.1397583 492.00 195
1681070230.141018 493.00 201
1681070230.142256 493.00 206
1681070230.2070286 492.00 212
1681070230.2085478 492.00 218
1681070230.2099597 492.00 224
1681070230.2113245 492.00 230
1681070230.2127016 492.00 235
1681070230.214402 492.00 241
1681070230.215816 492.00 247
1681070230.217175 493.00 252
1681070230.2185082 492.00 259
1681070230.219858 492.00 265
1681070230.2212179 492.00 270
1681070230.2225456 493.00 276
1681070230.2238917 492.00 281
1681070230.2252495 492.00 287
1681070230.290228 492.00 293
1681070230.291839 493.00 299
1681070230.293259 492.00 305
1681070230.2946107 492.00 311
1681070230.295968 492.00 316
1681070230.2973306 493.00 322
1681070230.2986581 492.00 328
1681070230.2999978 493.00 333
1681070230.301357 492.00 339
1681070230.3026795 497.00 346
1681070230.3040228 493.00 351
1681070230.3053808 492.00 357
1681070230.3067563 492.00 362
1681070230.308067 492.00 368
1681070230.3093095 492.00 374
1681070230.375427 494.00 379
1681070230.3769145 493.00 386
1681070230.37829 496.00 392
1681070230.3796642 492.00 397
1681070230.3810976 492.00 403
1681070230.382467 492.00 409
1681070230.3838432 492.00 414
1681070230.385231 492.00 420
1681070230.3866346 492.00 427
1681070230.3879766 493.00 432
1681070230.3893232 492.00 438
1681070230.390598 492.00 444
1681070230.391849 492.00 449
1681070230.3931043 492.00 455
1681070230.4588506 490.00 460
1681070230.4605448 492.00 466
1681070230.4621034 492.00 473
1681070230.4635305 492.00 478
1681070230.4649482 492.00 484
1681070230.4662874 492.00 490
1681070230.4676387 492.00 495
1681070230.4690502 496.00 501
1681070230.4704523 492.00 507
1681070230.4718623 492.00 513
1681070230.473262 492.00 519
1681070230.4746244 492.00 525
1681070230.476004 492.00 530
1681070230.4774039 492.00 536
1681070230.4787812 492.00 541
1681070230.544137 492.00 547
1681070230.5456975 492.00 553
1681070230.5472164 492.00 559
1681070230.5487702 492.00 565
1681070230.550111 492.00 571
1681070230.5514636 492.00 576
1681070230.5529442 492.00 582
1681070230.5543203 492.00 588
1681070230.555692 492.00 593
1681070230.5571048 492.00 600
1681070230.558467 492.00 606
1681070230.559846 492.00 611
1681070230.5612152 492.00 617
1681070230.5625522 492.00 622
1681070230.6273243 492.00 628
1681070230.6291249 492.00 634
1681070230.6306393 492.00 640
1681070230.6320207 492.00 646
1681070230.6335094 492.00 652
1681070230.6349864 492.00 657
1681070230.6364362 492.00 663
1681070230.637842 492.00 669
1681070230.6392303 491.00 674
1681070230.6406553 492.00 680
1681070230.6420293 492.00 687
1681070230.643603 492.00 692
1681070230.6451678 492.00 698
1681070230.6465259 492.00 704
1681070230.6485405 492.00 709
1681070230.7125504 492.00 715
1681070230.7153623 494.00 720
1681070230.717901 492.00 727
1681070230.7207787 499.00 733
1681070230.7233365 492.00 738
1681070230.725882 492.00 744
1681070230.7283556 492.00 750
1681070230.7296991 492.00 755
1681070230.7309527 492.00 761
1681070230.7322016 492.00 768
1681070230.7336574 492.00 773
1681070230.7350767 492.00 779
1681070230.73625 492.00 785
1681070230.7373376 492.00 790
1681070230.738239 492.00 796
1681070230.7970781 493.00 801
1681070230.7989979 492.00 807
1681070230.8005261 492.00 814
1681070230.8019001 492.00 819
1681070230.8035314 492.00 825
1681070230.804881 492.00 831
1681070230.8061345 492.00 836
1681070230.807379 492.00 842
1681070230.8086357 492.00 848
1681070230.809886 492.00 854
1681070230.8112798 493.00 860
1681070230.812715 493.00 866
1681070230.8139825 492.00 871
1681070230.8152158 492.00 877
1681070230.8804355 492.00 882
1681070230.8820858 492.00 888
1681070230.883573 492.00 894
1681070230.8853264 492.00 900
1681070230.8871415 492.00 906
1681070230.8886044 492.00 912
1681070230.889986 492.00 917
1681070230.8913178 492.00 923
1681070230.8926828 492.00 929
1681070230.8940554 492.00 934
1681070230.8953872 492.00 941
1681070230.89676 492.00 947
1681070230.8982668 492.00 952
1681070230.8998063 492.00 958
1681070230.901204 492.00 964
1681070230.9657462 492.00 969
1681070230.9672456 492.00 975
1681070230.968642 495.00 980
1681070230.9700046 496.00 987
1681070230.9713407 495.00 993
1681070230.9727 495.00 998
1681070230.9740763 495.00 1004
1681070230.9754446 495.00 1010
1681070230.9768798 496.00 1016
1681070230.978316 496.00 1022
1681070230.979692 498.00 1029
1681070230.9811137 496.00 1035
1681070230.982474 495.00 1041
1681070230.9838552 496.00 1047
1681070231.049654 496.00 1053
1681070231.0510921 495.00 1059
1681070231.0525088 495.00 1065
1681070231.053965 496.00 1072
1681070231.0554433 496.00 1078
1681070231.0569859 496.00 1084
1681070231.0583627 496.00 1090
1681070231.0597563 496.00 1096
1681070231.061153 496.00 1102
1681070231.0625234 496.00 1108
1681070231.063918 496.00 1115
1681070231.0653276 496.00 1121
1681070231.0667543 496.00 1127
1681070231.0682085 496.00 1133
1681070231.1343143 495.00 1139
1681070231.136079 496.00 1145
1681070231.1379206 496.00 1152
1681070231.139319 496.00 1158
1681070231.1407435 496.00 1164
1681070231.1421173 496.00 1170
1681070231.1434832 496.00 1176
1681070231.1449378 496.00 1182
1681070231.146313 496.00 1188
1681070231.147694 496.00 1193
1681070231.1491444 496.00 1200
1681070231.1505797 496.00 1206
1681070231.1520083 496.00 1212
1681070231.217326 495.00 1218
1681070231.2190576 496.00 1224
1681070231.2205458 497.00 1230
1681070231.2221227 496.00 1236
1681070231.223603 496.00 1243
1681070231.2250361 496.00 1249
1681070231.2264125 496.00 1255
1681070231.227801 496.00 1261
1681070231.229183 496.00 1267
1681070231.2305665 496.00 1273
1681070231.2319496 495.00 1280
1681070231.233329 496.00 1286
1681070231.2346902 496.00 1292
1681070231.2359974 496.00 1298
1681070231.3016717 496.00 1304
1681070231.3035207 496.00 1310
1681070231.3053493 496.00 1316
1681070231.307525 496.00 1323
1681070231.3099685 496.00 1329
1681070231.3131783 496.00 1335
1681070231.3176908 496.00 1341
1681070231.3208084 496.00 1347
1681070231.323621 495.00 1353
1681070231.326417 496.00 1359
1681070231.32915 496.00 1366
1681070231.3318765 496.00 1372
1681070231.3349543 496.00 1378
1681070231.3379993 496.00 1384
1681070231.3862236 501.00 1390
1681070231.3886733 496.00 1396
1681070231.391174 496.00 1402
1681070231.3934457 496.00 1409
1681070231.3956192 496.00 1415
1681070231.3978436 496.00 1421
1681070231.4000263 496.00 1427
1681070231.4022167 497.00 1433
1681070231.4044955 496.00 1439
1681070231.4068027 496.00 1445
1681070231.4084165 496.00 1451
1681070231.409645 496.00 1457
1681070231.4106624 496.00 1463
1681070231.4115436 496.00 1469
1681070231.470937 495.00 1475
1681070231.4720387 496.00 1481
1681070231.4730713 495.00 1487
1681070231.4744215 496.00 1494
1681070231.4756021 496.00 1500
1681070231.476838 496.00 1507
1681070231.4780192 496.00 1513
1681070231.4791818 496.00 1519
1681070231.4803376 496.00 1525
1681070231.4815247 496.00 1531
1681070231.4826872 496.00 1538
1681070231.4838626 496.00 1544
1681070231.4850376 496.00 1551
1681070231.5546901 496.00 1557
1681070231.556896 496.00 1563
1681070231.5584917 496.00 1569
1681070231.560041 496.00 1575
1681070231.5615969 496.00 1582
1681070231.5631268 495.00 1588
1681070231.5646155 496.00 1595
1681070231.5661354 492.00 1601
1681070231.5675073 495.00 1607
1681070231.569156 496.00 1613
1681070231.57094 496.00 1619
1681070231.5723748 496.00 1626
1681070231.5737994 496.00 1632
1681070231.5751653 495.00 1639
1681070231.6400938 496.00 1645
1681070231.6417367 496.00 1651
1681070231.643284 496.00 1657
1681070231.64485 496.00 1664
1681070231.6462026 496.00 1670
1681070231.6476038 496.00 1676
1681070231.649014 496.00 1683
1681070231.6503882 496.00 1689
1681070231.6517787 496.00 1695
1681070231.653182 495.00 1701
1681070231.6545765 496.00 1708
1681070231.655977 496.00 1714
1681070231.6573615 496.00 1720
1681070231.7233326 496.00 1727
1681070231.7251143 495.00 1733
1681070231.7265255 496.00 1739
1681070231.7279456 495.00 1745
1681070231.7293475 495.00 1752
1681070231.730751 496.00 1758
1681070231.7321377 496.00 1764
1681070231.7335138 495.00 1771
1681070231.7349088 496.00 1777
1681070231.7363062 500.00 1783
1681070231.7377043 495.00 1789
1681070231.7391026 496.00 1796
1681070231.7405083 496.00 1802
1681070231.7419083 496.00 1808
1681070231.8086157 496.00 1815
1681070231.810127 495.00 1821
1681070231.811548 496.00 1827
1681070231.8131177 496.00 1833
1681070231.8145225 496.00 1840
1681070231.8159385 496.00 1846
1681070231.8173625 496.00 1852
1681070231.8187888 495.00 1859
1681070231.8202088 496.00 1865
1681070231.8216293 495.00 1871
1681070231.823084 496.00 1878
1681070231.8245237 496.00 1884
1681070231.8259146 495.00 1890
1681070231.8928056 496.00 1896
1681070231.8943899 496.00 1903
1681070231.8959363 496.00 1909
1681070231.8974419 502.00 1915
1681070231.89884 496.00 1922
1681070231.9002266 496.00 1928
1681070231.9016125 495.00 1934
1681070231.9033043 495.00 1940
1681070231.904811 496.00 1947
1681070231.906195 496.00 1953
1681070231.907581 496.00 1959
1681070231.9090247 495.00 1966
1681070231.910401 496.00 1972
1681070231.9760978 496.00 1978
1681070231.9779625 496.00 1984
1681070231.9795027 496.00 1991
1681070231.9810326 496.00 1997
1681070231.9825108 495.00 2003
1681070231.983948 496.00 2010
1681070231.9854283 496.00 2016
1681070231.9871109 495.00 2022
1681070231.9885576 496.00 2028
1681070231.9899666 495.00 2035
1681070231.9913454 495.00 2041
1681070231.9927628 496.00 2048
1681070231.9941463 496.00 2054
1681070231.9955285 496.00 2060
1681070232.0613348 496.00 2066
1681070232.062796 496.00 2072
1681070232.0642707 496.00 2079
1681070232.0656917 496.00 2085
1681070232.0671685 496.00 2092
1681070232.0686274 496.00 2098
1681070232.0700645 495.00 2104
1681070232.0714078 497.00 2110
1681070232.0728555 496.00 2116
1681070232.0742555 496.00 2123
1681070232.075635 496.00 2129
1681070232.0770543 495.00 2136
1681070232.078424 496.00 2142
1681070232.1447585 495.00 2148
1681070232.1465654 496.00 2154
1681070232.1480749 496.00 2160
1681070232.1496644 496.00 2167
1681070232.1512163 496.00 2173
1681070232.1527154 496.00 2180
1681070232.154143 496.00 2186
1681070232.1555436 496.00 2192
1681070232.1569927 496.00 2198
1681070232.1583743 496.00 2204
1681070232.159787 496.00 2211
1681070232.1612153 496.00 2217
1681070232.1625974 496.00 2224
1681070232.164125 496.00 2230
1681070232.2302454 495.00 2236
1681070232.2320645 496.00 2242
1681070232.23373 496.00 2248
1681070232.2351673 496.00 2255
1681070232.2369344 495.00 2262
1681070232.2383363 495.00 2268
1681070232.2397127 496.00 2274
1681070232.241139 496.00 2280
1681070232.2425182 496.00 2286
1681070232.2439494 495.00 2292
1681070232.245647 495.00 2299
1681070232.2470999 496.00 2306
1681070232.2485325 496.00 2312
1681070232.3140337 496.00 2318
1681070232.315496 496.00 2324
1681070232.316985 495.00 2330
1681070232.318382 497.00 2336
1681070232.3198903 496.00 2343
1681070232.3213356 496.00 2350
1681070232.3227415 496.00 2356
1681070232.3241892 495.00 2362
1681070232.325606 496.00 2368
1681070232.3270283 496.00 2374
1681070232.3284419 496.00 2380
1681070232.329877 496.00 2387
1681070232.3312428 496.00 2394
1681070232.3974571 496.00 2400
1681070232.400291 496.00 2406
1681070232.4028223 496.00 2412
1681070232.4053679 496.00 2418
1681070232.4078548 496.00 2424
1681070232.4103556 496.00 2432
1681070232.4128125 496.00 2438
1681070232.4148993 495.00 2444
1681070232.4167624 496.00 2450
1681070232.4185479 496.00 2456
1681070232.4199657 495.00 2462
1681070232.4213386 496.00 2468
1681070232.422712 496.00 2476
1681070232.4240103 496.00 2482
1681070232.482595 496.00 2488
1681070232.4839773 496.00 2494
1681070232.4854429 496.00 2500
1681070232.486854 495.00 2506
1681070232.488235 496.00 2512
1681070232.4895375 496.00 2520
1681070232.490836 496.00 2526
1681070232.492158 496.00 2532
1681070232.4934936 495.00 2538
1681070232.4948428 496.00 2544
1681070232.4961877 496.00 2550
1681070232.497528 496.00 2556
1681070232.4988954 496.00 2564
1681070232.5662675 496.00 2570
1681070232.5680754 496.00 2576
1681070232.569895 495.00 2582
1681070232.5714357 496.00 2588
1681070232.5730176 496.00 2594
1681070232.57443 496.00 2600
1681070232.5758407 496.00 2608
1681070232.577245 496.00 2614
1681070232.5786078 495.00 2620
1681070232.580003 495.00 2626
1681070232.5814083 495.00 2632
1681070232.5828044 496.00 2638
1681070232.5841982 496.00 2644
1681070232.5858874 496.00 2652
1681070232.6514611 501.00 2658
1681070232.6531382 496.00 2664
1681070232.6545403 496.00 2670
1681070232.6561506 495.00 2676
1681070232.6575687 496.00 2682
1681070232.658974 496.00 2689
1681070232.660552 496.00 2696
1681070232.6620934 495.00 2702
1681070232.6635005 496.00 2708
1681070232.6649451 495.00 2714
1681070232.6663206 496.00 2720
1681070232.6678445 495.00 2726
1681070232.6694999 496.00 2733
1681070232.735698 495.00 2740
1681070232.737362 495.00 2746
1681070232.7387946 496.00 2752
1681070232.7402048 496.00 2758
1681070232.7415938 495.00 2764
1681070232.7430003 496.00 2770
1681070232.7443926 496.00 2777
1681070232.7458162 496.00 2784
1681070232.7471843 496.00 2790
1681070232.74858 493.00 2796
1681070232.7499812 495.00 2802
1681070232.7513452 496.00 2808
1681070232.7529144 495.00 2814
1681070232.818999 495.00 2821
1681070232.8207893 495.00 2828
1681070232.8221653 496.00 2834
1681070232.8235397 495.00 2840
1681070232.8249953 496.00 2846
1681070232.8263774 496.00 2852
1681070232.827769 496.00 2859
1681070232.8291667 495.00 2865
1681070232.8305454 496.00 2872
1681070232.8319376 496.00 2878
1681070232.8336837 495.00 2884
1681070232.8351643 496.00 2890
1681070232.8366385 496.00 2896
1681070232.8380382 496.00 2903
1681070232.9041693 496.00 2909
1681070232.9057987 496.00 2916
1681070232.907495 496.00 2922
1681070232.9090533 496.00 2928
1681070232.9104495 492.00 2934
1681070232.9118435 496.00 2940
1681070232.9132621 496.00 2947
1681070232.9146352 496.00 2953
1681070232.9159913 496.00 2960
1681070232.9173753 496.00 2966
1681070232.9186475 496.00 2972
1681070232.920026 496.00 2978
1681070232.921355 496.00 2984
1681070232.9875472 495.00 2991
1681070232.9893827 496.00 2997
1681070232.9909644 496.00 3004
1681070232.9924066 496.00 3010
1681070232.9938402 497.00 3016
1681070232.995442 495.00 3022
1681070232.9970655 496.00 3028
1681070232.998492 495.00 3035
1681070232.9999952 495.00 3041
1681070233.001538 496.00 3048
1681070233.003226 495.00 3054
1681070233.0046732 496.00 3060
1681070233.0060787 496.00 3066
1681070233.0074577 496.00 3073
1681070233.0729563 496.00 3079
1681070233.0744116 495.00 3085
1681070233.0758944 499.00 3092
1681070233.0773976 496.00 3098
1681070233.0788016 496.00 3104
1681070233.0802267 496.00 3110
1681070233.0816412 495.00 3117
1681070233.083045 496.00 3123
1681070233.0844238 496.00 3129
1681070233.0858974 496.00 3136
1681070233.087184 495.00 3142
1681070233.088469 496.00 3148
1681070233.0898242 496.00 3154
1681070233.1564374 496.00 3161
1681070233.1583364 496.00 3167
1681070233.1598353 496.00 3173
1681070233.1612122 496.00 3180
1681070233.162537 495.00 3186
1681070233.1638575 496.00 3192
1681070233.1652024 496.00 3198
1681070233.166522 496.00 3205
1681070233.16784 496.00 3211
1681070233.169177 496.00 3217
1681070233.1705294 496.00 3224
1681070233.1719577 496.00 3230
1681070233.173337 496.00 3236
1681070233.2403193 496.00 3243
1681070233.2420228 496.00 3249
1681070233.2434862 496.00 3255
1681070233.2448952 496.00 3261
1681070233.2462757 496.00 3268
1681070233.247642 496.00 3274
1681070233.2489643 495.00 3280
1681070233.250278 496.00 3287
1681070233.2517257 496.00 3293
1681070233.2531009 495.00 3299
1681070233.2544444 496.00 3305
1681070233.2557833 496.00 3312
1681070233.2571347 496.00 3318
1681070233.258463 495.00 3324
1681070233.3256016 496.00 3331
1681070233.32698 496.00 3337
1681070233.328347 496.00 3343
1681070233.329686 496.00 3349
1681070233.3310018 495.00 3356
1681070233.3324497 496.00 3362
1681070233.3338406 496.00 3368
1681070233.3351703 495.00 3375
1681070233.336497 496.00 3381
1681070233.3378205 496.00 3387
1681070233.3391414 497.00 3393
1681070233.340482 495.00 3400
1681070233.3417366 496.00 3406
1681070233.4091218 496.00 3412
1681070233.410855 496.00 3419
1681070233.412372 496.00 3425
1681070233.4137676 497.00 3431
1681070233.415145 496.00 3437
1681070233.4165406 496.00 3444
1681070233.4178562 496.00 3450
1681070233.419403 495.00 3457
1681070233.4212654 496.00 3463
1681070233.4226797 496.00 3469
1681070233.4240131 496.00 3475
1681070233.425364 490.00 3481
1681070233.426684 496.00 3488
1681070233.428015 495.00 3494
1681070233.4941664 495.00 3501
1681070233.4955587 492.00 3507
1681070233.4969428 496.00 3513
1681070233.4985666 496.00 3519
1681070233.5003762 495.00 3525
1681070233.502118 495.00 3532
1681070233.5035717 496.00 3538
1681070233.5049477 496.00 3545
1681070233.5062752 496.00 3551
1681070233.507597 495.00 3557
1681070233.5088983 496.00 3563
1681070233.510119 496.00 3569
1681070233.511335 496.00 3576
1681070233.5774972 496.00 3582
1681070233.578492 496.00 3589
1681070233.5794156 496.00 3595
1681070233.5803053 496.00 3601
1681070233.5811033 496.00 3607
1681070233.5820525 496.00 3613
1681070233.5827818 496.00 3620
1681070233.5834887 496.00 3627
1681070233.5842025 496.00 3633
1681070233.584909 496.00 3639
1681070233.5855982 496.00 3645
1681070233.5862892 496.00 3651
1681070233.5869882 496.00 3657
1681070233.6618695 496.00 3664
1681070233.6634939 496.00 3671
1681070233.6648672 496.00 3677
1681070233.6661878 496.00 3683
1681070233.6675022 496.00 3689
1681070233.6690664 496.00 3695
1681070233.670366 496.00 3701
1681070233.671678 496.00 3708
1681070233.6730251 496.00 3715
1681070233.674342 496.00 3721
1681070233.6755905 496.00 3727
1681070233.6768448 496.00 3733
1681070233.6780646 496.00 3739
1681070233.6792846 496.00 3745
1681070233.7470376 496.00 3752
1681070233.748523 495.00 3759
1681070233.7499807 496.00 3765
1681070233.7514107 496.00 3771
1681070233.7528198 496.00 3777
1681070233.7542274 496.00 3783
1681070233.7556057 496.00 3789
1681070233.7570424 496.00 3796
1681070233.75855 495.00 3803
1681070233.7599895 496.00 3809
1681070233.7614195 496.00 3815
1681070233.762744 496.00 3821
1681070233.7641706 494.00 3827
1681070233.8304749 496.00 3833
1681070233.8323374 496.00 3841
1681070233.833825 496.00 3847
1681070233.835358 496.00 3853
1681070233.8370202 496.00 3859
1681070233.8384802 496.00 3865
1681070233.8400671 496.00 3871
1681070233.8414884 496.00 3877
1681070233.842885 495.00 3885
1681070233.844313 496.00 3891
1681070233.8457155 492.00 3897
1681070233.8471282 495.00 3903
1681070233.8485255 496.00 3909
1681070233.8499289 496.00 3915
1681070233.9156637 498.00 3921
1681070233.9170933 496.00 3929
1681070233.9185028 495.00 3935
1681070233.9198604 495.00 3941
1681070233.9215832 495.00 3947
1681070233.9233813 496.00 3953
1681070233.9247828 496.00 3959
1681070233.9261184 496.00 3965
1681070233.9274397 497.00 3972
1681070233.9287996 496.00 3979
1681070233.9301066 496.00 3985
1681070233.931333 496.00 3991
1681070233.9329357 496.00 3997
1681070233.9992394 496.00 4003
1681070234.0009074 496.00 4009
1681070234.0025666 496.00 4016
1681070234.0044503 495.00 4023
1681070234.005852 499.00 4029
1681070234.0071783 496.00 4035
1681070234.0085125 496.00 4041
1681070234.009836 496.00 4047
1681070234.0111716 496.00 4054
1681070234.012517 496.00 4060
1681070234.0140855 496.00 4067
1681070234.0155041 497.00 4073
1681070234.0167563 495.00 4079
1681070234.0831382 496.00 4085
1681070234.085387 496.00 4091
1681070234.0869482 496.00 4098
1681070234.0883262 495.00 4104
1681070234.0896664 496.00 4111
1681070234.0909932 496.00 4117
1681070234.0923378 496.00 4123
1681070234.093656 496.00 4129
1681070234.0949705 495.00 4135
1681070234.0963023 495.00 4142
1681070234.097626 496.00 4148
1681070234.0991037 496.00 4155
1681070234.1004758 496.00 4161
1681070234.1019714 496.00 4167
1681070234.1684692 495.00 4173
1681070234.1699197 496.00 4179
1681070234.1713805 496.00 4186
1681070234.1727395 496.00 4193
1681070234.1741085 496.00 4199
1681070234.175442 496.00 4205
1681070234.1767888 496.00 4211
1681070234.1781147 496.00 4217
1681070234.179637 496.00 4224
1681070234.181012 496.00 4230
1681070234.1823049 495.00 4236
1681070234.1835637 496.00 4243
1681070234.1849246 496.00 4249
1681070234.2519338 496.00 4255
1681070234.2535315 496.00 4261
1681070234.254878 496.00 4268
1681070234.2562413 496.00 4274
1681070234.2575788 495.00 4280
1681070234.2590482 496.00 4287
1681070234.2606683 496.00 4293
1681070234.2620063 496.00 4299
1681070234.2633271 495.00 4305
1681070234.2648933 495.00 4312
1681070234.266322 496.00 4318
1681070234.267682 496.00 4324
1681070234.2690551 496.00 4331
1681070234.2702749 495.00 4337
1681070234.3371513 496.00 4343
1681070234.338524 496.00 4349
1681070234.3398764 496.00 4356
1681070234.341218 496.00 4362
1681070234.342529 496.00 4368
1681070234.3438373 495.00 4375
1681070234.3451614 496.00 4381
1681070234.346467 496.00 4387
1681070234.3477006 496.00 4393
1681070234.349045 496.00 4400
1681070234.3503506 496.00 4406
1681070234.3515959 495.00 4412
1681070234.3528304 496.00 4419
1681070234.4207032 496.00 4425
1681070234.4225092 495.00 4431
1681070234.4240203 496.00 4438
1681070234.425558 496.00 4444
1681070234.4270906 496.00 4450
1681070234.428575 496.00 4456
1681070234.429963 496.00 4463
1681070234.4313073 495.00 4469
1681070234.43269 495.00 4475
1681070234.4341002 495.00 4482
1681070234.435672 496.00 4488
1681070234.4371538 496.00 4494
1681070234.4385786 495.00 4500
1681070234.5045989 496.00 4507
1681070234.5064132 496.00 4513
1681070234.507871 496.00 4519
1681070234.5092938 496.00 4526
1681070234.5106602 496.00 4532
1681070234.5120487 496.00 4538
1681070234.5134509 495.00 4544
1681070234.5148458 496.00 4551
1681070234.5163188 495.00 4557
1681070234.5179753 496.00 4563
1681070234.5194294 496.00 4570
1681070234.520861 496.00 4576
1681070234.522223 495.00 4582
1681070234.5235848 496.00 4588
1681070234.5898552 495.00 4595
1681070234.5913572 496.00 4601
1681070234.5929835 496.00 4608
1681070234.5944064 496.00 4614
1681070234.5960448 496.00 4620
1681070234.5975583 496.00 4626
1681070234.5990126 496.00 4632
1681070234.6005058 496.00 4639
1681070234.6019263 496.00 4645
1681070234.60332 495.00 4652
1681070234.6047366 496.00 4658
1681070234.606072 495.00 4664
1681070234.6074162 496.00 4670
1681070234.6732445 495.00 4676
1681070234.6749158 495.00 4683
1681070234.6763635 495.00 4689
1681070234.6777701 496.00 4696
1681070234.6792617 502.00 4702
1681070234.680702 496.00 4708
1681070234.6820989 496.00 4714
1681070234.6834745 496.00 4720
1681070234.6849377 496.00 4727
1681070234.6862957 496.00 4733
1681070234.6875694 496.00 4740
1681070234.6889136 496.00 4746
1681070234.6902018 497.00 4752
1681070234.691483 495.00 4758
1681070234.75853 496.00 4764
1681070234.7600043 496.00 4771
1681070234.7614899 496.00 4777
1681070234.7629201 496.00 4784
1681070234.7643313 496.00 4790
1681070234.7657092 496.00 4796
1681070234.767109 496.00 4802
1681070234.7684672 495.00 4808
1681070234.7697432 496.00 4815
1681070234.7710385 496.00 4822
1681070234.772349 497.00 4828
1681070234.7736385 496.00 4834
1681070234.7749386 496.00 4840
1681070234.8421693 496.00 4846
1681070234.8439786 496.00 4852
1681070234.8453994 496.00 4859
1681070234.846813 496.00 4866
1681070234.848203 496.00 4872
1681070234.849581 496.00 4878
1681070234.8510141 495.00 4884
1681070234.852398 496.00 4890
1681070234.8537736 496.00 4896
1681070234.8554041 496.00 4903
1681070234.8568704 500.00 4910
1681070234.8582375 496.00 4916
1681070234.8596087 496.00 4922
1681070234.8610191 496.00 4928
1681070234.927157 496.00 4934
1681070234.9286199 496.00 4940
1681070234.9300451 496.00 4947
1681070234.9314282 495.00 4954
1681070234.9328525 495.00 4960
1681070234.9342136 496.00 4966
1681070234.9355724 495.00 4972
1681070234.9369967 497.00 4978
1681070234.9383705 495.00 4984
1681070234.9397557 496.00 4992
1681070234.9411678 496.00 4998
1681070234.942537 496.00 5004
1681070234.9438577 496.00 5010
1681070235.0113304 496.00 5016
1681070235.0129695 496.00 5022
1681070235.014502 496.00 5028
1681070235.016031 496.00 5036
1681070235.0174465 496.00 5042
1681070235.018867 496.00 5048
1681070235.020362 496.00 5054
1681070235.0217357 496.00 5060
1681070235.0231159 496.00 5066
1681070235.0246596 496.00 5072
1681070235.0260506 495.00 5080
1681070235.0274231 495.00 5086
1681070235.0288434 496.00 5092
1681070235.0948598 496.00 5098
1681070235.096558 496.00 5104
1681070235.0980906 498.00 5110
1681070235.0994651 497.00 5116
1681070235.100879 498.00 5124
1681070235.1022453 504.00 5130
1681070235.1037252 499.00 5136
1681070235.1051407 500.00 5142
1681070235.1065252 501.00 5148
1681070235.1079118 502.00 5154
1681070235.1091788 502.00 5160
1681070235.1104398 503.00 5168
1681070235.1116874 503.00 5174
1681070235.112992 505.00 5180
1681070235.1801708 505.00 5186
1681070235.1817503 505.00 5192
1681070235.183309 507.00 5198
1681070235.1848302 507.00 5204
1681070235.1863103 508.00 5212
1681070235.1877677 509.00 5218
1681070235.189277 510.00 5224
1681070235.19064 511.00 5230
1681070235.1920195 512.00 5236
1681070235.1933978 513.00 5242
1681070235.1947722 513.00 5249
1681070235.196132 514.00 5256
1681070235.1975 515.00 5262
1681070235.26344 515.00 5268
1681070235.2651346 516.00 5274
1681070235.2665465 517.00 5280
1681070235.2682185 518.00 5286
1681070235.2696393 518.00 5293
1681070235.2710402 519.00 5300
1681070235.2724552 520.00 5306
1681070235.2737918 521.00 5312
1681070235.275112 521.00 5318
1681070235.2765288 522.00 5324
1681070235.2779167 522.00 5330
1681070235.2792842 523.00 5337
1681070235.2806842 523.00 5344
1681070235.2820404 523.00 5350
1681070235.348773 524.00 5356
1681070235.3504012 524.00 5362
1681070235.352001 524.00 5368
1681070235.3534315 524.00 5374
1681070235.3548386 525.00 5381
1681070235.3562493 525.00 5388
1681070235.3579967 525.00 5394
1681070235.3594806 525.00 5400
1681070235.3609395 526.00 5406
1681070235.3623278 526.00 5412
1681070235.363699 527.00 5419
1681070235.3651152 527.00 5425
1681070235.3664896 527.00 5432
1681070235.4328218 528.00 5438
1681070235.4343908 527.00 5444
1681070235.4359145 527.00 5450
1681070235.4378996 528.00 5456
1681070235.4393878 528.00 5463
1681070235.4408476 528.00 5469
1681070235.4422166 528.00 5476
1681070235.4435937 529.00 5482
1681070235.4450142 529.00 5488
1681070235.4463415 529.00 5494
1681070235.4476862 529.00 5500
1681070235.4490802 529.00 5507
1681070235.4506361 529.00 5513
1681070235.5161972 530.00 5520
1681070235.518368 529.00 5526
1681070235.5199919 530.00 5532
1681070235.5215585 530.00 5538
1681070235.523101 530.00 5544
1681070235.5246267 530.00 5551
1681070235.5261312 530.00 5557
1681070235.5275545 530.00 5564
1681070235.5289648 530.00 5570
1681070235.530324 530.00 5576
1681070235.5320659 531.00 5582
1681070235.5335083 531.00 5588
1681070235.5349658 531.00 5595
1681070235.5363765 531.00 5601
1681070235.6014605 531.00 5608
1681070235.6029198 531.00 5614
1681070235.6043408 531.00 5620
1681070235.6057189 531.00 5626
1681070235.6070993 531.00 5633
1681070235.6084912 531.00 5639
1681070235.6098843 531.00 5645
1681070235.6115744 531.00 5652
1681070235.6130548 531.00 5658
1681070235.6144392 531.00 5664
1681070235.6158388 531.00 5670
1681070235.6172698 531.00 5677
1681070235.6186075 531.00 5683
1681070235.6848423 531.00 5689
1681070235.6865683 531.00 5696
1681070235.688093 531.00 5702
1681070235.6894963 532.00 5708
1681070235.6908863 531.00 5714
1681070235.6922581 532.00 5721
1681070235.6938734 532.00 5727
1681070235.6953723 531.00 5733
1681070235.6968195 532.00 5740
1681070235.698192 532.00 5746
1681070235.699568 532.00 5752
1681070235.7009978 532.00 5758
1681070235.7023625 532.00 5765
1681070235.7037249 532.00 5771
1681070235.7693205 532.00 5777
1681070235.7698169 532.00 5784
1681070235.7702787 532.00 5790
1681070235.770715 532.00 5796
1681070235.7711668 532.00 5803
1681070235.77161 532.00 5809
1681070235.7720973 532.00 5815
1681070235.7725801 532.00 5821
1681070235.7731042 532.00 5828
1681070235.7736046 532.00 5834
1681070235.7741873 532.00 5840
1681070235.7748375 532.00 5847
1681070235.7754486 532.00 5853
1681070235.8542612 532.00 5859
1681070235.8562279 532.00 5865
1681070235.8578813 532.00 5872
1681070235.8594105 532.00 5878
1681070235.8609707 532.00 5884
1681070235.8624277 532.00 5891
1681070235.8639476 532.00 5897
1681070235.8653576 532.00 5903
1681070235.8667252 532.00 5909
1681070235.8681371 532.00 5916
1681070235.8697393 532.00 5922
1681070235.871245 532.00 5928
1681070235.8726528 532.00 5935
1681070235.9375129 532.00 5941
1681070235.9392798 533.00 5947
1681070235.9409113 533.00 5953
1681070235.942452 533.00 5960
1681070235.9440389 533.00 5966
1681070235.9456809 533.00 5972
1681070235.947096 533.00 5979
1681070235.9485052 533.00 5985
1681070235.949916 533.00 5991
1681070235.9512987 533.00 5997
1681070235.9527175 533.00 6004
1681070235.954129 533.00 6010
1681070235.9555147 533.00 6017
1681070235.9569623 533.00 6023
1681070236.0230098 533.00 6029
1681070236.0246205 533.00 6035
1681070236.0261402 533.00 6041
1681070236.0276396 533.00 6048
1681070236.0290787 533.00 6054
1681070236.0304415 533.00 6061
1681070236.0318093 533.00 6067
1681070236.033555 533.00 6073
1681070236.0350068 533.00 6079
1681070236.0364246 533.00 6085
1681070236.0378222 533.00 6092
1681070236.0391772 533.00 6098
1681070236.0405645 533.00 6105
1681070236.1062286 533.00 6111
1681070236.1078722 533.00 6117
1681070236.1093068 533.00 6123
1681070236.1106782 533.00 6129
1681070236.1120727 533.00 6136
1681070236.1134703 533.00 6142
1681070236.115016 533.00 6149
1681070236.116433 533.00 6155
1681070236.1178296 533.00 6161
1681070236.1191957 533.00 6167
1681070236.1206548 533.00 6173
1681070236.122116 533.00 6180
1681070236.1234894 533.00 6187
1681070236.1249018 533.00 6193
1681070236.191539 533.00 6199
1681070236.1930208 533.00 6205
1681070236.1943758 533.00 6211
1681070236.195637 533.00 6217
1681070236.196932 533.00 6224
1681070236.198188 533.00 6231
1681070236.1994672 533.00 6237
1681070236.200784 533.00 6243
1681070236.2020414 533.00 6249
1681070236.203294 533.00 6255
1681070236.2045739 533.00 6261
1681070236.205856 533.00 6268
1681070236.2071161 533.00 6275
1681070236.27504 533.00 6281
1681070236.2769089 533.00 6287
1681070236.278782 533.00 6293
1681070236.280328 533.00 6299
1681070236.2817893 533.00 6305
1681070236.2831576 533.00 6312
1681070236.2845666 533.00 6319
1681070236.2859547 533.00 6325
1681070236.2873197 533.00 6331
1681070236.2887301 534.00 6337
1681070236.2904458 533.00 6343
1681070236.2918754 533.00 6349
1681070236.293276 533.00 6356
1681070236.3590238 533.00 6363
1681070236.3606524 533.00 6369
1681070236.3621008 533.00 6375
1681070236.3634884 533.00 6381
1681070236.3649101 533.00 6387
1681070236.3663087 533.00 6393
1681070236.3678138 533.00 6401
1681070236.3693316 533.00 6407
1681070236.3709314 533.00 6413
1681070236.3724606 533.00 6419
1681070236.3739135 533.00 6425
1681070236.3752809 533.00 6431
1681070236.3765755 533.00 6437
1681070236.377961 533.00 6445
1681070236.444298 533.00 6451
1681070236.4457204 533.00 6457
1681070236.4471672 533.00 6463
1681070236.4486413 533.00 6469
1681070236.4500391 533.00 6475
1681070236.4517813 533.00 6481
1681070236.4532077 533.00 6489
1681070236.4545856 533.00 6495
1681070236.4559686 533.00 6501
1681070236.4573514 534.00 6507
1681070236.4587111 533.00 6513
1681070236.4600902 533.00 6519
1681070236.461471 533.00 6525
1681070236.5277662 533.00 6533
1681070236.5295396 533.00 6539
1681070236.5310762 533.00 6545
1681070236.5326028 533.00 6551
1681070236.5340188 533.00 6557
1681070236.5353758 533.00 6563
1681070236.5367637 533.00 6569
1681070236.5384343 533.00 6577
1681070236.5398707 533.00 6583
1681070236.541293 533.00 6589
1681070236.542663 534.00 6595
1681070236.5440576 534.00 6601
1681070236.5454514 533.00 6607
1681070236.5468595 533.00 6614
1681070236.6131122 533.00 6621
1681070236.614664 533.00 6627
1681070236.6162343 533.00 6633
1681070236.6176848 533.00 6639
1681070236.6193707 533.00 6645
1681070236.620852 533.00 6651
1681070236.6222122 533.00 6658
1681070236.6235921 533.00 6665
1681070236.6250188 533.00 6671
1681070236.6263726 533.00 6677
1681070236.6277266 533.00 6683
1681070236.62919 533.00 6689
1681070236.630559 533.00 6695
1681070236.696425 533.00 6702
1681070236.698028 534.00 6709
1681070236.6995583 533.00 6715
1681070236.7010155 533.00 6721
1681070236.7023857 533.00 6727
1681070236.7037623 533.00 6733
1681070236.7052279 533.00 6739
1681070236.7065797 533.00 6746
1681070236.7078624 533.00 6753
1681070236.7091775 533.00 6759
1681070236.7104492 533.00 6765
1681070236.711696 533.00 6771
1681070236.7129998 533.00 6777
1681070236.7804697 533.00 6784
1681070236.7821162 533.00 6790
1681070236.78359 533.00 6797
1681070236.7850993 534.00 6803
1681070236.7864778 533.00 6809
1681070236.7878523 533.00 6815
1681070236.7892334 533.00 6821
1681070236.790609 534.00 6828
1681070236.791987 533.00 6834
1681070236.7933607 533.00 6841
1681070236.7947073 533.00 6847
1681070236.7960732 534.00 6853
1681070236.7974496 533.00 6859
1681070236.7988398 534.00 6865
1681070236.8657227 533.00 6872
1681070236.8672101 533.00 6878
1681070236.8687484 534.00 6885
1681070236.8701694 533.00 6891
1681070236.8715622 533.00 6897
1681070236.8731065 533.00 6903
1681070236.8745008 533.00 6909
1681070236.8759007 533.00 6916
1681070236.8773184 533.00 6922
1681070236.8787181 533.00 6929
1681070236.8801496 533.00 6935
1681070236.8815546 533.00 6941
1681070236.8829143 533.00 6947
1681070236.9491804 533.00 6953
1681070236.9508576 533.00 6960
1681070236.9523795 533.00 6966
1681070236.953813 533.00 6973
1681070236.9552119 533.00 6979
1681070236.956623 533.00 6985
1681070236.9580386 533.00 6991
1681070236.959472 533.00 6998
1681070236.9610348 533.00 7004
1681070236.9624527 533.00 7010
1681070236.9638548 533.00 7017
1681070236.965268 533.00 7023
1681070236.966667 533.00 7029
1681070236.968128 533.00 7035
1681070237.0344484 533.00 7042
1681070237.0360086 533.00 7048
1681070237.0375566 533.00 7054
1681070237.0389981 533.00 7061
1681070237.0403848 533.00 7067
1681070237.0417433 533.00 7073
1681070237.0431726 533.00 7079
1681070237.0446072 533.00 7086
1681070237.0460038 533.00 7092
1681070237.0473588 533.00 7098
1681070237.0487545 533.00 7105
1681070237.050236 533.00 7111
1681070237.0516126 534.00 7117
1681070237.1178563 533.00 7123
1681070237.119566 533.00 7130
1681070237.1210682 534.00 7136
1681070237.1225348 533.00 7142
1681070237.1241226 533.00 7149
1681070237.125125 533.00 7155
1681070237.126099 533.00 7161
1681070237.1270733 533.00 7168
1681070237.1280432 533.00 7174
1681070237.1290307 533.00 7180
1681070237.1299975 533.00 7186
1681070237.1309717 534.00 7192
1681070237.1319501 533.00 7199
1681070237.201859 534.00 7205
1681070237.2034626 533.00 7212
1681070237.2068512 533.00 7218
1681070237.2083974 533.00 7224
1681070237.2098167 533.00 7230
1681070237.2111812 534.00 7236
1681070237.212577 534.00 7243
1681070237.2139568 533.00 7249
1681070237.2153249 533.00 7256
1681070237.2169085 534.00 7262
1681070237.2184775 533.00 7268
1681070237.2198682 533.00 7274
1681070237.221281 533.00 7280
1681070237.2226014 533.00 7287
1681070237.2871737 534.00 7293
1681070237.2889826 533.00 7300
1681070237.2903872 534.00 7306
1681070237.2918317 533.00 7312
1681070237.2932334 533.00 7318
1681070237.2945933 533.00 7324
1681070237.2959707 534.00 7331
1681070237.2973514 533.00 7337
1681070237.2987022 533.00 7344
1681070237.3003163 533.00 7350
1681070237.3018346 533.00 7356
1681070237.3032207 534.00 7362
1681070237.3045702 533.00 7368
1681070237.3706033 533.00 7375
1681070237.372251 534.00 7382
1681070237.3736525 534.00 7388
1681070237.3750515 534.00 7394
1681070237.3764298 533.00 7400
1681070237.3777936 533.00 7406
1681070237.3791566 533.00 7412
1681070237.38067 534.00 7419
1681070237.3822782 533.00 7426
1681070237.3835998 533.00 7432
1681070237.3849308 533.00 7438
1681070237.386193 533.00 7444
1681070237.3874512 533.00 7450
1681070237.388718 533.00 7456
1681070237.456053 533.00 7463
1681070237.4576683 533.00 7470
1681070237.459153 533.00 7476
1681070237.4606097 534.00 7482
1681070237.4621506 534.00 7488
1681070237.463566 533.00 7494
1681070237.465066 534.00 7500
1681070237.4664712 533.00 7507
1681070237.4679077 533.00 7514
1681070237.4693654 534.00 7520
1681070237.4707854 533.00 7526
1681070237.4722664 533.00 7532
1681070237.4736948 533.00 7538
1681070237.5393338 533.00 7544
1681070237.5411437 533.00 7552
1681070237.542611 533.00 7558
1681070237.5443244 533.00 7564
1681070237.5457668 534.00 7570
1681070237.5471563 534.00 7576
1681070237.5485663 534.00 7582
1681070237.5499535 533.00 7588
1681070237.5513334 533.00 7596
1681070237.5527103 533.00 7602
1681070237.5541143 533.00 7608
1681070237.5554798 533.00 7614
1681070237.5571706 533.00 7620
1681070237.6233156 533.00 7626
1681070237.6251757 534.00 7632
1681070237.626697 534.00 7640
1681070237.6282206 533.00 7646
1681070237.6297252 533.00 7652
1681070237.6311965 533.00 7658
1681070237.6326802 533.00 7664
1681070237.6342378 533.00 7670
1681070237.635693 534.00 7676
1681070237.6371145 533.00 7684
1681070237.6384768 534.00 7690
1681070237.640169 534.00 7696
1681070237.6416183 534.00 7702
1681070237.6430318 533.00 7708
1681070237.708653 534.00 7714
1681070237.7102642 533.00 7720
1681070237.7118144 534.00 7728
1681070237.7132142 534.00 7734
1681070237.7145858 533.00 7740
1681070237.7160115 534.00 7746
1681070237.717581 533.00 7752
1681070237.7190099 534.00 7758
1681070237.7204065 534.00 7764
1681070237.7220976 534.00 7772
1681070237.7235236 534.00 7778
1681070237.7249546 534.00 7784
1681070237.726321 534.00 7790
1681070237.7920988 534.00 7796
1681070237.7937355 534.00 7802
1681070237.7951365 533.00 7809
1681070237.7965205 534.00 7816
1681070237.7979498 534.00 7822
1681070237.7993455 534.00 7828
1681070237.8009827 534.00 7834
1681070237.8023474 534.00 7840
1681070237.803701 534.00 7846
1681070237.8050385 533.00 7853
1681070237.8063087 534.00 7860
1681070237.8075912 533.00 7866
1681070237.8089328 534.00 7872
1681070237.8102071 534.00 7878
1681070237.8773413 534.00 7884
1681070237.8789256 534.00 7890
1681070237.880472 534.00 7897
1681070237.8820066 534.00 7904
1681070237.883613 534.00 7910
1681070237.8853302 533.00 7916
1681070237.8867266 534.00 7922
1681070237.8881679 534.00 7928
1681070237.8895586 534.00 7934
1681070237.8909063 533.00 7941
1681070237.8923104 534.00 7948
1681070237.893681 533.00 7954
1681070237.89508 533.00 7960
1681070237.9606884 534.00 7966
1681070237.9624627 534.00 7972
1681070237.9640195 534.00 7979
1681070237.9656222 534.00 7985
1681070237.9671586 534.00 7992
1681070237.9686928 534.00 7998
1681070237.970187 533.00 8004
1681070237.97156 534.00 8010
1681070237.9731038 534.00 8016
1681070237.9745119 534.00 8023
1681070237.9759052 534.00 8029
1681070237.9773438 534.00 8036
1681070237.9787352 534.00 8042
1681070237.9801366 534.00 8048
1681070238.0460782 534.00 8054
1681070238.0476258 533.00 8060
1681070238.0490856 534.00 8067
1681070238.0504527 534.00 8073
1681070238.051826 534.00 8080
1681070238.053215 533.00 8086
1681070238.0545766 534.00 8092
1681070238.0559464 534.00 8098
1681070238.057363 534.00 8104
1681070238.058816 534.00 8111
1681070238.0602055 533.00 8117
1681070238.0615783 533.00 8124
1681070238.062967 534.00 8130
1681070238.1300774 534.00 8136
1681070238.131515 534.00 8142
1681070238.1329744 533.00 8148
1681070238.1343603 534.00 8155
1681070238.1357284 533.00 8161
1681070238.13713 534.00 8168
1681070238.1385496 534.00 8174
1681070238.139984 533.00 8180
1681070238.14136 534.00 8186
1681070238.1427135 534.00 8193
1681070238.1440933 533.00 8199
1681070238.1454954 534.00 8205
1681070238.1468801 533.00 8212
1681070238.213398 534.00 8218
1681070238.2150314 534.00 8224
1681070238.2164662 534.00 8230
1681070238.217897 534.00 8237
1681070238.2192876 534.00 8243
1681070238.2206924 533.00 8249
1681070238.222117 534.00 8256
1681070238.223506 534.00 8262
1681070238.2249327 534.00 8268
1681070238.2263012 534.00 8274
1681070238.2276714 534.00 8281
1681070238.2290308 534.00 8287
1681070238.2303085 533.00 8293
1681070238.2316196 534.00 8300
1681070238.2987227 533.00 8306
1681070238.3002086 534.00 8312
1681070238.3016894 533.00 8318
1681070238.30308 534.00 8325
1681070238.3044705 533.00 8331
1681070238.3058581 534.00 8337
1681070238.3072197 534.00 8344
1681070238.3085444 533.00 8350
1681070238.30982 534.00 8356
1681070238.3110723 534.00 8363
1681070238.3123415 534.00 8369
1681070238.3136084 533.00 8375
1681070238.3148808 534.00 8381
1681070238.382189 534.00 8388
1681070238.3840265 534.00 8394
1681070238.3855932 533.00 8400
1681070238.3871417 534.00 8407
1681070238.3886704 533.00 8413
1681070238.390102 534.00 8419
1681070238.3914795 534.00 8425
1681070238.3929102 534.00 8432
1681070238.394281 534.00 8438
1681070238.3956525 534.00 8444
1681070238.3970995 533.00 8451
1681070238.398477 534.00 8457
1681070238.3999379 534.00 8463
1681070238.4013166 533.00 8469
1681070238.4675102 533.00 8476
1681070238.46918 534.00 8482
1681070238.4706728 533.00 8488
1681070238.4720852 534.00 8495
1681070238.4734976 533.00 8501
1681070238.474901 534.00 8507
1681070238.476292 534.00 8513
1681070238.4776666 534.00 8520
1681070238.4790764 534.00 8526
1681070238.4805868 534.00 8532
1681070238.481997 534.00 8539
1681070238.4833796 534.00 8545
1681070238.4847834 533.00 8551
1681070238.5513508 534.00 8557
1681070238.5528502 533.00 8564
1681070238.5542576 534.00 8570
1681070238.5556402 533.00 8577
1681070238.5570948 533.00 8583
1681070238.5584724 534.00 8589
1681070238.5598764 534.00 8595
1681070238.5613847 534.00 8601
1681070238.5627706 534.00 8608
1681070238.5641887 534.00 8614
1681070238.5655837 534.00 8621
1681070238.5669863 534.00 8627
1681070238.568371 533.00 8633
1681070238.6348786 533.00 8639
1681070238.636525 534.00 8645
1681070238.6379497 534.00 8652
1681070238.6393178 534.00 8658
1681070238.6407225 534.00 8665
1681070238.6420994 534.00 8671
1681070238.643453 533.00 8677
1681070238.6451242 534.00 8683
1681070238.6466587 534.00 8689
1681070238.648072 534.00 8696
1681070238.6497245 534.00 8702
1681070238.651267 534.00 8709
1681070238.6526685 534.00 8715
1681070238.6539776 534.00 8721
1681070238.7202206 534.00 8727
1681070238.7218392 534.00 8733
1681070238.7233632 534.00 8740
1681070238.7249808 534.00 8747
1681070238.726408 534.00 8753
1681070238.7277954 533.00 8759
1681070238.7291963 534.00 8765
1681070238.7305636 534.00 8771
1681070238.731936 534.00 8777
1681070238.7335083 534.00 8784
1681070238.734936 534.00 8791
1681070238.7363212 534.00 8797
1681070238.737693 534.00 8803
1681070238.803566 534.00 8809
1681070238.8052928 534.00 8815
1681070238.8067133 533.00 8821
1681070238.8081512 534.00 8828
1681070238.8095508 534.00 8835
1681070238.810952 533.00 8841
1681070238.812348 534.00 8847
1681070238.8137305 533.00 8853
1681070238.815117 533.00 8859
1681070238.8166077 534.00 8865
1681070238.8181458 533.00 8872
1681070238.8195364 533.00 8879
1681070238.8210034 534.00 8885
1681070238.8222797 534.00 8891
1681070238.8889072 534.00 8897
1681070238.89035 534.00 8903
1681070238.8917458 534.00 8909
1681070238.8931804 534.00 8916
1681070238.8945496 534.00 8923
1681070238.8959353 533.00 8929
1681070238.89737 534.00 8935
1681070238.8987715 534.00 8941
1681070238.9002342 534.00 8947
1681070238.9015956 534.00 8953
1681070238.9029794 533.00 8961
1681070238.9043484 534.00 8967
1681070238.9056156 534.00 8973
1681070238.9729383 534.00 8979
1681070238.974357 534.00 8985
1681070238.975745 534.00 8991
1681070238.977167 534.00 8997
1681070238.9785445 534.00 9005
1681070238.9799557 534.00 9011
1681070238.9813676 533.00 9017
1681070238.9829242 534.00 9023
1681070238.9844413 534.00 9029
1681070238.985843 534.00 9035
1681070238.9871979 534.00 9041
1681070238.9885972 533.00 9049
1681070238.990004 534.00 9055
1681070239.0563302 533.00 9061
1681070239.0579624 534.00 9067
1681070239.059358 534.00 9073
1681070239.0607727 534.00 9079
1681070239.0621538 533.00 9085
1681070239.0635164 533.00 9093
1681070239.0649302 534.00 9099
1681070239.0666046 533.00 9105
1681070239.0680368 534.00 9111
1681070239.0694544 533.00 9117
1681070239.0708308 534.00 9123
1681070239.0722108 534.00 9129
1681070239.0735874 534.00 9137
1681070239.0749075 534.00 9143
1681070239.1414804 534.00 9149
1681070239.1429174 534.00 9155
1681070239.1443245 534.00 9161
1681070239.1457005 533.00 9167
1681070239.1470833 533.00 9174
1681070239.1485124 534.00 9181
1681070239.150148 533.00 9187
1681070239.1515417 533.00 9193
1681070239.1529706 533.00 9199
1681070239.1543465 533.00 9205
1681070239.1557267 533.00 9211
1681070239.1571372 534.00 9218
1681070239.158502 534.00 9225
1681070239.2250955 534.00 9231
1681070239.226715 533.00 9237
1681070239.228153 534.00 9243
1681070239.2299557 533.00 9249
1681070239.2315018 534.00 9255
1681070239.2332153 534.00 9262
1681070239.234712 533.00 9269
1681070239.236186 533.00 9275
1681070239.2375932 533.00 9281
1681070239.238979 533.00 9287
1681070239.2404866 534.00 9293
1681070239.2421978 533.00 9299
1681070239.2436552 534.00 9306
1681070239.2449982 534.00 9313
1681070239.3104126 534.00 9319
1681070239.3119888 534.00 9325
1681070239.3134165 534.00 9331
1681070239.3147779 534.00 9337
1681070239.3164248 534.00 9344
1681070239.3180556 534.00 9350
1681070239.320227 534.00 9357
1681070239.3221014 534.00 9363
1681070239.3236327 533.00 9369
1681070239.3250642 534.00 9375
1681070239.3264213 534.00 9381
1681070239.3277764 534.00 9388
1681070239.3291647 533.00 9394
1681070239.3936265 534.00 9401
1681070239.3952687 534.00 9407
1681070239.396735 533.00 9413
1681070239.3981557 534.00 9419
1681070239.3995535 534.00 9425
1681070239.4011087 534.00 9432
1681070239.4025285 534.00 9438
1681070239.4039297 534.00 9445
1681070239.4052987 534.00 9451
1681070239.406713 533.00 9457
1681070239.4080794 533.00 9463
1681070239.409443 534.00 9469
1681070239.4108222 533.00 9476
1681070239.4778605 533.00 9482
1681070239.4794705 533.00 9489
1681070239.4809144 534.00 9495
1681070239.4823194 534.00 9501
1681070239.4837465 534.00 9507
1681070239.485393 534.00 9513
1681070239.4867673 534.00 9520
1681070239.4881659 533.00 9526
1681070239.4895313 534.00 9533
1681070239.4910412 533.00 9539
1681070239.4924786 534.00 9545
1681070239.4938831 533.00 9551
1681070239.4952428 533.00 9558
1681070239.4966335 534.00 9564
1681070239.5631137 534.00 9570
1681070239.5647132 534.00 9577
1681070239.5661547 534.00 9583
1681070239.567605 534.00 9589
1681070239.569028 533.00 9595
1681070239.5704935 534.00 9602
1681070239.571981 534.00 9608
1681070239.573391 534.00 9614
1681070239.574752 534.00 9621
1681070239.5761497 534.00 9627
1681070239.577521 533.00 9633
1681070239.5790417 534.00 9639
1681070239.5804448 534.00 9646
1681070239.646428 534.00 9652
1681070239.6480038 534.00 9658
1681070239.6500158 533.00 9665
1681070239.6515448 533.00 9671
1681070239.6529346 534.00 9677
1681070239.6542034 534.00 9683
1681070239.6554651 534.00 9690
1681070239.6567338 534.00 9696
1681070239.6580076 534.00 9702
1681070239.6592572 534.00 9709
1681070239.6605313 534.00 9715
1681070239.6617842 534.00 9721
1681070239.663209 534.00 9728
1681070239.6646411 534.00 9734
1681070239.731693 534.00 9740
1681070239.7335186 534.00 9746
1681070239.7350788 534.00 9753
1681070239.7366219 533.00 9759
1681070239.738047 534.00 9765
1681070239.739416 534.00 9772
1681070239.7408311 533.00 9778
1681070239.7421832 534.00 9784
1681070239.743746 534.00 9790
1681070239.7453237 533.00 9797
1681070239.746731 534.00 9803
1681070239.748164 533.00 9809
1681070239.7498112 533.00 9816
1681070239.8152113 534.00 9822
1681070239.817245 534.00 9828
1681070239.8186605 534.00 9834
1681070239.8200564 534.00 9841
1681070239.8214457 534.00 9847
1681070239.8227947 534.00 9853
1681070239.8244874 534.00 9860
1681070239.8259692 534.00 9866
1681070239.8273559 534.00 9872
1681070239.8287437 534.00 9878
1681070239.8301194 534.00 9885
1681070239.8314784 534.00 9891
1681070239.833122 533.00 9897
1681070239.899121 534.00 9904
1681070239.9007685 534.00 9910
1681070239.902175 534.00 9916
1681070239.9035597 534.00 9922
1681070239.905238 534.00 9929
1681070239.907062 534.00 9935
1681070239.9084594 534.00 9942
1681070239.909733 534.00 9948
1681070239.911016 534.00 9954
1681070239.912302 534.00 9960
1681070239.9135733 534.00 9966
1681070239.9148366 534.00 9973
1681070239.916159 534.00 9979
1681070239.9174528 534.00 9986
1681070239.9844787 534.00 9992
1681070239.986024 533.00 9998
1681070239.9874687 534.00 10004
1681070239.9889493 534.00 10011
1681070239.9903514 534.00 10017
1681070239.9917626 534.00 10023
1681070239.9932206 534.00 10031
1681070239.9946399 534.00 10037
1681070239.9960818 534.00 10044
1681070239.9975312 533.00 10050
1681070239.9989913 533.00 10057
1681070240.0004325 534.00 10063
1681070240.0018823 534.00 10071
1681070240.0689301 534.00 10077
1681070240.0703926 534.00 10084
1681070240.0719895 534.00 10090
1681070240.0735266 534.00 10097
1681070240.0749648 534.00 10103
1681070240.076403 534.00 10109
1681070240.077834 534.00 10117
1681070240.0792725 534.00 10123
1681070240.0807307 534.00 10130
1681070240.0821652 534.00 10136
1681070240.0836124 534.00 10143
1681070240.0850992 534.00 10149
1681070240.152007 533.00 10157
1681070240.1538677 534.00 10163
1681070240.1552908 534.00 10170
1681070240.1567338 534.00 10176
1681070240.1581497 534.00 10183
1681070240.159546 534.00 10189
1681070240.1610024 534.00 10196
1681070240.1624079 534.00 10203
1681070240.163873 534.00 10210
1681070240.165413 534.00 10216
1681070240.1669931 533.00 10223
1681070240.1684377 534.00 10229
1681070240.1698873 534.00 10236
1681070240.2365334 534.00 10243
1681070240.238186 534.00 10249
1681070240.2396085 534.00 10256
1681070240.2410717 534.00 10262
1681070240.2424586 533.00 10269
1681070240.2439313 534.00 10275
1681070240.245404 534.00 10283
1681070240.246856 534.00 10289
1681070240.2484 534.00 10296
1681070240.2500455 534.00 10302
1681070240.2513583 534.00 10309
1681070240.2526913 534.00 10315
1681070240.2539997 534.00 10322
1681070240.321856 534.00 10329
1681070240.3233116 533.00 10336
1681070240.3247561 533.00 10342
1681070240.3261757 533.00 10349
1681070240.3276603 533.00 10355
1681070240.32911 534.00 10362
1681070240.3305006 534.00 10369
1681070240.331971 534.00 10375
1681070240.3335707 534.00 10382
1681070240.3349936 534.00 10388
1681070240.3363807 534.00 10395
1681070240.337683 534.00 10401
1681070240.338985 534.00 10408
1681070240.406892 534.00 10415
1681070240.4097228 534.00 10422
1681070240.4124792 534.00 10428
1681070240.4152477 534.00 10435
1681070240.4181402 533.00 10441
1681070240.4209785 533.00 10448
1681070240.4237611 533.00 10455
1681070240.42661 533.00 10462
1681070240.429432 533.00 10468
1681070240.4327583 534.00 10475
1681070240.4357138 534.00 10481
1681070240.438465 534.00 10488
1681070240.4891586 534.00 10494
1681070240.490457 534.00 10501
1681070240.491658 534.00 10508
1681070240.493044 534.00 10514
1681070240.494374 534.00 10521
1681070240.4956665 534.00 10527
1681070240.4969845 534.00 10534
1681070240.4983323 534.00 10541
1681070240.5001223 534.00 10548
1681070240.5019596 534.00 10554
1681070240.503589 533.00 10561
1681070240.50463 534.00 10567
1681070240.5056262 533.00 10574
1681070240.5737495 534.00 10580
1681070240.5754254 534.00 10588
1681070240.5769155 534.00 10594
1681070240.5783222 533.00 10601
1681070240.5798395 534.00 10607
1681070240.5815144 533.00 10614
1681070240.5829484 533.00 10620
1681070240.584399 534.00 10628
1681070240.5858486 534.00 10634
1681070240.5872357 534.00 10640
1681070240.5886674 534.00 10647
1681070240.5899985 534.00 10653
1681070240.5912719 534.00 10660
1681070240.6589103 534.00 10667
1681070240.6605473 534.00 10674
1681070240.6620433 534.00 10680
1681070240.663466 533.00 10687
1681070240.6649354 534.00 10693
1681070240.6663637 534.00 10700
1681070240.6677911 533.00 10706
1681070240.6692483 534.00 10714
1681070240.6706467 533.00 10720
1681070240.672081 534.00 10727
1681070240.673523 534.00 10733
1681070240.674958 534.00 10740
1681070240.7420106 533.00 10746
1681070240.743871 533.00 10754
1681070240.745382 534.00 10760
1681070240.746787 533.00 10766
1681070240.748246 534.00 10773
1681070240.7498658 534.00 10779
1681070240.7512994 534.00 10786
1681070240.7527304 534.00 10792
1681070240.7541342 534.00 10800
1681070240.7555358 533.00 10806
1681070240.7569773 534.00 10813
1681070240.758372 534.00 10819
1681070240.759764 534.00 10826
1681070240.8264887 533.00 10832
1681070240.828356 534.00 10840
1681070240.8298821 534.00 10846
1681070240.8314962 534.00 10853
1681070240.833078 534.00 10859
1681070240.8344874 534.00 10866
1681070240.8359008 534.00 10872
1681070240.8374236 533.00 10880
1681070240.838836 533.00 10886
1681070240.840182 534.00 10892
1681070240.8415382 534.00 10899
1681070240.8429303 533.00 10905
1681070240.844363 534.00 10912
1681070240.9115818 534.00 10918
1681070240.9130924 534.00 10926
1681070240.9144957 534.00 10932
1681070240.9159148 534.00 10939
1681070240.917687 534.00 10945
1681070240.919134 534.00 10952
1681070240.9205625 534.00 10958
1681070240.9219768 534.00 10966
1681070240.9233606 533.00 10972
1681070240.9248133 534.00 10979
1681070240.9262156 534.00 10985
1681070240.9276044 534.00 10992
1681070240.9290519 534.00 10998
1681070240.9961493 534.00 11005
1681070240.9976904 533.00 11012
1681070240.999235 534.00 11019
1681070241.0006745 534.00 11025
1681070241.0020926 534.00 11031
1681070241.0034792 533.00 11038
1681070241.0052295 534.00 11044
1681070241.0066814 533.00 11052
1681070241.0080888 533.00 11058
1681070241.00952 534.00 11065
1681070241.0109286 534.00 11071
1681070241.0123403 534.00 11078
1681070241.0791633 534.00 11084
1681070241.081163 533.00 11091
1681070241.0826674 533.00 11098
1681070241.084148 534.00 11105
1681070241.0856516 533.00 11111
1681070241.0871108 534.00 11118
1681070241.0885487 534.00 11124
1681070241.089966 534.00 11131
1681070241.0913436 534.00 11138
1681070241.0927634 534.00 11145
1681070241.0942001 534.00 11151
1681070241.0956185 534.00 11157
1681070241.097077 534.00 11164
1681070241.1637514 534.00 11170
1681070241.1656952 534.00 11177
1681070241.16716 534.00 11184
1681070241.1686397 534.00 11191
1681070241.1700819 534.00 11197
1681070241.1714787 534.00 11204
1681070241.1729376 534.00 11210
1681070241.1743703 534.00 11217
1681070241.17578 534.00 11224
1681070241.1772368 534.00 11231
1681070241.1785922 533.00 11237
1681070241.179895 533.00 11244
1681070241.1812057 534.00 11250
1681070241.2492545 534.00 11257
1681070241.2507977 534.00 11264
1681070241.2522466 534.00 11271
1681070241.2536602 534.00 11277
1681070241.255083 533.00 11283
1681070241.2565167 534.00 11290
1681070241.25793 534.00 11296
1681070241.2594516 534.00 11303
1681070241.2609453 534.00 11310
1681070241.2623684 534.00 11317
1681070241.263767 534.00 11323
1681070241.2652457 534.00 11330
1681070241.3320434 534.00 11336
1681070241.333689 534.00 11343
1681070241.335054 534.00 11350
1681070241.3364165 534.00 11357
1681070241.3377547 534.00 11363
1681070241.3390887 534.00 11370
1681070241.3404381 533.00 11376
1681070241.341895 534.00 11383
1681070241.343259 534.00 11389
1681070241.3446617 534.00 11397
1681070241.3460238 534.00 11403
1681070241.3472776 534.00 11410
1681070241.3486059 534.00 11416
1681070241.4164968 534.00 11422
1681070241.4182484 534.00 11429
1681070241.419696 534.00 11436
1681070241.4215589 534.00 11443
1681070241.4229836 534.00 11449
1681070241.42438 533.00 11456
1681070241.4257903 534.00 11462
1681070241.4271708 534.00 11469
1681070241.4285593 534.00 11475
1681070241.429946 534.00 11483
1681070241.4313107 534.00 11489
1681070241.432705 534.00 11496
1681070241.4344513 534.00 11502
1681070241.5018475 534.00 11509
1681070241.503452 533.00 11515
1681070241.505063 534.00 11523
1681070241.5065634 534.00 11529
1681070241.5081205 533.00 11536
1681070241.5095758 534.00 11542
1681070241.5109947 534.00 11548
1681070241.5124269 534.00 11555
1681070241.5138488 534.00 11561
1681070241.5157173 534.00 11569
1681070241.5171373 534.00 11575
1681070241.5184999 534.00 11582
1681070241.51985 534.00 11588
1681070241.5865266 533.00 11595
1681070241.5880578 533.00 11601
1681070241.589568 534.00 11609
1681070241.5909336 534.00 11615
1681070241.5923045 534.00 11622
1681070241.593656 534.00 11628
1681070241.594994 534.00 11635
1681070241.596349 534.00 11641
1681070241.597951 534.00 11649
1681070241.5994034 534.00 11655
1681070241.6007838 534.00 11662
1681070241.6021504 533.00 11668
1681070241.6694376 534.00 11675
1681070241.6712723 534.00 11681
1681070241.6728249 534.00 11687
1681070241.674277 534.00 11695
1681070241.6756978 533.00 11701
1681070241.6771686 534.00 11708
1681070241.6785772 534.00 11714
1681070241.6804209 533.00 11721
1681070241.682071 534.00 11727
1681070241.6834745 534.00 11735
1681070241.6848686 534.00 11741
1681070241.6862493 533.00 11748
1681070241.6876042 534.00 11754
1681070241.7537534 534.00 11761
1681070241.7553904 534.00 11767
1681070241.7567956 534.00 11774
1681070241.7582083 534.00 11781
1681070241.7596395 533.00 11788
1681070241.761013 534.00 11794
1681070241.762357 534.00 11801
1681070241.7636971 534.00 11807
1681070241.765259 534.00 11813
1681070241.7668595 534.00 11821
1681070241.7682471 533.00 11827
1681070241.7696097 534.00 11834
1681070241.7709622 533.00 11840
1681070241.8389142 534.00 11847
1681070241.840339 534.00 11853
1681070241.8417172 533.00 11860
1681070241.8430722 534.00 11867
1681070241.8444438 534.00 11874
1681070241.8458235 533.00 11880
1681070241.847235 534.00 11887
1681070241.8487148 534.00 11893
1681070241.8501415 534.00 11900
1681070241.8514943 534.00 11907
1681070241.8528643 534.00 11914
1681070241.8542128 534.00 11920
1681070241.8555593 534.00 11927
1681070241.9233584 534.00 11933
1681070241.9249349 534.00 11939
1681070241.9262981 534.00 11947
1681070241.9276688 533.00 11953
1681070241.9290557 533.00 11960
1681070241.9304044 533.00 11966
1681070241.9317846 534.00 11973
1681070241.9331574 534.00 11979
1681070241.9344983 534.00 11986
1681070241.9358416 533.00 11993
1681070241.937207 534.00 12000
1681070241.9385626 533.00 12006
1681070242.006534 534.00 12013
1681070242.008394 534.00 12019
1681070242.0101435 534.00 12026
1681070242.0116866 534.00 12033
1681070242.0131598 534.00 12040
1681070242.0145628 533.00 12046
1681070242.0159862 534.00 12053
1681070242.0174017 534.00 12059
1681070242.0187912 534.00 12066
1681070242.0202088 534.00 12072
1681070242.0216153 534.00 12079
1681070242.0229816 533.00 12086
1681070242.0243602 534.00 12092
1681070242.091561 534.00 12099
1681070242.0931036 534.00 12105
1681070242.0945265 534.00 12112
1681070242.0959618 534.00 12119
1681070242.0977476 534.00 12126
1681070242.0991964 534.00 12132
1681070242.1006594 534.00 12139
1681070242.1021047 534.00 12145
1681070242.1035075 534.00 12152
1681070242.104955 534.00 12158
1681070242.1063938 534.00 12166
1681070242.1078246 534.00 12172
1681070242.1092331 533.00 12179
1681070242.176154 534.00 12185
1681070242.177574 534.00 12192
1681070242.1790118 534.00 12198
1681070242.1804433 534.00 12205
1681070242.1822317 533.00 12212
1681070242.183758 534.00 12218
1681070242.1851945 534.00 12225
1681070242.1866157 534.00 12231
1681070242.1880367 533.00 12238
1681070242.1894467 533.00 12244
1681070242.1908636 534.00 12252
1681070242.1922638 534.00 12258
1681070242.2593274 534.00 12265
1681070242.261066 534.00 12271
1681070242.2625465 534.00 12278
1681070242.264305 534.00 12284
1681070242.2657428 534.00 12292
1681070242.267178 533.00 12298
1681070242.2686162 533.00 12305
1681070242.270039 534.00 12311
1681070242.2714329 534.00 12318
1681070242.272857 534.00 12324
1681070242.2742407 533.00 12331
1681070242.2758377 534.00 12338
1681070242.2774062 534.00 12344
1681070242.3437128 534.00 12351
1681070242.3453925 533.00 12357
1681070242.3468382 534.00 12364
1681070242.348309 534.00 12370
1681070242.3497484 534.00 12378
1681070242.3511631 534.00 12384
1681070242.3525813 534.00 12391
1681070242.3539891 534.00 12397
1681070242.3553677 534.00 12404
1681070242.357048 534.00 12410
1681070242.3589299 534.00 12418
1681070242.3604195 534.00 12424
1681070242.3618937 534.00 12431
1681070242.4289055 534.00 12437
1681070242.43038 533.00 12444
1681070242.4318032 534.00 12450
1681070242.4332664 534.00 12457
1681070242.4346619 534.00 12464
1681070242.4360764 534.00 12470
1681070242.4379005 534.00 12477
1681070242.4405584 533.00 12483
1681070242.4425797 534.00 12490
1681070242.444496 534.00 12496
1681070242.4464095 534.00 12504
1681070242.4482596 534.00 12510
1681070242.4500096 534.00 12517
