1681054222.862396 532.00 1
1681054222.9818282 532.00 50
1681054222.9832935 531.00 52
1681054222.984684 532.00 53
1681054222.985932 531.00 56
1681054222.9871745 531.00 61
1681054222.9884849 532.00 65
1681054222.9897768 532.00 70
1681054222.9909875 532.00 75
1681054222.9922035 531.00 80
1681054222.9934316 531.00 86
1681054222.9946377 531.00 90
1681054222.9958165 532.00 95
1681054222.997048 532.00 100
1681054222.99828 531.00 105
1681054222.9994972 532.00 110
1681054223.0007014 532.00 115
1681054223.0019462 532.00 120
1681054223.0668705 531.00 125
1681054223.068269 532.00 131
1681054223.0697663 531.00 136
1681054223.0712574 532.00 141
1681054223.0727348 532.00 146
1681054223.074216 532.00 151
1681054223.075673 531.00 156
1681054223.0770211 531.00 161
1681054223.0782964 532.00 166
1681054223.0794919 531.00 172
1681054223.0806906 532.00 177
1681054223.0819337 531.00 182
1681054223.0832193 532.00 187
1681054223.0843744 531.00 192
1681054223.085616 531.00 197
1681054223.0868719 532.00 202
1681054223.1503294 532.00 207
1681054223.151865 532.00 212
1681054223.1531222 532.00 218
1681054223.1544356 531.00 223
1681054223.1556823 531.00 228
1681054223.1569176 532.00 233
1681054223.158196 532.00 238
1681054223.159573 532.00 243
1681054223.1607268 532.00 248
1681054223.1619074 532.00 253
1681054223.1630552 532.00 259
1681054223.164235 531.00 263
1681054223.1658409 532.00 268
1681054223.1671867 531.00 273
1681054223.168375 531.00 278
1681054223.169543 531.00 283
1681054223.1706953 532.00 288
1681054223.2347925 531.00 293
1681054223.23643 532.00 299
1681054223.237779 531.00 304
1681054223.239003 531.00 309
1681054223.2401536 532.00 314
1681054223.2413146 532.00 319
1681054223.2424748 532.00 324
1681054223.2437396 532.00 330
1681054223.2449355 533.00 335
1681054223.2461221 531.00 340
1681054223.2472875 531.00 347
1681054223.2484667 532.00 352
1681054223.2496998 531.00 357
1681054223.2509851 532.00 363
1681054223.2521935 531.00 368
1681054223.2533975 541.00 374
1681054223.3197322 531.00 379
1681054223.3209789 531.00 386
1681054223.3222566 532.00 391
1681054223.3234634 531.00 397
1681054223.3246548 532.00 402
1681054223.325897 530.00 408
1681054223.3271587 532.00 413
1681054223.3282754 531.00 419
1681054223.329439 532.00 424
1681054223.3306274 531.00 431
1681054223.3317308 532.00 437
1681054223.332971 531.00 442
1681054223.3341148 533.00 448
1681054223.3352137 531.00 454
1681054223.4030457 531.00 459
1681054223.4045072 529.00 465
1681054223.4057856 532.00 472
1681054223.4070153 540.00 477
1681054223.4082386 531.00 483
1681054223.4094827 531.00 488
1681054223.410723 531.00 494
1681054223.4118884 532.00 500
1681054223.4129877 531.00 505
1681054223.41413 532.00 512
1681054223.4152253 531.00 518
1681054223.4163175 531.00 523
1681054223.417432 532.00 529
1681054223.418541 531.00 535
1681054223.4196415 531.00 540
1681054223.4875586 531.00 546
1681054223.4892082 530.00 552
1681054223.4906523 536.00 558
1681054223.4920542 529.00 564
1681054223.4936204 528.00 569
1681054223.4950435 528.00 575
1681054223.496438 527.00 581
1681054223.4978478 520.00 586
1681054223.499241 526.00 592
1681054223.5005636 523.00 599
1681054223.5019403 525.00 604
1681054223.503234 524.00 610
1681054223.5045013 524.00 616
1681054223.5059822 524.00 621
1681054223.5072715 524.00 627
1681054223.5729065 523.00 633
1681054223.5744388 523.00 638
1681054223.5758393 524.00 645
1681054223.5772414 522.00 651
1681054223.5786576 521.00 656
1681054223.5800161 524.00 662
1681054223.5814419 519.00 667
1681054223.5829334 520.00 673
1681054223.5843594 518.00 679
1681054223.5859199 518.00 685
1681054223.587345 517.00 691
1681054223.5887167 517.00 697
1681054223.590101 516.00 702
1681054223.5914142 516.00 708
1681054223.65613 515.00 714
1681054223.6577733 514.00 719
1681054223.6592839 515.00 726
1681054223.660698 518.00 732
1681054223.6621306 514.00 737
1681054223.6635048 514.00 743
1681054223.6648276 513.00 748
1681054223.6664069 513.00 754
1681054223.6677406 512.00 760
1681054223.6690001 512.00 765
1681054223.6703227 512.00 772
1681054223.6718369 512.00 778
1681054223.673154 511.00 783
1681054223.674484 511.00 789
1681054223.6757598 511.00 795
1681054223.7411623 511.00 800
1681054223.7426193 511.00 806
1681054223.7440124 509.00 813
1681054223.7453945 507.00 818
1681054223.7467523 515.00 824
1681054223.7481053 509.00 829
1681054223.749461 509.00 835
1681054223.7508376 508.00 841
1681054223.7522054 508.00 846
1681054223.7535865 508.00 852
1681054223.7548997 508.00 859
1681054223.7561543 508.00 864
1681054223.757417 506.00 870
1681054223.758671 507.00 876
1681054223.8245573 507.00 881
1681054223.826286 507.00 887
1681054223.8276863 507.00 893
1681054223.82901 507.00 899
1681054223.830369 507.00 905
1681054223.8316898 506.00 911
1681054223.8330135 507.00 916
1681054223.8343277 507.00 922
1681054223.8355353 506.00 927
1681054223.836739 507.00 933
1681054223.8379858 511.00 940
1681054223.8391836 505.00 945
1681054223.8403778 507.00 951
1681054223.8416038 506.00 957
1681054223.842825 506.00 962
1681054223.9090476 507.00 968
1681054223.9107203 506.00 974
1681054223.9120533 506.00 979
1681054223.913391 507.00 986
1681054223.9147117 506.00 992
1681054223.9161406 506.00 997
1681054223.9175828 506.00 1003
1681054223.918991 506.00 1009
1681054223.9204135 506.00 1015
1681054223.921743 506.00 1021
1681054223.9230475 506.00 1028
1681054223.9243653 506.00 1034
1681054223.925695 506.00 1040
1681054223.9270906 512.00 1046
1681054223.9933946 506.00 1052
1681054223.9953535 506.00 1058
1681054223.9967964 507.00 1064
1681054223.9982738 506.00 1071
1681054223.9996333 506.00 1077
1681054224.000984 506.00 1083
1681054224.002358 500.00 1089
1681054224.0037374 506.00 1095
1681054224.0050938 506.00 1101
1681054224.006469 506.00 1107
1681054224.007784 506.00 1114
1681054224.0093095 506.00 1120
1681054224.010655 506.00 1126
1681054224.011907 506.00 1132
1681054224.0783887 506.00 1137
1681054224.0797985 506.00 1143
1681054224.0811646 506.00 1149
1681054224.082554 506.00 1156
1681054224.0839782 506.00 1162
1681054224.0852375 506.00 1168
1681054224.08652 506.00 1174
1681054224.087753 506.00 1180
1681054224.0889773 506.00 1186
1681054224.0902414 506.00 1192
1681054224.0914695 506.00 1199
1681054224.0926988 506.00 1205
1681054224.0939784 506.00 1211
1681054224.095204 505.00 1217
1681054224.1628242 506.00 1223
1681054224.1642356 506.00 1229
1681054224.1656277 506.00 1235
1681054224.1669867 506.00 1242
1681054224.1683238 505.00 1248
1681054224.1696775 505.00 1254
1681054224.1710303 510.00 1260
1681054224.1723852 506.00 1266
1681054224.1736403 505.00 1272
1681054224.1748984 505.00 1280
1681054224.1761427 505.00 1286
1681054224.1774468 505.00 1292
1681054224.178699 504.00 1298
1681054224.2462664 505.00 1304
1681054224.2479305 505.00 1310
1681054224.2494085 505.00 1316
1681054224.2508328 505.00 1324
1681054224.2522433 504.00 1330
1681054224.2536473 505.00 1336
1681054224.2553585 505.00 1342
1681054224.256806 505.00 1348
1681054224.2582393 505.00 1354
1681054224.2596033 504.00 1360
1681054224.2608762 505.00 1368
1681054224.2621443 505.00 1374
1681054224.2633932 504.00 1380
1681054224.2646346 505.00 1386
1681054224.3314376 505.00 1392
1681054224.3328552 505.00 1398
1681054224.33443 505.00 1404
1681054224.336181 505.00 1412
1681054224.3375156 504.00 1418
1681054224.338822 505.00 1424
1681054224.3400786 504.00 1430
1681054224.3413525 505.00 1436
1681054224.3426151 505.00 1442
1681054224.3438518 505.00 1448
1681054224.345091 503.00 1456
1681054224.346386 502.00 1462
1681054224.3477666 505.00 1468
1681054224.4148958 505.00 1474
1681054224.4167676 504.00 1480
1681054224.4182312 505.00 1486
1681054224.4195268 505.00 1492
1681054224.420794 505.00 1500
1681054224.4221122 505.00 1506
1681054224.423371 505.00 1512
1681054224.4246175 505.00 1518
1681054224.4259152 505.00 1524
1681054224.4271605 505.00 1530
1681054224.4288015 505.00 1537
1681054224.430131 504.00 1544
1681054224.4313943 505.00 1550
1681054224.4989448 508.00 1556
1681054224.5006444 505.00 1562
1681054224.5021687 505.00 1568
1681054224.5035381 504.00 1574
1681054224.50489 505.00 1581
1681054224.5062704 505.00 1588
1681054224.5077634 504.00 1594
1681054224.5094001 505.00 1600
1681054224.510704 506.00 1606
1681054224.511957 505.00 1612
1681054224.513328 505.00 1618
1681054224.5146778 505.00 1625
1681054224.5159237 505.00 1632
1681054224.517163 505.00 1638
1681054224.5843093 505.00 1644
1681054224.585789 504.00 1650
1681054224.5871744 505.00 1656
1681054224.588531 505.00 1662
1681054224.590014 505.00 1669
1681054224.5914652 504.00 1676
1681054224.5929863 505.00 1682
1681054224.5943975 510.00 1688
1681054224.5957525 505.00 1694
1681054224.5971005 504.00 1700
1681054224.5985014 505.00 1707
1681054224.5997484 504.00 1713
1681054224.6009872 504.00 1720
1681054224.667598 504.00 1726
1681054224.6692681 505.00 1732
1681054224.6707373 504.00 1738
1681054224.6722138 504.00 1744
1681054224.6736624 504.00 1751
1681054224.6751885 504.00 1757
1681054224.6766763 504.00 1764
1681054224.6781175 504.00 1770
1681054224.6794217 504.00 1776
1681054224.680688 504.00 1782
1681054224.681989 505.00 1788
1681054224.6832552 504.00 1795
1681054224.6845248 505.00 1801
1681054224.6858287 504.00 1808
1681054224.753084 504.00 1814
1681054224.7545807 504.00 1820
1681054224.7559505 504.00 1826
1681054224.7573168 504.00 1832
1681054224.758813 505.00 1839
1681054224.7602975 504.00 1845
1681054224.7616844 504.00 1852
1681054224.7630596 504.00 1858
1681054224.7644114 505.00 1864
1681054224.7657814 504.00 1870
1681054224.7671518 504.00 1876
1681054224.7685378 504.00 1883
1681054224.7698002 505.00 1889
1681054224.8363357 504.00 1896
1681054224.837999 504.00 1902
1681054224.839388 508.00 1908
1681054224.8407502 504.00 1914
1681054224.8423297 505.00 1921
1681054224.8436255 504.00 1927
1681054224.8448734 504.00 1933
1681054224.8461685 504.00 1940
1681054224.847435 504.00 1946
1681054224.8486943 504.00 1952
1681054224.849979 504.00 1958
1681054224.8512192 504.00 1965
1681054224.8524568 504.00 1971
1681054224.920348 504.00 1977
1681054224.9219904 504.00 1984
1681054224.923372 504.00 1990
1681054224.9247603 506.00 1996
1681054224.926452 504.00 2002
1681054224.9278698 504.00 2009
1681054224.9292514 504.00 2015
1681054224.930649 504.00 2021
1681054224.932012 504.00 2028
1681054224.9335856 504.00 2034
1681054224.9351027 504.00 2040
1681054224.9363837 504.00 2046
1681054224.937656 505.00 2053
1681054224.9389052 505.00 2059
1681054225.005687 502.00 2065
1681054225.0071108 505.00 2072
1681054225.0087557 504.00 2078
1681054225.010296 504.00 2084
1681054225.011673 498.00 2091
1681054225.0130522 504.00 2097
1681054225.0147774 504.00 2103
1681054225.0162065 504.00 2109
1681054225.0175798 505.00 2116
1681054225.0189073 505.00 2122
1681054225.0202613 505.00 2128
1681054225.021919 504.00 2135
1681054225.023309 504.00 2141
1681054225.0890436 504.00 2147
1681054225.090741 504.00 2153
1681054225.092242 504.00 2160
1681054225.093668 504.00 2166
1681054225.0950441 504.00 2172
1681054225.0964048 503.00 2179
1681054225.0977771 505.00 2185
1681054225.0991302 504.00 2191
1681054225.1004014 505.00 2197
1681054225.1017075 504.00 2204
1681054225.1030028 504.00 2210
1681054225.1042547 502.00 2216
1681054225.1055238 504.00 2223
1681054225.1067834 505.00 2229
1681054225.1745048 504.00 2235
1681054225.1759944 504.00 2241
1681054225.1774404 504.00 2248
1681054225.1788454 504.00 2254
1681054225.180254 504.00 2260
1681054225.1816566 504.00 2267
1681054225.1830745 504.00 2273
1681054225.1845038 504.00 2279
1681054225.1858933 504.00 2285
1681054225.1871817 503.00 2292
1681054225.1884887 504.00 2298
1681054225.1897955 504.00 2305
1681054225.191097 504.00 2311
1681054225.257797 504.00 2317
1681054225.2595284 504.00 2323
1681054225.260898 504.00 2329
1681054225.262343 504.00 2336
1681054225.2638133 504.00 2342
1681054225.2651691 504.00 2349
1681054225.2665565 503.00 2355
1681054225.2679005 504.00 2361
1681054225.269246 503.00 2367
1681054225.270624 504.00 2373
1681054225.271969 504.00 2380
1681054225.273318 504.00 2386
1681054225.2746887 504.00 2393
1681054225.3417587 504.00 2399
1681054225.3435004 504.00 2405
1681054225.3449216 504.00 2411
1681054225.346341 504.00 2417
1681054225.3477006 504.00 2424
1681054225.349055 504.00 2430
1681054225.3505497 506.00 2437
1681054225.3519504 504.00 2443
1681054225.3533397 505.00 2449
1681054225.3548064 504.00 2455
1681054225.3561902 504.00 2461
1681054225.3576407 504.00 2468
1681054225.3592181 504.00 2475
1681054225.360586 504.00 2481
1681054225.4272103 504.00 2487
1681054225.4289045 504.00 2493
1681054225.4306164 504.00 2499
1681054225.4321206 504.00 2505
1681054225.4336786 505.00 2512
1681054225.4353108 504.00 2519
1681054225.4368238 504.00 2525
1681054225.4383545 504.00 2531
1681054225.4396977 502.00 2537
1681054225.441073 504.00 2543
1681054225.4426572 504.00 2549
1681054225.4444282 504.00 2556
1681054225.4459188 504.00 2563
1681054225.5104833 504.00 2569
1681054225.5120504 504.00 2575
1681054225.5135267 504.00 2581
1681054225.5148985 504.00 2587
1681054225.516241 509.00 2593
1681054225.5175877 504.00 2600
1681054225.518928 504.00 2607
1681054225.520263 504.00 2613
1681054225.5215921 504.00 2619
1681054225.5228965 504.00 2625
1681054225.524232 504.00 2631
1681054225.525709 504.00 2637
1681054225.527118 504.00 2644
1681054225.5284402 504.00 2651
1681054225.5950644 504.00 2657
1681054225.5956736 504.00 2663
1681054225.5963008 504.00 2669
1681054225.5970192 504.00 2675
1681054225.5977237 504.00 2681
1681054225.598423 502.00 2689
1681054225.59911 504.00 2695
1681054225.599786 504.00 2701
1681054225.6004763 504.00 2707
1681054225.6011548 504.00 2713
1681054225.6018505 504.00 2719
1681054225.602542 504.00 2725
1681054225.6032264 504.00 2733
1681054225.679265 504.00 2739
1681054225.680917 504.00 2745
1681054225.6824229 504.00 2751
1681054225.683859 504.00 2757
1681054225.6853292 504.00 2763
1681054225.6866453 505.00 2769
1681054225.6881685 504.00 2777
1681054225.689489 504.00 2783
1681054225.690749 504.00 2789
1681054225.6919894 499.00 2795
1681054225.6932387 504.00 2801
1681054225.6945581 504.00 2807
1681054225.6957977 506.00 2813
1681054225.6970396 504.00 2821
1681054225.764575 504.00 2827
1681054225.7661436 504.00 2833
1681054225.7676256 504.00 2839
1681054225.769039 504.00 2845
1681054225.7703915 504.00 2851
1681054225.7717168 504.00 2857
1681054225.7730434 504.00 2865
1681054225.7745237 504.00 2871
1681054225.7761016 505.00 2877
1681054225.7774858 505.00 2883
1681054225.778845 504.00 2889
1681054225.7803113 504.00 2895
1681054225.7816868 504.00 2902
1681054225.8484752 504.00 2909
1681054225.8499236 504.00 2915
1681054225.8512855 505.00 2921
1681054225.8527434 504.00 2927
1681054225.8541381 504.00 2933
1681054225.8557837 504.00 2939
1681054225.8573606 504.00 2946
1681054225.8589456 504.00 2953
1681054225.860442 504.00 2959
1681054225.8619747 505.00 2965
1681054225.8632562 504.00 2971
1681054225.8644881 504.00 2977
1681054225.8657558 504.00 2983
1681054225.9317565 511.00 2990
1681054225.9326084 504.00 2997
1681054225.9333766 504.00 3003
1681054225.934187 504.00 3009
1681054225.935077 504.00 3015
1681054225.935971 504.00 3021
1681054225.9368646 504.00 3027
1681054225.9377854 504.00 3034
1681054225.938675 504.00 3041
1681054225.9395576 504.00 3047
1681054225.9403884 504.00 3053
1681054225.941238 504.00 3059
1681054225.9422474 504.00 3065
1681054225.943232 504.00 3072
1681054226.01668 504.00 3078
1681054226.0174928 504.00 3085
1681054226.0181801 504.00 3091
1681054226.018897 504.00 3097
1681054226.0195975 504.00 3103
1681054226.0203283 504.00 3109
1681054226.0210583 504.00 3116
1681054226.0217369 504.00 3122
1681054226.022407 504.00 3129
1681054226.0230618 508.00 3135
1681054226.0237145 503.00 3141
1681054226.0243726 504.00 3147
1681054226.0250237 504.00 3153
1681054226.100605 504.00 3160
1681054226.1023312 504.00 3166
1681054226.1037133 504.00 3173
1681054226.1050842 504.00 3179
1681054226.107326 504.00 3185
1681054226.109099 504.00 3191
1681054226.1106286 504.00 3197
1681054226.1119714 504.00 3204
1681054226.113318 504.00 3210
1681054226.114668 504.00 3217
1681054226.115991 504.00 3223
1681054226.1172376 504.00 3229
1681054226.1184876 504.00 3235
1681054226.1197193 504.00 3241
1681054226.185902 504.00 3248
1681054226.1874385 504.00 3254
1681054226.1888454 504.00 3261
1681054226.1903725 504.00 3267
1681054226.1917558 503.00 3273
1681054226.1930864 504.00 3279
1681054226.1944554 504.00 3286
1681054226.1957695 504.00 3292
1681054226.197079 504.00 3298
1681054226.1984289 504.00 3305
1681054226.199761 504.00 3311
1681054226.201081 505.00 3317
1681054226.2024484 504.00 3323
1681054226.2701209 504.00 3330
1681054226.2716238 504.00 3336
1681054226.2734742 504.00 3342
1681054226.2756777 504.00 3349
1681054226.2772872 504.00 3355
1681054226.2786646 504.00 3361
1681054226.2799823 504.00 3367
1681054226.2812924 504.00 3374
1681054226.2826214 505.00 3380
1681054226.2839282 504.00 3386
1681054226.2852716 504.00 3393
1681054226.2866225 504.00 3399
1681054226.2879362 504.00 3405
1681054226.353402 504.00 3411
1681054226.355241 505.00 3418
1681054226.3565996 502.00 3424
1681054226.358043 504.00 3430
1681054226.3595521 504.00 3436
1681054226.3609138 504.00 3443
1681054226.3622785 494.00 3449
1681054226.363633 504.00 3456
1681054226.3649707 505.00 3462
1681054226.3663197 504.00 3468
1681054226.3676472 504.00 3474
1681054226.368984 504.00 3480
1681054226.370337 504.00 3487
1681054226.3716407 504.00 3493
1681054226.4387407 504.00 3500
1681054226.440319 504.00 3506
1681054226.441761 504.00 3512
1681054226.4433644 504.00 3518
1681054226.44482 504.00 3524
1681054226.4462016 504.00 3531
1681054226.4475436 504.00 3537
1681054226.4489574 504.00 3544
1681054226.4503815 504.00 3550
1681054226.4517045 504.00 3556
1681054226.4530277 504.00 3562
1681054226.4543931 504.00 3569
1681054226.4557176 504.00 3575
1681054226.5221317 504.00 3581
1681054226.523811 504.00 3588
1681054226.5254152 504.00 3594
1681054226.5269103 504.00 3600
1681054226.5282888 504.00 3606
1681054226.529727 505.00 3612
1681054226.5311193 504.00 3619
1681054226.5324762 504.00 3625
1681054226.533851 504.00 3632
1681054226.535235 504.00 3638
1681054226.5365658 504.00 3644
1681054226.5379245 502.00 3650
1681054226.5393023 505.00 3657
1681054226.5406535 504.00 3663
1681054226.6072154 505.00 3670
1681054226.6088521 504.00 3676
1681054226.6101751 504.00 3682
1681054226.6114097 504.00 3688
1681054226.6126294 504.00 3694
1681054226.6138916 504.00 3700
1681054226.615104 504.00 3707
1681054226.6163163 504.00 3714
1681054226.61758 506.00 3720
1681054226.6188378 504.00 3726
1681054226.6200583 504.00 3732
1681054226.6212716 504.00 3738
1681054226.622521 504.00 3744
1681054226.6914542 504.00 3751
1681054226.692958 504.00 3758
1681054226.6943944 504.00 3764
1681054226.6958263 504.00 3770
1681054226.6971583 504.00 3776
1681054226.698519 504.00 3782
1681054226.7000186 504.00 3788
1681054226.7013733 504.00 3795
1681054226.702718 504.00 3802
1681054226.7040584 504.00 3808
1681054226.7054102 504.00 3814
1681054226.7067573 504.00 3820
1681054226.7081766 504.00 3826
1681054226.7748387 504.00 3832
1681054226.7767112 502.00 3840
1681054226.7783206 504.00 3846
1681054226.7798262 504.00 3852
1681054226.781209 504.00 3858
1681054226.7826002 504.00 3864
1681054226.7839599 504.00 3870
1681054226.7853184 504.00 3876
1681054226.78669 504.00 3884
1681054226.7880697 504.00 3890
1681054226.7894459 504.00 3896
1681054226.7908163 504.00 3902
1681054226.7922118 504.00 3908
1681054226.7936158 504.00 3914
1681054226.8601828 504.00 3920
1681054226.86165 505.00 3928
1681054226.8630924 504.00 3934
1681054226.8644779 504.00 3940
1681054226.8658996 504.00 3946
1681054226.8673038 504.00 3952
1681054226.8686814 504.00 3958
1681054226.8701239 504.00 3964
1681054226.8717232 504.00 3972
1681054226.8730898 504.00 3978
1681054226.8744447 504.00 3984
1681054226.875809 504.00 3990
1681054226.8771136 504.00 3996
1681054226.9435463 504.00 4002
1681054226.9451404 504.00 4008
1681054226.946566 504.00 4016
1681054226.947919 504.00 4022
1681054226.94926 504.00 4028
1681054226.9506972 504.00 4034
1681054226.9523659 504.00 4040
1681054226.9538262 504.00 4046
1681054226.9551191 504.00 4052
1681054226.956396 504.00 4060
1681054226.9579718 504.00 4066
1681054226.9593172 504.00 4072
1681054226.9605858 504.00 4078
1681054226.9618912 504.00 4084
1681054227.0287995 504.00 4090
1681054227.0303192 506.00 4097
1681054227.031822 502.00 4104
1681054227.033213 504.00 4110
1681054227.0346508 504.00 4116
1681054227.0360413 504.00 4122
1681054227.037432 504.00 4128
1681054227.0388074 504.00 4134
1681054227.0401857 504.00 4141
1681054227.0415826 504.00 4148
1681054227.0429606 504.00 4154
1681054227.0443509 504.00 4160
1681054227.0458467 504.00 4166
1681054227.1123135 506.00 4172
1681054227.1139636 504.00 4178
1681054227.1154811 504.00 4185
1681054227.1168709 504.00 4192
1681054227.1182485 504.00 4198
1681054227.119597 504.00 4204
1681054227.1209428 504.00 4210
1681054227.1223161 504.00 4216
1681054227.1236606 504.00 4222
1681054227.1250465 504.00 4229
1681054227.126422 504.00 4236
1681054227.1277559 505.00 4242
1681054227.12921 504.00 4248
1681054227.1962008 504.00 4254
1681054227.1978555 504.00 4260
1681054227.1992455 505.00 4267
1681054227.2005982 504.00 4273
1681054227.2019546 504.00 4280
1681054227.2032895 504.00 4286
1681054227.2046208 504.00 4292
1681054227.2059703 504.00 4298
1681054227.2073 504.00 4304
1681054227.2086377 504.00 4311
1681054227.2100713 504.00 4317
1681054227.2114227 504.00 4324
1681054227.2127595 504.00 4330
1681054227.2140677 504.00 4336
1681054227.281593 504.00 4342
1681054227.2831528 504.00 4348
1681054227.2846274 505.00 4355
1681054227.2861683 504.00 4361
1681054227.2875516 504.00 4368
1681054227.2889144 504.00 4374
1681054227.2903507 504.00 4380
1681054227.2917833 504.00 4386
1681054227.2931628 504.00 4392
1681054227.2945952 505.00 4399
1681054227.2959774 504.00 4405
1681054227.2973633 504.00 4412
1681054227.2987416 504.00 4418
1681054227.364959 504.00 4424
1681054227.3666253 504.00 4430
1681054227.3679764 504.00 4436
1681054227.3693266 504.00 4443
1681054227.370682 505.00 4449
1681054227.372006 504.00 4456
1681054227.3732624 504.00 4462
1681054227.3745825 504.00 4468
1681054227.375915 504.00 4474
1681054227.377182 502.00 4481
1681054227.378471 504.00 4487
1681054227.3796966 504.00 4493
1681054227.3809237 504.00 4500
1681054227.3821971 504.00 4506
1681054227.450449 504.00 4512
1681054227.4519165 504.00 4518
1681054227.4533794 504.00 4525
1681054227.4547923 504.00 4531
1681054227.456358 504.00 4537
1681054227.4578233 504.00 4544
1681054227.459264 506.00 4550
1681054227.4616551 504.00 4556
1681054227.4640558 504.00 4562
1681054227.4657922 504.00 4569
1681054227.4672587 504.00 4575
1681054227.4686005 504.00 4581
1681054227.4701152 504.00 4588
1681054227.5336876 503.00 4594
1681054227.5353374 504.00 4600
1681054227.536954 504.00 4606
1681054227.5384479 504.00 4613
1681054227.5398579 504.00 4619
1681054227.5414581 504.00 4625
1681054227.5428486 508.00 4632
1681054227.544131 504.00 4638
1681054227.545415 504.00 4644
1681054227.5466657 505.00 4651
1681054227.5480034 504.00 4657
1681054227.5492454 504.00 4663
1681054227.5505288 504.00 4669
1681054227.6177092 510.00 4676
1681054227.6195173 504.00 4682
1681054227.621037 504.00 4688
1681054227.6225677 504.00 4695
1681054227.6241796 504.00 4701
1681054227.625734 502.00 4707
1681054227.6271198 504.00 4713
1681054227.6284611 504.00 4720
1681054227.6298118 504.00 4726
1681054227.631138 504.00 4732
1681054227.6324549 504.00 4739
1681054227.6338017 504.00 4745
1681054227.6351652 504.00 4751
1681054227.6364956 504.00 4757
1681054227.7030098 504.00 4764
1681054227.7044883 504.00 4770
1681054227.7059734 504.00 4776
1681054227.707595 504.00 4783
1681054227.7090573 504.00 4789
1681054227.710553 504.00 4795
1681054227.712157 493.00 4801
1681054227.7137067 504.00 4808
1681054227.7151399 504.00 4814
1681054227.716536 504.00 4820
1681054227.71795 504.00 4827
1681054227.719385 504.00 4833
1681054227.720674 504.00 4839
1681054227.7864377 504.00 4845
1681054227.788308 504.00 4852
1681054227.7897594 504.00 4858
1681054227.7911787 504.00 4865
1681054227.792545 504.00 4871
1681054227.7939653 504.00 4877
1681054227.7953217 504.00 4883
1681054227.7966776 504.00 4889
1681054227.7983835 504.00 4896
1681054227.799828 504.00 4902
1681054227.8012292 504.00 4909
1681054227.8026514 504.00 4915
1681054227.8040407 504.00 4921
1681054227.8053734 504.00 4927
1681054227.8723907 504.00 4933
1681054227.8748434 504.00 4940
1681054227.8765292 504.00 4946
1681054227.8781133 504.00 4953
1681054227.8796275 504.00 4959
1681054227.8810265 505.00 4965
1681054227.882454 504.00 4971
1681054227.8838487 504.00 4977
1681054227.8852236 504.00 4984
1681054227.886621 503.00 4990
1681054227.888004 505.00 4997
1681054227.889392 504.00 5003
1681054227.8907692 504.00 5009
1681054227.9551954 504.00 5015
1681054227.9570117 504.00 5021
1681054227.9585865 504.00 5028
1681054227.9601061 504.00 5035
1681054227.9616332 508.00 5041
1681054227.963186 504.00 5047
1681054227.9645503 504.00 5053
1681054227.9659467 504.00 5059
1681054227.9673142 504.00 5065
1681054227.9686685 505.00 5072
1681054227.9700797 504.00 5079
1681054227.9714406 504.00 5085
1681054227.9727907 504.00 5091
1681054228.039172 504.00 5097
1681054228.040908 505.00 5103
1681054228.0424328 505.00 5109
1681054228.043855 505.00 5116
1681054228.0453694 506.00 5123
1681054228.0467706 506.00 5129
1681054228.0482597 507.00 5135
1681054228.049645 511.00 5141
1681054228.0510354 508.00 5147
1681054228.0524354 509.00 5153
1681054228.0538425 510.00 5160
1681054228.0551567 511.00 5167
1681054228.0564694 511.00 5173
1681054228.057766 512.00 5179
1681054228.1246297 513.00 5185
1681054228.1263804 513.00 5191
1681054228.1278636 514.00 5197
1681054228.129348 514.00 5204
1681054228.1307964 515.00 5211
1681054228.1321237 515.00 5217
1681054228.1334894 516.00 5223
1681054228.1348245 517.00 5229
1681054228.1361613 517.00 5235
1681054228.1375282 518.00 5241
1681054228.1388788 518.00 5249
1681054228.1402032 519.00 5255
1681054228.1417568 519.00 5261
1681054228.2079363 520.00 5267
1681054228.2097197 521.00 5273
1681054228.2113295 522.00 5279
1681054228.2128198 522.00 5285
1681054228.2143204 522.00 5293
1681054228.215773 523.00 5299
1681054228.2172444 523.00 5305
1681054228.21863 523.00 5311
1681054228.2199423 524.00 5317
1681054228.221258 524.00 5323
1681054228.2226448 524.00 5329
1681054228.2241032 525.00 5337
1681054228.2255995 525.00 5343
1681054228.2269545 525.00 5349
1681054228.2931335 525.00 5355
1681054228.2945702 526.00 5361
1681054228.2959166 526.00 5367
1681054228.2972686 526.00 5373
1681054228.2986383 527.00 5381
1681054228.2999692 527.00 5387
1681054228.301309 527.00 5393
1681054228.3027067 527.00 5399
1681054228.3040318 527.00 5405
1681054228.3053725 527.00 5411
1681054228.3067229 528.00 5417
1681054228.3080597 528.00 5425
1681054228.3093197 528.00 5431
1681054228.3764908 528.00 5437
1681054228.3781776 528.00 5443
1681054228.379563 528.00 5449
1681054228.380895 529.00 5455
1681054228.3822725 529.00 5462
1681054228.3835967 529.00 5469
1681054228.3849227 529.00 5475
1681054228.3862927 529.00 5481
1681054228.387671 529.00 5487
1681054228.3889892 529.00 5493
1681054228.3905149 529.00 5499
1681054228.392011 529.00 5506
1681054228.3933706 529.00 5513
1681054228.4605627 530.00 5519
1681054228.4622383 530.00 5525
1681054228.4636261 530.00 5531
1681054228.4650033 531.00 5537
1681054228.4664242 530.00 5543
1681054228.4677987 530.00 5550
1681054228.4692101 530.00 5557
1681054228.4706028 530.00 5563
1681054228.4719753 530.00 5569
1681054228.473436 530.00 5575
1681054228.475016 530.00 5581
1681054228.4763696 530.00 5587
1681054228.4777567 530.00 5594
1681054228.479161 530.00 5601
1681054228.5461218 531.00 5607
1681054228.5476854 547.00 5613
1681054228.5492404 531.00 5619
1681054228.5507512 531.00 5625
1681054228.5522013 531.00 5632
1681054228.5536005 531.00 5638
1681054228.5549347 531.00 5645
1681054228.5562956 531.00 5651
1681054228.5578482 531.00 5657
1681054228.559205 531.00 5663
1681054228.5605369 531.00 5669
1681054228.561912 531.00 5676
1681054228.563249 531.00 5682
1681054228.6293476 532.00 5689
1681054228.6310658 531.00 5695
1681054228.6325758 531.00 5701
1681054228.634077 531.00 5707
1681054228.6355357 531.00 5713
1681054228.6369808 531.00 5720
1681054228.6384676 531.00 5726
1681054228.6399822 531.00 5733
1681054228.6417134 531.00 5739
1681054228.643198 531.00 5745
1681054228.6445534 531.00 5751
1681054228.6459062 531.00 5757
1681054228.6472292 531.00 5764
1681054228.648569 532.00 5770
1681054228.714633 531.00 5777
1681054228.716098 532.00 5783
1681054228.7174802 532.00 5789
1681054228.718982 531.00 5795
1681054228.7203472 531.00 5801
1681054228.721698 531.00 5808
1681054228.723093 531.00 5814
1681054228.7246609 531.00 5821
1681054228.726085 531.00 5827
1681054228.7274296 531.00 5833
1681054228.7287562 531.00 5839
1681054228.7301083 531.00 5846
1681054228.7314377 531.00 5852
1681054228.798072 531.00 5858
1681054228.7997851 531.00 5865
1681054228.8012598 531.00 5871
1681054228.802749 531.00 5877
1681054228.8041933 531.00 5883
1681054228.80563 531.00 5890
1681054228.807108 531.00 5896
1681054228.8086088 531.00 5902
1681054228.810016 531.00 5909
1681054228.8113577 532.00 5915
1681054228.812684 531.00 5921
1681054228.814049 531.00 5927
1681054228.815366 531.00 5934
1681054228.8166764 531.00 5940
1681054228.8833115 531.00 5946
1681054228.8847237 531.00 5953
1681054228.8861513 531.00 5959
1681054228.8875544 531.00 5965
1681054228.8889327 531.00 5971
1681054228.8903923 531.00 5978
1681054228.8917634 531.00 5984
1681054228.8931415 531.00 5990
1681054228.8945327 532.00 5997
1681054228.8958504 531.00 6003
1681054228.8971076 531.00 6009
1681054228.8984022 531.00 6016
1681054228.8996463 531.00 6022
1681054228.9674158 531.00 6028
1681054228.9689295 531.00 6034
1681054228.9704945 531.00 6041
1681054228.971962 531.00 6047
1681054228.9734428 532.00 6053
1681054228.9749918 531.00 6060
1681054228.9763284 531.00 6066
1681054228.9776778 531.00 6072
1681054228.9790165 532.00 6078
1681054228.9803398 531.00 6085
1681054228.9816844 531.00 6091
1681054228.9830232 531.00 6097
1681054228.9843452 532.00 6104
1681054229.0507073 532.00 6110
1681054229.0524478 531.00 6116
1681054229.0538864 532.00 6122
1681054229.055275 532.00 6129
1681054229.0566373 532.00 6135
1681054229.0580192 532.00 6141
1681054229.0593739 532.00 6148
1681054229.0607262 532.00 6154
1681054229.0621052 532.00 6160
1681054229.0634797 532.00 6166
1681054229.0648246 532.00 6173
1681054229.0662313 532.00 6179
1681054229.067575 532.00 6185
1681054229.0688791 532.00 6192
1681054229.1360877 532.00 6198
1681054229.13753 532.00 6204
1681054229.1389391 532.00 6210
1681054229.140397 532.00 6217
1681054229.1419063 532.00 6223
1681054229.1433387 532.00 6230
1681054229.144736 532.00 6236
1681054229.1461422 532.00 6242
1681054229.1474948 532.00 6248
1681054229.148841 532.00 6254
1681054229.1502426 532.00 6261
1681054229.1515896 532.00 6267
1681054229.1529353 532.00 6274
1681054229.219553 532.00 6280
1681054229.2212903 532.00 6286
1681054229.2228088 532.00 6292
1681054229.22425 532.00 6298
1681054229.2258444 532.00 6305
1681054229.2272012 532.00 6311
1681054229.2285402 532.00 6318
1681054229.2299604 532.00 6324
1681054229.2313964 532.00 6330
1681054229.2327473 532.00 6336
1681054229.234108 532.00 6342
1681054229.2354515 532.00 6349
1681054229.2368004 532.00 6355
1681054229.2381823 532.00 6362
1681054229.3047707 532.00 6368
1681054229.3064384 532.00 6374
1681054229.3079414 532.00 6380
1681054229.3094134 532.00 6386
1681054229.310827 532.00 6393
1681054229.3122373 532.00 6400
1681054229.3137224 532.00 6406
1681054229.3152049 532.00 6412
1681054229.316597 532.00 6418
1681054229.31806 532.00 6424
1681054229.3196392 532.00 6430
1681054229.3210433 532.00 6437
1681054229.3225036 532.00 6444
1681054229.3891957 532.00 6450
1681054229.3920443 532.00 6456
1681054229.3948503 532.00 6462
1681054229.397699 532.00 6468
1681054229.4009573 532.00 6474
1681054229.4061813 532.00 6481
1681054229.4103472 532.00 6488
1681054229.4156504 532.00 6494
1681054229.4187264 532.00 6500
1681054229.4216025 532.00 6506
1681054229.4244003 532.00 6512
1681054229.4272764 532.00 6518
1681054229.4301207 532.00 6525
1681054229.472232 532.00 6532
1681054229.474263 532.00 6538
1681054229.475945 532.00 6544
1681054229.4775882 532.00 6550
1681054229.4790154 532.00 6556
1681054229.4805322 532.00 6562
1681054229.481706 532.00 6568
1681054229.4828167 532.00 6576
1681054229.4839175 532.00 6582
1681054229.4851143 532.00 6588
1681054229.4865818 532.00 6594
1681054229.4880586 532.00 6600
1681054229.4901412 532.00 6606
1681054229.4920154 532.00 6612
1681054229.5571845 532.00 6620
1681054229.558223 532.00 6626
1681054229.5592027 532.00 6632
1681054229.5601587 532.00 6638
1681054229.561106 532.00 6644
1681054229.562074 532.00 6650
1681054229.563023 532.00 6657
1681054229.563968 532.00 6664
1681054229.5649052 532.00 6670
1681054229.5658581 532.00 6676
1681054229.5668008 532.00 6682
1681054229.5677388 532.00 6688
1681054229.5686998 532.00 6694
1681054229.640921 532.00 6701
1681054229.6427023 532.00 6708
1681054229.644264 532.00 6714
1681054229.6458194 532.00 6720
1681054229.6473434 532.00 6726
1681054229.6488159 532.00 6732
1681054229.6502154 532.00 6738
1681054229.6515932 532.00 6745
1681054229.6529741 532.00 6752
1681054229.6544302 532.00 6758
1681054229.655896 532.00 6764
1681054229.657449 532.00 6770
1681054229.6588426 533.00 6776
1681054229.6602218 533.00 6782
1681054229.7262454 533.00 6789
1681054229.7276497 533.00 6796
1681054229.7290027 533.00 6802
1681054229.7304318 533.00 6808
1681054229.7317722 533.00 6814
1681054229.7331066 533.00 6820
1681054229.7344956 533.00 6827
1681054229.735824 533.00 6833
1681054229.737236 533.00 6840
1681054229.7386477 533.00 6846
1681054229.7402313 533.00 6852
1681054229.7416377 533.00 6858
1681054229.7429905 533.00 6864
1681054229.8103023 533.00 6871
1681054229.8118317 533.00 6877
1681054229.8133538 533.00 6884
1681054229.8148646 533.00 6890
1681054229.8162715 533.00 6896
1681054229.8176355 533.00 6902
1681054229.8190005 533.00 6908
1681054229.8203907 533.00 6915
1681054229.8217585 533.00 6921
1681054229.8232656 533.00 6928
1681054229.8247526 533.00 6934
1681054229.826148 533.00 6940
1681054229.8274899 533.00 6946
1681054229.8936255 533.00 6952
1681054229.8956177 533.00 6959
1681054229.8970282 533.00 6965
1681054229.8984761 533.00 6972
1681054229.8998637 533.00 6978
1681054229.9012482 533.00 6984
1681054229.902666 533.00 6990
1681054229.9041352 533.00 6996
1681054229.9055116 533.00 7003
1681054229.9068542 533.00 7009
1681054229.9081948 533.00 7016
1681054229.909561 533.00 7022
1681054229.9109058 533.00 7028
1681054229.9122374 533.00 7034
1681054229.9790013 533.00 7041
1681054229.9806066 533.00 7047
1681054229.982188 533.00 7053
1681054229.9836833 533.00 7060
1681054229.985149 533.00 7066
1681054229.9866126 533.00 7072
1681054229.9879682 533.00 7078
1681054229.9894593 533.00 7085
1681054229.99098 533.00 7091
1681054229.9923315 533.00 7097
1681054229.9936981 533.00 7104
1681054229.995047 533.00 7110
1681054229.9963799 533.00 7116
1681054230.0624096 533.00 7122
1681054230.0642 533.00 7129
1681054230.0657291 533.00 7135
1681054230.0672054 533.00 7141
1681054230.0686688 533.00 7148
1681054230.0701733 533.00 7154
1681054230.0715392 533.00 7160
1681054230.0731394 533.00 7166
1681054230.0747216 533.00 7173
1681054230.0760949 533.00 7179
1681054230.07751 533.00 7185
1681054230.0805314 533.00 7192
1681054230.0820196 533.00 7198
1681054230.0833905 533.00 7204
1681054230.14761 533.00 7211
1681054230.1489995 533.00 7217
1681054230.1504173 533.00 7223
1681054230.1517537 533.00 7229
1681054230.1530929 533.00 7236
1681054230.1544566 533.00 7242
1681054230.1558328 533.00 7248
1681054230.1575916 533.00 7255
1681054230.1590374 533.00 7261
1681054230.160373 533.00 7267
1681054230.1617448 533.00 7273
1681054230.1630845 533.00 7280
1681054230.1643515 533.00 7286
1681054230.231169 533.00 7292
1681054230.232926 533.00 7299
1681054230.2344372 533.00 7305
1681054230.2358937 533.00 7311
1681054230.237357 533.00 7317
1681054230.2388585 533.00 7324
1681054230.2405155 533.00 7330
1681054230.242021 533.00 7336
1681054230.243361 533.00 7343
1681054230.2446973 533.00 7349
1681054230.246052 533.00 7355
1681054230.2473834 533.00 7361
1681054230.2487113 533.00 7368
1681054230.3152494 533.00 7374
1681054230.3168924 533.00 7380
1681054230.3183362 533.00 7387
1681054230.319752 533.00 7393
1681054230.3211098 533.00 7399
1681054230.3227158 533.00 7405
1681054230.3242834 533.00 7412
1681054230.3256824 533.00 7418
1681054230.3270416 533.00 7425
1681054230.3283691 533.00 7431
1681054230.3297384 533.00 7437
1681054230.3310814 533.00 7443
1681054230.3324118 533.00 7449
1681054230.333801 533.00 7456
1681054230.4004834 533.00 7462
1681054230.4023817 533.00 7469
1681054230.4037838 533.00 7475
1681054230.4051292 533.00 7481
1681054230.406658 533.00 7487
1681054230.4084702 533.00 7493
1681054230.409981 533.00 7500
1681054230.4113362 533.00 7506
1681054230.412687 533.00 7513
1681054230.414101 533.00 7519
1681054230.4155068 533.00 7525
1681054230.4168673 533.00 7531
1681054230.418337 533.00 7537
1681054230.4837968 533.00 7544
1681054230.485594 533.00 7550
1681054230.4871018 533.00 7557
1681054230.4885762 533.00 7563
1681054230.4903095 533.00 7569
1681054230.4917028 533.00 7575
1681054230.4933589 533.00 7581
1681054230.4948318 533.00 7588
1681054230.4964461 533.00 7595
1681054230.4982338 533.00 7601
1681054230.499635 533.00 7607
1681054230.5009847 533.00 7613
1681054230.502367 533.00 7619
1681054230.5037029 533.00 7625
1681054230.5690799 533.00 7632
1681054230.5704956 533.00 7639
1681054230.5718336 533.00 7645
1681054230.5735059 533.00 7651
1681054230.5749295 533.00 7657
1681054230.5762708 533.00 7663
1681054230.5776145 533.00 7669
1681054230.5789492 533.00 7676
1681054230.580282 533.00 7683
1681054230.581624 533.00 7689
1681054230.5829542 533.00 7695
1681054230.5842192 533.00 7701
1681054230.5855675 533.00 7707
1681054230.6525037 533.00 7713
1681054230.6542907 533.00 7720
1681054230.6561618 533.00 7727
1681054230.6580288 533.00 7733
1681054230.65951 533.00 7739
1681054230.6608424 533.00 7745
1681054230.6621954 533.00 7751
1681054230.6635387 533.00 7757
1681054230.664868 533.00 7764
1681054230.6662202 533.00 7771
1681054230.6675496 533.00 7777
1681054230.6691334 533.00 7783
1681054230.6706314 533.00 7789
1681054230.736606 533.00 7795
1681054230.7384052 533.00 7801
1681054230.7400742 533.00 7809
1681054230.7420504 533.00 7815
1681054230.7434556 533.00 7821
1681054230.7447968 533.00 7827
1681054230.7461967 533.00 7833
1681054230.747535 533.00 7839
1681054230.7488651 533.00 7845
1681054230.750246 533.00 7853
1681054230.7515748 533.00 7859
1681054230.753157 533.00 7865
1681054230.7547116 533.00 7871
1681054230.7560632 533.00 7877
1681054230.821916 533.00 7883
1681054230.8238156 533.00 7889
1681054230.825205 533.00 7897
1681054230.8265817 533.00 7903
1681054230.8281202 533.00 7909
1681054230.829536 533.00 7915
1681054230.8309045 533.00 7921
1681054230.83224 533.00 7927
1681054230.8335965 533.00 7933
1681054230.834941 533.00 7941
1681054230.8363228 533.00 7947
1681054230.8378997 533.00 7953
1681054230.8396573 533.00 7959
1681054230.9053297 533.00 7965
1681054230.906548 533.00 7971
1681054230.9075234 533.00 7977
1681054230.9085484 533.00 7985
1681054230.9094918 533.00 7991
1681054230.9106617 533.00 7997
1681054230.91189 533.00 8003
1681054230.9130177 533.00 8009
1681054230.9140508 533.00 8015
1681054230.9147658 533.00 8022
1681054230.9155674 533.00 8029
1681054230.9163134 533.00 8035
1681054230.916957 533.00 8041
1681054230.9175591 533.00 8047
1681054230.9904485 533.00 8053
1681054230.9920502 533.00 8059
1681054230.9934566 533.00 8066
1681054230.9947975 533.00 8073
1681054230.9961138 533.00 8079
1681054230.99778 533.00 8085
1681054230.9993877 533.00 8091
1681054231.0008316 533.00 8097
1681054231.0022047 533.00 8103
1681054231.003476 533.00 8110
1681054231.0047128 533.00 8117
1681054231.005984 533.00 8123
1681054231.007242 533.00 8129
1681054231.074094 533.00 8135
1681054231.075869 533.00 8141
1681054231.077326 533.00 8147
1681054231.078682 533.00 8154
1681054231.080109 533.00 8161
1681054231.0814881 533.00 8167
1681054231.082821 533.00 8173
1681054231.084154 533.00 8179
1681054231.085505 533.00 8185
1681054231.0868416 533.00 8192
1681054231.088203 533.00 8198
1681054231.0895731 533.00 8205
1681054231.0911417 533.00 8211
1681054231.1580148 533.00 8217
1681054231.1600587 533.00 8223
1681054231.1615057 533.00 8229
1681054231.162869 533.00 8236
1681054231.1642296 533.00 8242
1681054231.165588 533.00 8249
1681054231.1669447 533.00 8255
1681054231.1682901 533.00 8261
1681054231.1696424 533.00 8267
1681054231.170991 533.00 8273
1681054231.1726813 533.00 8280
1681054231.1744387 533.00 8286
1681054231.1756904 533.00 8293
1681054231.1769245 533.00 8299
1681054231.2432456 533.00 8305
1681054231.2448316 533.00 8311
1681054231.2463481 533.00 8317
1681054231.2477155 533.00 8324
1681054231.2490833 533.00 8330
1681054231.250488 533.00 8337
1681054231.2518718 533.00 8343
1681054231.2535703 533.00 8349
1681054231.2550693 533.00 8355
1681054231.2567627 533.00 8361
1681054231.2581952 533.00 8368
1681054231.2595394 533.00 8374
1681054231.2608814 533.00 8381
1681054231.3267276 533.00 8387
1681054231.3283646 533.00 8393
1681054231.329751 533.00 8399
1681054231.3310978 533.00 8406
1681054231.332427 533.00 8412
1681054231.333796 533.00 8418
1681054231.3354435 533.00 8425
1681054231.3369713 533.00 8431
1681054231.338376 533.00 8437
1681054231.3400853 533.00 8443
1681054231.341952 533.00 8450
1681054231.3433688 533.00 8456
1681054231.3447132 533.00 8462
1681054231.3460717 533.00 8469
1681054231.4120414 533.00 8475
1681054231.4136004 533.00 8481
1681054231.4149613 533.00 8487
1681054231.416614 533.00 8494
1681054231.418158 533.00 8500
1681054231.4195018 533.00 8506
1681054231.420844 533.00 8513
1681054231.422325 533.00 8519
1681054231.4239302 533.00 8525
1681054231.425274 533.00 8531
1681054231.4266348 533.00 8538
1681054231.427972 533.00 8544
1681054231.4295795 533.00 8550
1681054231.4955816 533.00 8557
1681054231.497768 533.00 8563
1681054231.4994416 533.00 8569
1681054231.5009189 533.00 8576
1681054231.502435 533.00 8582
1681054231.503864 533.00 8588
1681054231.5052383 533.00 8594
1681054231.507026 533.00 8601
1681054231.5086386 533.00 8607
1681054231.5100987 533.00 8613
1681054231.5115097 533.00 8620
1681054231.5128999 533.00 8626
1681054231.5143595 533.00 8632
1681054231.5794356 533.00 8638
1681054231.5812173 533.00 8645
1681054231.5827694 533.00 8651
1681054231.5842133 533.00 8657
1681054231.5855858 533.00 8664
1681054231.586937 533.00 8670
1681054231.588531 533.00 8676
1681054231.5900025 533.00 8682
1681054231.59136 533.00 8689
1681054231.5927525 533.00 8695
1681054231.5942183 533.00 8701
1681054231.5955853 533.00 8708
1681054231.5969286 533.00 8714
1681054231.5983026 533.00 8720
1681054231.6648586 533.00 8726
1681054231.666521 533.00 8733
1681054231.668077 533.00 8739
1681054231.6698294 533.00 8745
1681054231.671284 533.00 8752
1681054231.672713 533.00 8758
1681054231.6741703 533.00 8764
1681054231.6755648 533.00 8770
1681054231.6769571 533.00 8777
1681054231.6784182 533.00 8783
1681054231.6798434 533.00 8790
1681054231.681262 533.00 8796
1681054231.6826806 533.00 8802
1681054231.7481456 533.00 8808
1681054231.7498202 533.00 8814
1681054231.7512908 533.00 8821
1681054231.752778 533.00 8827
1681054231.7542536 533.00 8834
1681054231.7556767 533.00 8840
1681054231.7570775 533.00 8846
1681054231.7585275 533.00 8852
1681054231.7599237 533.00 8858
1681054231.761357 533.00 8865
1681054231.7627573 533.00 8871
1681054231.7641625 533.00 8878
1681054231.7654955 533.00 8884
1681054231.7669392 533.00 8890
1681054231.833716 533.00 8896
1681054231.8352702 533.00 8902
1681054231.8367777 533.00 8909
1681054231.8382933 533.00 8915
1681054231.83999 533.00 8922
1681054231.8414438 533.00 8928
1681054231.8428004 533.00 8934
1681054231.844132 533.00 8940
1681054231.8454823 533.00 8946
1681054231.8468106 533.00 8953
1681054231.8481421 533.00 8960
1681054231.8494966 533.00 8966
1681054231.8508465 533.00 8972
1681054231.9169195 533.00 8978
1681054231.9189425 533.00 8984
1681054231.9205308 533.00 8990
1681054231.9221582 533.00 8997
1681054231.9238071 533.00 9004
1681054231.9252777 533.00 9010
1681054231.9266975 533.00 9016
1681054231.928145 533.00 9022
1681054231.9295816 533.00 9028
1681054231.9310014 533.00 9034
1681054231.9323947 533.00 9041
1681054231.9338229 533.00 9048
1681054231.9354002 533.00 9054
1681054231.936783 533.00 9060
1681054232.002281 533.00 9066
1681054232.0038652 533.00 9072
1681054232.005345 533.00 9078
1681054232.006841 533.00 9085
1681054232.008231 533.00 9092
1681054232.0096061 533.00 9098
1681054232.0109954 533.00 9104
1681054232.0124261 533.00 9110
1681054232.0138466 533.00 9116
1681054232.015232 533.00 9122
1681054232.0165179 533.00 9129
1681054232.0177913 533.00 9136
1681054232.0190687 533.00 9142
1681054232.0864227 533.00 9148
1681054232.0880456 533.00 9154
1681054232.0896764 533.00 9160
1681054232.0913327 533.00 9166
1681054232.0928557 533.00 9174
1681054232.094395 533.00 9180
1681054232.0957952 533.00 9186
1681054232.0971966 533.00 9192
1681054232.098613 533.00 9198
1681054232.1000106 533.00 9204
1681054232.1014123 533.00 9210
1681054232.1028166 533.00 9218
1681054232.1042137 533.00 9224
1681054232.1695714 533.00 9230
1681054232.1712685 533.00 9236
1681054232.1728048 533.00 9242
1681054232.1743906 533.00 9248
1681054232.1758132 533.00 9254
1681054232.1772337 533.00 9262
1681054232.1786726 533.00 9268
1681054232.18006 533.00 9274
1681054232.1814516 533.00 9280
1681054232.1828148 533.00 9286
1681054232.1841848 533.00 9292
1681054232.1855576 533.00 9298
1681054232.1870687 533.00 9306
1681054232.188455 533.00 9312
1681054232.2549455 533.00 9318
1681054232.2566826 533.00 9324
1681054232.2582233 533.00 9330
1681054232.2598197 533.00 9336
1681054232.2615652 533.00 9342
1681054232.2630866 533.00 9350
1681054232.264538 533.00 9356
1681054232.2658842 533.00 9362
1681054232.2672215 533.00 9368
1681054232.2686853 533.00 9374
1681054232.2701273 533.00 9380
1681054232.2714586 533.00 9387
1681054232.2727866 533.00 9394
1681054232.3383164 533.00 9400
1681054232.3400636 533.00 9406
1681054232.3416753 533.00 9412
1681054232.343213 533.00 9418
1681054232.3445442 533.00 9424
1681054232.345914 533.00 9431
1681054232.3472614 533.00 9438
1681054232.3485813 533.00 9444
1681054232.3500652 533.00 9450
1681054232.3514228 533.00 9456
1681054232.352751 533.00 9462
1681054232.3542047 533.00 9468
1681054232.355632 533.00 9475
1681054232.3569717 533.00 9482
1681054232.423751 533.00 9488
1681054232.4254148 533.00 9494
1681054232.4267948 533.00 9500
1681054232.4282243 533.00 9506
1681054232.4298158 533.00 9512
1681054232.4312105 533.00 9519
1681054232.4325447 533.00 9526
1681054232.4339006 533.00 9532
1681054232.4352968 533.00 9538
1681054232.4367132 533.00 9544
1681054232.4380739 533.00 9550
1681054232.439392 533.00 9556
1681054232.4407196 533.00 9563
1681054232.5077093 533.00 9570
1681054232.509228 533.00 9576
1681054232.510893 533.00 9582
1681054232.5122852 533.00 9588
1681054232.5138113 533.00 9594
1681054232.5153608 533.00 9601
1681054232.5168774 533.00 9607
1681054232.5182617 533.00 9614
1681054232.5195827 533.00 9620
1681054232.520895 533.00 9626
1681054232.5222652 533.00 9632
1681054232.5237744 533.00 9638
1681054232.5252037 533.00 9645
1681054232.5910428 533.00 9651
1681054232.5929787 533.00 9658
1681054232.594858 533.00 9664
1681054232.596282 533.00 9670
1681054232.5976634 533.00 9676
1681054232.5990062 533.00 9682
1681054232.600341 533.00 9689
1681054232.6016834 533.00 9695
1681054232.6030369 533.00 9702
1681054232.604536 533.00 9708
1681054232.6064029 533.00 9714
1681054232.607849 533.00 9720
1681054232.6091526 533.00 9726
1681054232.6104288 533.00 9733
1681054232.6763208 533.00 9739
1681054232.6778092 533.00 9746
1681054232.6792312 533.00 9752
1681054232.6806011 533.00 9758
1681054232.68205 533.00 9764
1681054232.6834335 533.00 9771
1681054232.6851873 533.00 9777
1681054232.6866207 533.00 9783
1681054232.687987 533.00 9789
1681054232.6893313 533.00 9796
1681054232.6905982 533.00 9802
1681054232.6918492 533.00 9808
1681054232.693125 533.00 9815
1681054232.7598157 533.00 9821
1681054232.7616076 533.00 9827
1681054232.763149 533.00 9833
1681054232.764536 533.00 9840
1681054232.7660685 533.00 9846
1681054232.7675052 533.00 9852
1681054232.7688673 533.00 9859
1681054232.7702909 533.00 9865
1681054232.7716715 533.00 9871
1681054232.7734535 533.00 9877
1681054232.774855 533.00 9884
1681054232.7762465 533.00 9890
1681054232.777642 533.00 9896
1681054232.7790425 533.00 9903
1681054232.8452184 533.00 9909
1681054232.8468928 533.00 9915
1681054232.848297 533.00 9921
1681054232.8497028 533.00 9928
1681054232.8511035 533.00 9934
1681054232.852457 533.00 9940
1681054232.8538432 533.00 9947
1681054232.8554459 533.00 9953
1681054232.8569214 533.00 9959
1681054232.8583627 533.00 9965
1681054232.859819 533.00 9972
1681054232.861333 533.00 9978
1681054232.8627396 533.00 9985
1681054232.9292355 533.00 9991
1681054232.9308567 533.00 9997
1681054232.9324076 533.00 10003
1681054232.933967 533.00 10010
1681054232.9355574 533.00 10016
1681054232.9371252 533.00 10022
1681054232.9387212 533.00 10030
1681054232.9403884 533.00 10036
1681054232.9418428 533.00 10042
1681054232.9432817 533.00 10049
1681054232.9446764 533.00 10055
1681054232.9461367 533.00 10061
1681054232.9475343 533.00 10067
1681054233.0126476 533.00 10075
1681054233.0144064 533.00 10081
1681054233.015855 533.00 10087
1681054233.0172842 533.00 10094
1681054233.01873 533.00 10100
1681054233.0200713 533.00 10106
1681054233.021464 533.00 10114
1681054233.022931 533.00 10120
1681054233.0243635 533.00 10126
1681054233.025825 533.00 10133
1681054233.0272558 533.00 10139
1681054233.0286424 533.00 10145
1681054233.0299733 533.00 10151
1681054233.096779 533.00 10159
1681054233.097836 533.00 10165
1681054233.0986042 533.00 10171
1681054233.0994477 533.00 10178
1681054233.1001904 533.00 10184
1681054233.1009037 533.00 10190
1681054233.1016686 533.00 10198
1681054233.1024117 533.00 10204
1681054233.103211 533.00 10210
1681054233.1040504 533.00 10217
1681054233.1048286 533.00 10223
1681054233.1055984 533.00 10229
1681054233.106331 533.00 10235
