1681054332.101577 532.00 1
1681054332.2218237 531.00 50
1681054332.2236955 532.00 52
1681054332.2253404 532.00 54
1681054332.226749 531.00 56
1681054332.2280798 532.00 61
1681054332.229339 532.00 65
1681054332.2306063 532.00 70
1681054332.2321086 532.00 75
1681054332.2335618 532.00 80
1681054332.2348266 532.00 86
1681054332.2362022 532.00 91
1681054332.2374866 532.00 95
1681054332.2387526 531.00 100
1681054332.240285 532.00 105
1681054332.2417128 532.00 110
1681054332.2429569 532.00 115
1681054332.244202 532.00 120
1681054332.3069735 532.00 125
1681054332.308594 532.00 131
1681054332.3099113 532.00 136
1681054332.311153 532.00 141
1681054332.3123872 532.00 146
1681054332.3136554 532.00 151
1681054332.3148937 532.00 156
1681054332.3161187 531.00 161
1681054332.3173957 532.00 166
1681054332.3186562 532.00 173
1681054332.3199086 531.00 178
1681054332.321116 532.00 183
1681054332.3223057 532.00 188
1681054332.3235803 532.00 194
1681054332.3248458 532.00 199
1681054332.3260477 532.00 204
1681054332.3910282 532.00 210
1681054332.392235 531.00 216
1681054332.3934462 532.00 221
1681054332.3946235 532.00 227
1681054332.3957849 532.00 232
1681054332.3969452 531.00 237
1681054332.3981361 532.00 243
1681054332.3992884 532.00 248
1681054332.4004376 532.00 253
1681054332.4016166 532.00 260
1681054332.4027784 531.00 265
1681054332.403922 532.00 270
1681054332.4050694 532.00 275
1681054332.4062884 532.00 281
1681054332.4074404 532.00 286
1681054332.4745195 532.00 291
1681054332.4760325 531.00 297
1681054332.4773562 532.00 303
1681054332.4786456 532.00 308
1681054332.479904 532.00 314
1681054332.481157 532.00 319
1681054332.482438 532.00 324
1681054332.4836788 532.00 330
1681054332.4848387 532.00 335
1681054332.4860327 532.00 340
1681054332.4872208 532.00 347
1681054332.4883683 532.00 352
1681054332.4896588 531.00 357
1681054332.4909396 531.00 362
1681054332.4921415 532.00 368
1681054332.4933138 532.00 373
1681054332.5595763 532.00 378
1681054332.5608706 532.00 385
1681054332.5621605 532.00 390
1681054332.5634115 531.00 395
1681054332.5646634 532.00 401
1681054332.5659704 532.00 406
1681054332.5672266 531.00 411
1681054332.5683942 532.00 417
1681054332.5695658 532.00 422
1681054332.5707273 531.00 428
1681054332.5718796 532.00 434
1681054332.5730357 531.00 439
1681054332.5742376 531.00 444
1681054332.5755334 532.00 449
1681054332.5766966 532.00 455
1681054332.6431706 532.00 460
1681054332.6450047 531.00 465
1681054332.6463883 532.00 472
1681054332.6476617 532.00 477
1681054332.6489115 532.00 482
1681054332.6502247 531.00 488
1681054332.651599 532.00 493
1681054332.6528292 532.00 498
1681054332.654021 532.00 504
1681054332.655178 531.00 509
1681054332.6565173 531.00 515
1681054332.6581898 532.00 521
1681054332.659377 532.00 526
1681054332.6605434 532.00 531
1681054332.661726 532.00 536
1681054332.6629019 532.00 542
1681054332.728203 532.00 547
1681054332.7295856 532.00 552
1681054332.7309847 532.00 559
1681054332.7324078 532.00 564
1681054332.7337372 532.00 569
1681054332.7352722 532.00 575
1681054332.7365975 531.00 580
1681054332.7379148 532.00 585
1681054332.7392106 532.00 591
1681054332.7404375 531.00 596
1681054332.7418287 531.00 602
1681054332.743169 533.00 608
1681054332.7444434 531.00 613
1681054332.7456315 532.00 619
1681054332.7468138 531.00 624
1681054332.8115804 529.00 630
1681054332.8122015 532.00 635
1681054332.8126762 533.00 642
1681054332.8131163 532.00 647
1681054332.8136098 532.00 653
1681054332.8141031 532.00 658
1681054332.8145888 532.00 664
1681054332.8150764 532.00 669
1681054332.8155613 531.00 674
1681054332.8160477 532.00 680
1681054332.8165305 533.00 686
1681054332.8170109 535.00 692
1681054332.8175118 532.00 697
1681054332.8179958 532.00 703
1681054332.8185492 532.00 708
1681054332.8960574 532.00 714
1681054332.89766 532.00 720
1681054332.8990135 532.00 726
1681054332.9003415 532.00 732
1681054332.9016871 532.00 738
1681054332.9030035 532.00 743
1681054332.9043355 531.00 749
1681054332.9056802 532.00 754
1681054332.906909 532.00 760
1681054332.9081402 531.00 766
1681054332.9096134 532.00 772
1681054332.910852 529.00 778
1681054332.9120717 531.00 784
1681054332.913319 532.00 789
1681054332.9146457 532.00 795
1681054332.981205 532.00 801
1681054332.9826958 536.00 806
1681054332.9840357 532.00 813
1681054332.9853582 532.00 819
1681054332.9866555 532.00 824
1681054332.9879365 532.00 830
1681054332.98921 532.00 836
1681054332.9905298 532.00 841
1681054332.9918618 531.00 847
1681054332.9930925 534.00 852
1681054332.994289 532.00 859
1681054332.9954674 531.00 865
1681054332.996791 532.00 870
1681054332.9980092 532.00 876
1681054333.0645342 532.00 882
1681054333.0661376 531.00 887
1681054333.0676124 534.00 893
1681054333.0699875 532.00 900
1681054333.0722842 532.00 905
1681054333.0740242 532.00 911
1681054333.0754135 532.00 917
1681054333.0767844 532.00 922
1681054333.0781856 532.00 928
1681054333.0794063 532.00 933
1681054333.0805955 532.00 940
1681054333.0818183 531.00 946
1681054333.0829997 532.00 951
1681054333.084178 531.00 957
1681054333.0853913 532.00 963
1681054333.1498566 532.00 968
1681054333.1513603 532.00 974
1681054333.1527832 532.00 980
1681054333.154234 531.00 986
1681054333.1557517 531.00 992
1681054333.1574676 532.00 998
1681054333.1588328 532.00 1003
1681054333.1601884 531.00 1009
1681054333.1615357 532.00 1015
1681054333.1629622 531.00 1021
1681054333.164282 532.00 1028
1681054333.165623 532.00 1034
1681054333.16694 532.00 1040
1681054333.1682434 533.00 1046
1681054333.2333565 537.00 1052
1681054333.23501 532.00 1058
1681054333.236458 532.00 1064
1681054333.2379682 532.00 1071
1681054333.2393541 531.00 1077
1681054333.2407045 531.00 1083
1681054333.2420547 530.00 1089
1681054333.2433755 529.00 1095
1681054333.2446773 529.00 1101
1681054333.2459514 528.00 1107
1681054333.247163 528.00 1114
1681054333.248388 527.00 1120
1681054333.2496316 526.00 1126
1681054333.251007 526.00 1132
1681054333.3187 525.00 1138
1681054333.3203645 526.00 1144
1681054333.3218238 524.00 1150
1681054333.3232422 523.00 1157
1681054333.3246646 524.00 1163
1681054333.3260677 523.00 1169
1681054333.3274648 523.00 1175
1681054333.3289316 522.00 1181
1681054333.3304021 522.00 1187
1681054333.3319135 521.00 1193
1681054333.3333712 521.00 1200
1681054333.3347664 520.00 1206
1681054333.3361526 519.00 1212
1681054333.3375866 518.00 1218
1681054333.402814 518.00 1224
1681054333.4041824 517.00 1230
1681054333.405657 516.00 1235
1681054333.4071708 516.00 1242
1681054333.4086344 515.00 1248
1681054333.4100587 515.00 1254
1681054333.4113815 515.00 1260
1681054333.41269 514.00 1266
1681054333.414058 514.00 1272
1681054333.4153726 514.00 1278
1681054333.4166777 513.00 1285
1681054333.41798 513.00 1291
1681054333.419189 513.00 1297
1681054333.4860132 513.00 1303
1681054333.4876537 511.00 1309
1681054333.489127 512.00 1315
1681054333.4906094 512.00 1321
1681054333.4919908 512.00 1328
1681054333.4934468 512.00 1334
1681054333.4948752 509.00 1340
1681054333.4962842 511.00 1346
1681054333.4976747 511.00 1352
1681054333.4991384 510.00 1358
1681054333.5004222 510.00 1364
1681054333.5017223 510.00 1371
1681054333.503011 510.00 1377
1681054333.5043092 509.00 1383
1681054333.5704587 505.00 1389
1681054333.5720658 509.00 1395
1681054333.573513 509.00 1401
1681054333.5751514 509.00 1408
1681054333.576482 509.00 1414
1681054333.5778186 508.00 1420
1681054333.5791178 508.00 1426
1681054333.5804203 509.00 1432
1681054333.5819345 508.00 1438
1681054333.5834746 508.00 1444
1681054333.5848837 508.00 1451
1681054333.586122 507.00 1457
1681054333.5873199 508.00 1463
1681054333.5885322 508.00 1469
1681054333.6555052 507.00 1475
1681054333.6573281 508.00 1481
1681054333.6586936 506.00 1487
1681054333.6600358 508.00 1494
1681054333.6613555 507.00 1499
1681054333.662687 508.00 1505
1681054333.6639874 507.00 1511
1681054333.6655717 504.00 1517
1681054333.6670344 507.00 1523
1681054333.6683426 507.00 1529
1681054333.6695883 507.00 1536
1681054333.67085 507.00 1542
1681054333.6720984 507.00 1548
1681054333.6737583 507.00 1554
1681054333.7399688 506.00 1560
1681054333.7414727 507.00 1566
1681054333.7428148 506.00 1572
1681054333.744134 506.00 1579
1681054333.7454596 507.00 1585
1681054333.746765 506.00 1591
1681054333.7480614 506.00 1597
1681054333.7493765 506.00 1603
1681054333.7506626 507.00 1609
1681054333.7518513 506.00 1615
1681054333.753038 506.00 1622
1681054333.7542417 506.00 1628
1681054333.7554476 507.00 1634
1681054333.823164 507.00 1640
1681054333.825762 506.00 1646
1681054333.8279836 506.00 1652
1681054333.8297408 506.00 1659
1681054333.8316138 506.00 1666
1681054333.833962 506.00 1672
1681054333.8366442 506.00 1678
1681054333.8394089 506.00 1684
1681054333.8504474 506.00 1690
1681054333.8533528 506.00 1696
1681054333.856176 506.00 1703
1681054333.859084 506.00 1710
1681054333.8618627 506.00 1716
1681054333.8645425 506.00 1722
1681054333.9091156 506.00 1728
1681054333.9118662 506.00 1734
1681054333.9145868 506.00 1740
1681054333.9171135 510.00 1747
1681054333.9188697 506.00 1754
1681054333.9205763 506.00 1760
1681054333.9224334 506.00 1766
1681054333.9241798 506.00 1772
1681054333.9257653 506.00 1778
1681054333.9271398 506.00 1784
1681054333.9282856 506.00 1792
1681054333.9293618 505.00 1798
1681054333.9303994 506.00 1804
1681054333.991694 506.00 1810
1681054333.9928384 506.00 1816
1681054333.9936957 506.00 1822
1681054333.994537 506.00 1828
1681054333.9953408 506.00 1836
1681054333.99614 505.00 1842
1681054333.9969435 506.00 1848
1681054333.9977922 506.00 1854
1681054333.998604 506.00 1860
1681054333.9993987 506.00 1866
1681054334.0001938 506.00 1872
1681054334.000977 506.00 1880
1681054334.001797 506.00 1886
1681054334.0026014 506.00 1892
1681054334.0771582 506.00 1898
1681054334.078595 506.00 1904
1681054334.0799322 506.00 1910
1681054334.0812593 506.00 1916
1681054334.0826085 506.00 1924
1681054334.0839183 506.00 1930
1681054334.0852334 506.00 1936
1681054334.0866733 506.00 1942
1681054334.0880282 506.00 1948
1681054334.0894613 506.00 1954
1681054334.090923 506.00 1960
1681054334.0923269 503.00 1968
1681054334.0936866 506.00 1974
1681054334.1605651 506.00 1980
1681054334.1623528 506.00 1986
1681054334.1637588 506.00 1992
1681054334.1651287 506.00 1998
1681054334.1665823 506.00 2004
1681054334.16794 506.00 2012
1681054334.169253 506.00 2018
1681054334.1706107 506.00 2024
1681054334.1719499 506.00 2030
1681054334.1733658 506.00 2036
1681054334.1746953 506.00 2042
1681054334.1760192 506.00 2049
1681054334.177291 506.00 2056
1681054334.2445743 506.00 2062
1681054334.2463002 506.00 2068
1681054334.2476835 506.00 2074
1681054334.2490811 506.00 2080
1681054334.2504966 506.00 2086
1681054334.251815 506.00 2093
1681054334.2531767 506.00 2100
1681054334.2544646 506.00 2106
1681054334.25571 506.00 2112
1681054334.2570796 506.00 2118
1681054334.2583795 506.00 2124
1681054334.2596285 506.00 2130
1681054334.2608912 506.00 2137
1681054334.2622542 506.00 2144
1681054334.329965 506.00 2150
1681054334.3313596 506.00 2156
1681054334.3327336 506.00 2162
1681054334.3340907 506.00 2168
1681054334.3354185 506.00 2174
1681054334.336729 506.00 2181
1681054334.3380787 506.00 2188
1681054334.3393953 506.00 2194
1681054334.3407862 505.00 2200
1681054334.3422165 506.00 2206
1681054334.3435688 505.00 2212
1681054334.3447754 505.00 2219
1681054334.3460155 505.00 2225
1681054334.4134011 505.00 2231
1681054334.4151533 505.00 2238
1681054334.4165406 505.00 2244
1681054334.4179287 505.00 2250
1681054334.4192562 505.00 2256
1681054334.4205718 505.00 2263
1681054334.4219172 511.00 2269
1681054334.4233432 504.00 2275
1681054334.4249341 505.00 2282
1681054334.426306 505.00 2288
1681054334.427639 505.00 2294
1681054334.4290006 505.00 2300
1681054334.430442 505.00 2307
1681054334.4316785 504.00 2313
1681054334.4985163 505.00 2319
1681054334.4998925 505.00 2326
1681054334.5012224 503.00 2332
1681054334.5025773 505.00 2338
1681054334.503895 504.00 2344
1681054334.5052016 505.00 2351
1681054334.5066626 505.00 2357
1681054334.5080228 505.00 2364
1681054334.5093582 505.00 2370
1681054334.5106792 505.00 2376
1681054334.511987 505.00 2382
1681054334.5133135 505.00 2388
1681054334.5145478 505.00 2395
1681054334.582002 505.00 2401
1681054334.583733 505.00 2408
1681054334.5853763 505.00 2414
1681054334.5868478 505.00 2420
1681054334.588334 505.00 2426
1681054334.589902 505.00 2433
1681054334.5913901 505.00 2439
1681054334.5926955 505.00 2445
1681054334.5940652 505.00 2451
1681054334.595379 505.00 2458
1681054334.5966926 505.00 2464
1681054334.5980403 502.00 2470
1681054334.5993483 504.00 2477
1681054334.600654 504.00 2483
1681054334.667445 505.00 2489
1681054334.6688125 505.00 2495
1681054334.6702006 505.00 2502
1681054334.6715245 505.00 2508
1681054334.6729236 505.00 2514
1681054334.6742806 505.00 2521
1681054334.6756036 505.00 2527
1681054334.6769204 505.00 2533
1681054334.6782527 505.00 2540
1681054334.6796274 505.00 2546
1681054334.6809716 505.00 2552
1681054334.682347 505.00 2558
1681054334.6836631 505.00 2565
1681054334.7513554 504.00 2571
1681054334.7528677 505.00 2577
1681054334.7543454 505.00 2584
1681054334.7557623 505.00 2590
1681054334.7571115 505.00 2596
1681054334.758472 505.00 2603
1681054334.7598853 505.00 2609
1681054334.7612169 505.00 2615
1681054334.7625854 504.00 2621
1681054334.7639081 505.00 2627
1681054334.76523 505.00 2634
1681054334.766599 505.00 2640
1681054334.7679198 505.00 2647
1681054334.8347738 505.00 2653
1681054334.8365252 505.00 2659
1681054334.8380935 505.00 2665
1681054334.8397732 505.00 2671
1681054334.84136 505.00 2678
1681054334.842924 505.00 2684
1681054334.8445091 505.00 2691
1681054334.8460076 505.00 2697
1681054334.847453 505.00 2703
1681054334.848778 505.00 2709
1681054334.8501391 505.00 2715
1681054334.8514674 505.00 2722
1681054334.8527868 505.00 2728
1681054334.8542175 505.00 2735
1681054334.9200256 505.00 2741
1681054334.9216814 505.00 2747
1681054334.9232814 505.00 2753
1681054334.9247804 505.00 2759
1681054334.9262187 505.00 2766
1681054334.9275897 505.00 2772
1681054334.928953 505.00 2779
1681054334.9303463 505.00 2785
1681054334.9317281 501.00 2791
1681054334.9330375 505.00 2797
1681054334.934442 505.00 2803
1681054334.9358246 505.00 2810
1681054334.9372432 505.00 2817
1681054335.0035064 505.00 2823
1681054335.0050824 505.00 2829
1681054335.0066228 505.00 2835
1681054335.0080514 505.00 2841
1681054335.0095086 505.00 2847
1681054335.010952 505.00 2854
1681054335.0123627 505.00 2861
1681054335.013766 505.00 2867
1681054335.015104 505.00 2873
1681054335.0168765 505.00 2879
1681054335.0184014 505.00 2885
1681054335.0197783 505.00 2891
1681054335.0210228 505.00 2898
1681054335.0222912 505.00 2905
1681054335.0887501 506.00 2911
1681054335.0902817 505.00 2917
1681054335.091626 505.00 2923
1681054335.0929642 505.00 2929
1681054335.094334 505.00 2935
1681054335.0956612 505.00 2942
1681054335.0969806 505.00 2949
1681054335.0984423 505.00 2955
1681054335.0997987 505.00 2961
1681054335.1012552 505.00 2967
1681054335.102642 505.00 2973
1681054335.1042213 505.00 2979
1681054335.1059093 505.00 2987
1681054335.1728487 505.00 2993
1681054335.1744492 505.00 2999
1681054335.1759417 505.00 3005
1681054335.1774306 505.00 3011
1681054335.1789305 505.00 3017
1681054335.1803124 512.00 3023
1681054335.181663 505.00 3031
1681054335.1829996 505.00 3037
1681054335.1843367 502.00 3043
1681054335.185806 505.00 3049
1681054335.1871603 505.00 3055
1681054335.1884968 505.00 3061
1681054335.1899395 505.00 3067
1681054335.2561982 505.00 3075
1681054335.2578342 504.00 3081
1681054335.2592258 505.00 3087
1681054335.260613 505.00 3093
1681054335.262005 501.00 3099
1681054335.2633383 505.00 3105
1681054335.26466 505.00 3111
1681054335.26602 505.00 3119
1681054335.2673433 504.00 3125
1681054335.2686548 505.00 3131
1681054335.2699594 505.00 3137
1681054335.2712066 505.00 3143
1681054335.272761 505.00 3149
1681054335.2741532 505.00 3155
1681054335.3408866 502.00 3163
1681054335.3416586 505.00 3169
1681054335.3423884 505.00 3175
1681054335.343088 505.00 3181
1681054335.3438025 505.00 3187
1681054335.34453 505.00 3193
1681054335.3453166 505.00 3200
1681054335.3462596 505.00 3207
1681054335.3469975 505.00 3213
1681054335.3477347 505.00 3219
1681054335.3484547 505.00 3225
1681054335.3491695 505.00 3231
1681054335.3498893 505.00 3237
1681054335.4249504 505.00 3244
1681054335.4270484 505.00 3251
1681054335.4288108 505.00 3257
1681054335.4302015 505.00 3263
1681054335.431558 505.00 3269
1681054335.4329903 505.00 3275
1681054335.4343574 505.00 3281
1681054335.4356756 505.00 3288
1681054335.4369981 505.00 3295
1681054335.4383893 505.00 3301
1681054335.4397995 505.00 3307
1681054335.4411619 505.00 3313
1681054335.4425275 504.00 3319
1681054335.443844 505.00 3325
1681054335.510214 505.00 3332
1681054335.5116172 505.00 3339
1681054335.5130596 505.00 3345
1681054335.5147347 505.00 3351
1681054335.5160804 505.00 3357
1681054335.5175579 505.00 3363
1681054335.5189831 505.00 3369
1681054335.5204086 513.00 3376
1681054335.5218735 505.00 3383
1681054335.5233452 505.00 3389
1681054335.5247636 505.00 3395
1681054335.5266397 505.00 3401
1681054335.5280855 505.00 3407
1681054335.5938215 505.00 3414
1681054335.5946884 505.00 3420
1681054335.595545 505.00 3427
1681054335.5963268 505.00 3433
1681054335.5971045 505.00 3439
1681054335.5980318 505.00 3445
1681054335.599026 505.00 3451
1681054335.5999744 505.00 3458
1681054335.6009176 505.00 3464
1681054335.601897 505.00 3471
1681054335.602841 505.00 3477
1681054335.6037805 505.00 3483
1681054335.6047266 510.00 3489
1681054335.6776984 506.00 3495
1681054335.67926 505.00 3502
1681054335.6806064 504.00 3508
1681054335.6819634 505.00 3515
1681054335.6832724 505.00 3521
1681054335.68458 505.00 3527
1681054335.6859198 505.00 3533
1681054335.687256 505.00 3539
1681054335.6885626 505.00 3546
1681054335.690023 505.00 3552
1681054335.691425 505.00 3559
1681054335.6927311 505.00 3565
1681054335.693973 505.00 3571
1681054335.6951833 505.00 3577
1681054335.7629962 504.00 3584
1681054335.7645571 505.00 3590
1681054335.7661257 505.00 3596
1681054335.767554 505.00 3603
1681054335.768916 505.00 3609
1681054335.77032 505.00 3615
1681054335.7716901 505.00 3621
1681054335.7733128 505.00 3628
1681054335.7747273 505.00 3634
1681054335.7760823 505.00 3640
1681054335.777471 505.00 3647
1681054335.7788363 505.00 3653
1681054335.7801504 505.00 3659
1681054335.846413 505.00 3665
1681054335.8481407 505.00 3672
1681054335.849528 505.00 3678
1681054335.8508675 505.00 3684
1681054335.8521972 505.00 3691
1681054335.853679 504.00 3697
1681054335.8550665 505.00 3703
1681054335.8564372 505.00 3709
1681054335.857837 505.00 3716
1681054335.8592112 505.00 3722
1681054335.8605673 505.00 3728
1681054335.8625405 503.00 3735
1681054335.8647687 505.00 3741
1681054335.8670807 505.00 3747
1681054335.9323974 505.00 3753
1681054335.934793 505.00 3760
1681054335.9369698 505.00 3766
1681054335.9392028 505.00 3772
1681054335.9413834 504.00 3779
1681054335.943521 505.00 3785
1681054335.9456742 505.00 3791
1681054335.9477472 505.00 3798
1681054335.9491322 505.00 3804
1681054335.950409 505.00 3810
1681054335.951639 505.00 3816
1681054335.9528573 505.00 3823
1681054335.9540908 505.00 3829
1681054336.0150478 505.00 3835
1681054336.0166345 505.00 3842
1681054336.0180273 505.00 3848
1681054336.0193644 505.00 3854
1681054336.0206928 505.00 3860
1681054336.0221374 505.00 3867
1681054336.0235155 505.00 3873
1681054336.0247345 505.00 3879
1681054336.0259964 505.00 3886
1681054336.0272167 505.00 3892
1681054336.028521 505.00 3898
1681054336.0297966 505.00 3904
1681054336.0310364 505.00 3911
1681054336.099033 505.00 3917
1681054336.1006033 505.00 3923
1681054336.101997 505.00 3930
1681054336.1033528 505.00 3936
1681054336.1046748 505.00 3942
1681054336.1069531 505.00 3948
1681054336.1084812 505.00 3955
1681054336.1098077 505.00 3961
1681054336.1110423 505.00 3968
1681054336.1122599 505.00 3974
1681054336.1135094 505.00 3980
1681054336.1147401 505.00 3986
1681054336.1159542 505.00 3992
1681054336.1171873 505.00 3999
1681054336.1843867 505.00 4005
1681054336.1858377 505.00 4012
1681054336.1871731 505.00 4018
1681054336.1886096 505.00 4024
1681054336.190135 505.00 4030
1681054336.1914701 505.00 4036
1681054336.192795 505.00 4043
1681054336.1942005 505.00 4049
1681054336.1956353 505.00 4056
1681054336.1969624 505.00 4062
1681054336.198337 505.00 4068
1681054336.1996546 505.00 4074
1681054336.2008677 505.00 4080
1681054336.2678044 505.00 4087
1681054336.269419 505.00 4093
1681054336.270776 505.00 4100
1681054336.2722905 505.00 4106
1681054336.2740324 505.00 4112
1681054336.275765 504.00 4118
1681054336.2771676 505.00 4124
1681054336.278667 505.00 4131
1681054336.2800033 505.00 4137
1681054336.2813578 505.00 4144
1681054336.2826865 505.00 4150
1681054336.284079 505.00 4156
1681054336.2856488 505.00 4162
1681054336.28694 505.00 4168
1681054336.3530369 505.00 4175
1681054336.3545806 505.00 4182
1681054336.355989 505.00 4188
1681054336.3574054 505.00 4194
1681054336.3588183 505.00 4200
1681054336.3602026 505.00 4206
1681054336.3615923 505.00 4212
1681054336.3629491 505.00 4219
1681054336.3643055 505.00 4226
1681054336.365621 505.00 4232
1681054336.3668923 505.00 4238
1681054336.3681438 505.00 4244
1681054336.3694043 505.00 4250
1681054336.4365249 505.00 4256
1681054336.438185 505.00 4263
1681054336.4397676 505.00 4270
1681054336.4411366 505.00 4276
1681054336.4425 505.00 4282
1681054336.44382 505.00 4288
1681054336.4451354 505.00 4294
1681054336.4464924 505.00 4300
1681054336.44781 505.00 4307
1681054336.4491303 505.00 4314
1681054336.4504945 505.00 4320
1681054336.4517615 505.00 4326
1681054336.45307 505.00 4332
1681054336.5205703 505.00 4338
1681054336.5225122 505.00 4344
1681054336.5240266 505.00 4352
1681054336.5255451 505.00 4358
1681054336.5269048 505.00 4364
1681054336.5283017 505.00 4370
1681054336.5296822 505.00 4376
1681054336.5310476 505.00 4382
1681054336.5324001 505.00 4388
1681054336.5337913 505.00 4396
1681054336.535165 505.00 4402
1681054336.5365396 505.00 4408
1681054336.5379465 505.00 4414
1681054336.539483 505.00 4420
1681054336.6060266 505.00 4426
1681054336.6074383 505.00 4432
1681054336.6087742 505.00 4440
1681054336.6101437 505.00 4446
1681054336.611461 505.00 4452
1681054336.6128583 505.00 4458
1681054336.6142564 505.00 4464
1681054336.615489 505.00 4470
1681054336.6166909 503.00 4476
1681054336.6179233 505.00 4484
1681054336.619125 505.00 4490
1681054336.6203206 505.00 4496
1681054336.6215513 505.00 4502
1681054336.6894014 505.00 4508
1681054336.6910958 505.00 4514
1681054336.692565 505.00 4520
1681054336.6940458 505.00 4528
1681054336.695496 505.00 4534
1681054336.6968024 505.00 4540
1681054336.6981194 505.00 4546
1681054336.6994185 505.00 4552
1681054336.70072 505.00 4558
1681054336.7020347 505.00 4564
1681054336.7033348 505.00 4572
1681054336.704631 505.00 4578
1681054336.705956 505.00 4584
1681054336.707524 505.00 4590
1681054336.7744734 505.00 4596
1681054336.7758582 505.00 4602
1681054336.7774956 505.00 4609
1681054336.7788892 505.00 4616
1681054336.7802086 505.00 4622
1681054336.7815394 505.00 4628
1681054336.782837 505.00 4634
1681054336.7840364 505.00 4640
1681054336.7852337 505.00 4646
1681054336.7864652 505.00 4653
1681054336.7877693 505.00 4660
1681054336.7891064 505.00 4666
1681054336.7903628 505.00 4672
1681054336.8578875 505.00 4678
1681054336.859444 505.00 4684
1681054336.86078 505.00 4690
1681054336.8621309 505.00 4697
1681054336.863434 506.00 4704
1681054336.8647194 505.00 4710
1681054336.865928 505.00 4716
1681054336.8671257 504.00 4722
1681054336.8683534 505.00 4728
1681054336.8696117 505.00 4734
1681054336.8708394 505.00 4741
1681054336.87233 510.00 4748
1681054336.8736532 505.00 4754
1681054336.9420278 505.00 4760
1681054336.9436526 505.00 4766
1681054336.945052 505.00 4772
1681054336.9464962 505.00 4779
1681054336.9478748 505.00 4785
1681054336.949334 505.00 4792
1681054336.9507976 505.00 4798
1681054336.9526434 505.00 4804
1681054336.9540746 505.00 4810
1681054336.9554007 505.00 4816
1681054336.9567127 505.00 4823
1681054336.9580083 505.00 4829
1681054336.9592147 505.00 4836
1681054336.9604225 505.00 4842
1681054337.0272255 505.00 4848
1681054337.0285294 505.00 4854
1681054337.029875 505.00 4860
1681054337.031175 505.00 4867
1681054337.0325525 508.00 4873
1681054337.033911 505.00 4880
1681054337.0352113 505.00 4886
1681054337.0364645 505.00 4892
1681054337.0377476 505.00 4898
1681054337.0390592 505.00 4904
1681054337.0403578 505.00 4911
1681054337.0416596 523.00 4917
1681054337.042951 504.00 4924
1681054337.110727 504.00 4930
1681054337.112328 504.00 4936
1681054337.1136556 504.00 4942
1681054337.1149356 505.00 4948
1681054337.1162198 504.00 4955
1681054337.117541 502.00 4961
1681054337.1188056 504.00 4968
1681054337.120065 504.00 4974
1681054337.1215785 504.00 4980
1681054337.1230187 504.00 4986
1681054337.1243284 502.00 4993
1681054337.1256247 502.00 4999
1681054337.1269 504.00 5005
1681054337.1281886 503.00 5012
1681054337.1958764 503.00 5018
1681054337.1973617 503.00 5024
1681054337.1989167 504.00 5030
1681054337.2003212 503.00 5037
1681054337.201752 503.00 5043
1681054337.203123 503.00 5049
1681054337.2043874 503.00 5056
1681054337.2058842 504.00 5062
1681054337.2072985 503.00 5068
1681054337.2085898 503.00 5074
1681054337.209962 503.00 5081
1681054337.2112575 504.00 5087
1681054337.212476 503.00 5093
1681054337.2794619 503.00 5100
1681054337.281068 503.00 5106
1681054337.2824872 504.00 5112
1681054337.2838473 504.00 5118
1681054337.285245 504.00 5125
1681054337.286627 505.00 5131
1681054337.2881486 505.00 5137
1681054337.289652 506.00 5144
1681054337.2911115 506.00 5150
1681054337.29247 507.00 5156
1681054337.293842 508.00 5163
1681054337.2951267 508.00 5169
1681054337.2963774 510.00 5175
1681054337.363368 510.00 5181
1681054337.3651006 511.00 5188
1681054337.3665738 512.00 5194
1681054337.367977 512.00 5200
1681054337.369399 513.00 5207
1681054337.370843 513.00 5213
1681054337.3723598 514.00 5219
1681054337.3738716 515.00 5225
1681054337.375306 515.00 5232
1681054337.3779464 515.00 5238
1681054337.3803337 516.00 5244
1681054337.3816924 517.00 5251
1681054337.3830266 518.00 5257
1681054337.3843 518.00 5263
1681054337.4486961 519.00 5269
1681054337.4500613 520.00 5276
1681054337.4513226 521.00 5282
1681054337.452592 521.00 5288
1681054337.4538512 522.00 5295
1681054337.4551363 522.00 5301
1681054337.4563818 522.00 5307
1681054337.4576287 523.00 5313
1681054337.4588766 523.00 5320
1681054337.4601352 524.00 5326
1681054337.4613721 524.00 5332
1681054337.4626055 524.00 5339
1681054337.4638267 524.00 5345
1681054337.5322835 524.00 5351
1681054337.5339015 525.00 5357
1681054337.5352614 525.00 5364
1681054337.5366335 526.00 5370
1681054337.5380046 525.00 5377
1681054337.5393856 526.00 5383
1681054337.5407443 526.00 5389
1681054337.5421538 526.00 5395
1681054337.5435033 527.00 5401
1681054337.5447867 527.00 5408
1681054337.5461671 527.00 5414
1681054337.5474284 527.00 5421
1681054337.54866 527.00 5427
1681054337.5499103 527.00 5433
1681054337.617798 527.00 5439
1681054337.619415 527.00 5445
1681054337.6209164 528.00 5451
1681054337.622424 528.00 5458
1681054337.6239078 528.00 5465
1681054337.6253283 528.00 5471
1681054337.626703 529.00 5477
1681054337.6280775 529.00 5483
1681054337.629699 529.00 5489
1681054337.6310852 529.00 5495
1681054337.6324718 529.00 5502
1681054337.63394 529.00 5509
1681054337.6354632 529.00 5515
1681054337.7008579 530.00 5521
1681054337.7026536 530.00 5527
1681054337.7041626 529.00 5533
1681054337.70558 530.00 5539
1681054337.70695 530.00 5547
1681054337.7083278 530.00 5553
1681054337.7097063 530.00 5559
1681054337.7110868 530.00 5565
1681054337.712368 530.00 5571
1681054337.7136285 530.00 5577
1681054337.7149081 530.00 5583
1681054337.7161655 530.00 5591
1681054337.7174764 530.00 5597
1681054337.7187219 530.00 5603
1681054337.7861235 530.00 5609
1681054337.787631 530.00 5615
1681054337.7894397 530.00 5621
1681054337.7917202 530.00 5627
1681054337.7940967 531.00 5635
1681054337.796407 530.00 5641
1681054337.7986457 531.00 5647
1681054337.800596 531.00 5653
1681054337.802172 531.00 5659
1681054337.8035502 531.00 5665
1681054337.8047645 531.00 5671
1681054337.8060703 531.00 5679
1681054337.8073006 531.00 5685
1681054337.8703132 531.00 5691
1681054337.8721893 531.00 5697
1681054337.8741786 531.00 5703
1681054337.8756995 531.00 5709
1681054337.877189 531.00 5715
1681054337.8785865 531.00 5723
1681054337.8799033 531.00 5729
1681054337.8812072 531.00 5735
1681054337.8825634 531.00 5741
1681054337.8838701 531.00 5747
1681054337.8854525 531.00 5753
1681054337.8871403 531.00 5760
1681054337.8887131 531.00 5767
1681054337.9535546 531.00 5773
1681054337.9553704 531.00 5779
1681054337.956921 531.00 5785
1681054337.958453 532.00 5791
1681054337.959847 531.00 5797
1681054337.9612172 531.00 5804
1681054337.962723 531.00 5811
1681054337.9641228 531.00 5817
1681054337.9655406 531.00 5823
1681054337.966893 531.00 5829
1681054337.9682815 531.00 5835
1681054337.9696627 531.00 5841
1681054337.9710567 531.00 5848
1681054337.9724329 531.00 5855
1681054338.0389714 531.00 5861
1681054338.0406203 531.00 5867
1681054338.0421934 531.00 5873
1681054338.0435958 531.00 5879
1681054338.0449781 531.00 5885
1681054338.046431 531.00 5892
1681054338.0479155 531.00 5899
1681054338.0493615 531.00 5905
1681054338.0507514 531.00 5911
1681054338.0521982 531.00 5917
1681054338.0536053 531.00 5923
1681054338.0550857 531.00 5929
1681054338.0564685 531.00 5936
1681054338.1223578 531.00 5943
1681054338.1240904 531.00 5949
1681054338.1255896 531.00 5955
1681054338.1270497 531.00 5961
1681054338.1284857 531.00 5967
1681054338.1300082 531.00 5974
1681054338.1317747 531.00 5980
1681054338.1331987 531.00 5987
1681054338.1345892 531.00 5993
1681054338.1359155 531.00 5999
1681054338.1372356 531.00 6005
1681054338.1386173 531.00 6011
1681054338.139935 531.00 6018
1681054338.1412525 531.00 6024
1681054338.2075074 531.00 6031
1681054338.2088714 531.00 6037
1681054338.2102685 531.00 6043
1681054338.2120104 531.00 6049
1681054338.2133937 531.00 6055
1681054338.2147396 531.00 6062
1681054338.2160556 531.00 6068
1681054338.2173994 531.00 6075
1681054338.2187288 531.00 6081
1681054338.2200427 531.00 6087
1681054338.2213988 531.00 6093
1681054338.2227287 531.00 6099
1681054338.224272 531.00 6106
1681054338.2916732 531.00 6112
1681054338.2930727 531.00 6119
1681054338.2944665 531.00 6125
1681054338.295795 531.00 6131
1681054338.2971158 531.00 6137
1681054338.298459 531.00 6144
1681054338.2998197 531.00 6150
1681054338.301159 531.00 6156
1681054338.302496 531.00 6163
1681054338.3038101 531.00 6169
1681054338.3051348 531.00 6175
1681054338.306505 531.00 6181
1681054338.3077452 531.00 6188
1681054338.3750918 531.00 6194
1681054338.3769057 531.00 6200
1681054338.378531 531.00 6207
1681054338.380074 531.00 6213
1681054338.3815536 531.00 6219
1681054338.3829517 531.00 6225
1681054338.3843532 531.00 6232
1681054338.385764 531.00 6238
1681054338.3871877 531.00 6244
1681054338.3888175 531.00 6251
1681054338.390298 531.00 6257
1681054338.3916698 531.00 6263
1681054338.3929443 531.00 6269
1681054338.3942688 531.00 6276
1681054338.4603338 531.00 6282
1681054338.4619005 531.00 6288
1681054338.463284 531.00 6295
1681054338.4646392 531.00 6301
1681054338.466072 531.00 6307
1681054338.4674947 531.00 6313
1681054338.4688547 531.00 6320
1681054338.470241 531.00 6326
1681054338.471589 531.00 6332
1681054338.4729397 531.00 6339
1681054338.474341 532.00 6345
1681054338.4756932 531.00 6351
1681054338.4770367 531.00 6358
1681054338.5437663 531.00 6364
1681054338.5455194 531.00 6370
1681054338.5469863 531.00 6376
1681054338.5483475 531.00 6383
1681054338.5500796 531.00 6389
1681054338.5515842 531.00 6395
1681054338.5529022 531.00 6402
1681054338.55435 531.00 6408
1681054338.5559967 531.00 6414
1681054338.5574005 531.00 6420
1681054338.5587637 531.00 6427
1681054338.5601058 531.00 6433
1681054338.5614197 531.00 6439
1681054338.5629144 531.00 6446
1681054338.6289794 531.00 6452
1681054338.6303906 531.00 6458
1681054338.6317158 531.00 6464
1681054338.6330292 531.00 6471
1681054338.6343513 531.00 6477
1681054338.6356559 531.00 6483
1681054338.6369596 531.00 6490
1681054338.638299 531.00 6496
1681054338.639601 531.00 6502
1681054338.6409304 531.00 6508
1681054338.6422658 532.00 6515
1681054338.643577 531.00 6521
1681054338.6448731 531.00 6528
1681054338.7131488 531.00 6534
1681054338.714769 531.00 6540
1681054338.716296 531.00 6546
1681054338.717883 531.00 6552
1681054338.719381 531.00 6559
1681054338.7209003 531.00 6565
1681054338.7224154 531.00 6572
1681054338.7238054 531.00 6578
1681054338.7251937 531.00 6584
1681054338.7265844 531.00 6590
1681054338.7279508 531.00 6596
1681054338.7293875 531.00 6603
1681054338.7307873 531.00 6609
1681054338.7965348 531.00 6616
1681054338.7983377 531.00 6622
1681054338.7999449 531.00 6628
1681054338.8013194 531.00 6634
1681054338.802689 531.00 6640
1681054338.8041935 532.00 6647
1681054338.805604 531.00 6653
1681054338.8069382 531.00 6660
1681054338.8082585 531.00 6666
1681054338.8096027 531.00 6672
1681054338.8110778 531.00 6678
1681054338.8124018 531.00 6684
1681054338.813768 531.00 6691
1681054338.8150635 531.00 6697
1681054338.881866 531.00 6704
1681054338.8834138 532.00 6710
1681054338.8848772 531.00 6716
1681054338.8863723 531.00 6722
1681054338.8879075 531.00 6728
1681054338.889348 531.00 6735
1681054338.8907158 531.00 6742
1681054338.8921015 531.00 6748
1681054338.893525 531.00 6754
1681054338.8948908 531.00 6760
1681054338.8962207 531.00 6766
1681054338.8975608 531.00 6772
1681054338.898884 531.00 6779
1681054338.9652178 531.00 6786
1681054338.966948 531.00 6792
1681054338.9683409 531.00 6798
1681054338.9696639 531.00 6804
1681054338.9709678 531.00 6810
1681054338.9723485 531.00 6816
1681054338.973766 531.00 6823
1681054338.9751906 531.00 6830
1681054338.9765086 531.00 6836
1681054338.977887 531.00 6842
1681054338.979202 531.00 6848
1681054338.9805079 531.00 6854
1681054338.981834 531.00 6860
1681054338.983101 531.00 6867
1681054339.0505848 531.00 6874
1681054339.052118 531.00 6880
1681054339.053711 531.00 6886
1681054339.0552511 531.00 6892
1681054339.0567596 531.00 6898
1681054339.0586665 531.00 6904
1681054339.060834 531.00 6912
1681054339.0630434 531.00 6918
1681054339.0652194 531.00 6924
1681054339.0674646 531.00 6930
1681054339.0691166 531.00 6936
1681054339.0707414 531.00 6942
1681054339.0723338 531.00 6948
1681054339.134408 532.00 6956
1681054339.1370637 531.00 6962
1681054339.1395426 531.00 6968
1681054339.141058 531.00 6974
1681054339.1424654 531.00 6980
1681054339.1438117 531.00 6986
1681054339.1451614 531.00 6992
1681054339.1465588 531.00 7000
1681054339.148005 531.00 7006
1681054339.1494284 531.00 7012
1681054339.1508446 531.00 7018
1681054339.1521506 531.00 7024
1681054339.1534717 531.00 7030
1681054339.2179537 531.00 7036
1681054339.2195418 531.00 7044
1681054339.220871 531.00 7050
1681054339.2223918 531.00 7056
1681054339.2237823 531.00 7062
1681054339.225172 531.00 7068
1681054339.226507 531.00 7074
1681054339.227792 531.00 7080
1681054339.229058 531.00 7088
1681054339.2303805 531.00 7094
1681054339.2316468 531.00 7100
1681054339.2329285 531.00 7106
1681054339.2344534 531.00 7112
1681054339.235734 531.00 7118
1681054339.303392 531.00 7124
1681054339.3048375 531.00 7132
1681054339.3062954 531.00 7138
1681054339.307674 531.00 7144
1681054339.3090355 531.00 7150
1681054339.3104658 531.00 7156
1681054339.311829 531.00 7162
1681054339.3132453 531.00 7169
1681054339.316492 532.00 7176
1681054339.3180285 531.00 7182
1681054339.319396 531.00 7188
1681054339.3207235 531.00 7194
1681054339.3221452 531.00 7200
1681054339.3866718 531.00 7206
1681054339.3881366 531.00 7213
1681054339.3894026 531.00 7220
1681054339.3906353 531.00 7226
1681054339.3918495 531.00 7232
1681054339.3930633 531.00 7238
1681054339.394376 531.00 7244
1681054339.395617 531.00 7250
1681054339.396831 532.00 7257
1681054339.3980827 532.00 7264
1681054339.3992925 531.00 7270
1681054339.4005024 532.00 7276
1681054339.4017277 531.00 7282
1681054339.4029365 531.00 7288
1681054339.4719944 531.00 7294
1681054339.4734259 531.00 7301
1681054339.4747555 532.00 7308
1681054339.4760711 532.00 7314
1681054339.4773886 532.00 7320
1681054339.4787052 532.00 7326
1681054339.4802754 532.00 7332
1681054339.4820788 532.00 7339
1681054339.483444 532.00 7345
1681054339.484759 532.00 7352
1681054339.4861083 532.00 7358
1681054339.487425 532.00 7364
1681054339.4887328 532.00 7370
1681054339.5554433 532.00 7376
1681054339.5570874 532.00 7383
1681054339.5584793 532.00 7389
1681054339.5598156 532.00 7396
1681054339.5614352 532.00 7402
1681054339.5629408 532.00 7408
1681054339.5642693 532.00 7414
1681054339.565646 532.00 7420
1681054339.5669677 532.00 7427
1681054339.5682757 532.00 7433
1681054339.5695934 532.00 7440
1681054339.571026 532.00 7446
1681054339.5726962 532.00 7452
1681054339.639455 532.00 7458
1681054339.6410558 532.00 7464
1681054339.6426146 532.00 7471
1681054339.644306 532.00 7477
1681054339.6456923 532.00 7484
1681054339.6470222 532.00 7490
1681054339.6483421 532.00 7496
1681054339.6496165 532.00 7502
1681054339.6509266 532.00 7508
1681054339.6521757 532.00 7515
1681054339.6535096 532.00 7521
1681054339.655151 532.00 7528
1681054339.6566584 532.00 7534
1681054339.657947 532.00 7540
1681054339.7247677 532.00 7546
1681054339.7263234 532.00 7553
1681054339.7277837 532.00 7559
1681054339.7291813 532.00 7565
1681054339.7305424 532.00 7572
1681054339.731854 532.00 7578
1681054339.7331586 532.00 7584
1681054339.734485 532.00 7590
1681054339.736193 532.00 7597
1681054339.7379496 532.00 7603
1681054339.739362 532.00 7609
1681054339.740771 532.00 7616
1681054339.7422144 532.00 7622
1681054339.8080833 532.00 7628
1681054339.8098233 532.00 7634
1681054339.8113132 532.00 7641
1681054339.8126993 532.00 7647
1681054339.8140755 532.00 7653
1681054339.815458 532.00 7660
1681054339.8168132 532.00 7666
1681054339.8182006 532.00 7672
1681054339.8194683 532.00 7678
1681054339.820745 532.00 7685
1681054339.8221285 532.00 7691
1681054339.8234107 532.00 7697
1681054339.8246484 532.00 7704
1681054339.8258994 532.00 7710
1681054339.8933623 532.00 7716
1681054339.894747 532.00 7723
1681054339.8960783 532.00 7729
1681054339.897547 532.00 7735
1681054339.8988862 532.00 7741
1681054339.9002035 532.00 7748
1681054339.9015265 532.00 7754
1681054339.9028409 532.00 7760
1681054339.9042332 532.00 7767
1681054339.9055798 532.00 7773
1681054339.90689 532.00 7779
1681054339.9082181 532.00 7785
1681054339.9094756 532.00 7792
1681054339.9767573 532.00 7798
1681054339.9784026 532.00 7804
1681054339.979656 532.00 7811
1681054339.980875 532.00 7817
1681054339.9821079 532.00 7823
1681054339.983316 532.00 7829
1681054339.984523 532.00 7836
1681054339.98576 532.00 7842
1681054339.9870858 532.00 7848
1681054339.9884124 532.00 7855
1681054339.9897165 532.00 7861
1681054339.9911983 532.00 7867
1681054339.9924617 532.00 7873
1681054340.0608454 532.00 7880
1681054340.0625052 532.00 7886
1681054340.0639045 532.00 7892
1681054340.0653212 532.00 7899
1681054340.0667098 532.00 7905
1681054340.0680676 532.00 7911
1681054340.069477 532.00 7917
1681054340.071001 532.00 7924
1681054340.072431 532.00 7930
1681054340.073827 532.00 7937
1681054340.075143 532.00 7943
1681054340.07653 532.00 7949
1681054340.0779243 532.00 7955
1681054340.0792668 532.00 7961
1681054340.146379 532.00 7968
1681054340.1479475 532.00 7974
1681054340.1494284 532.00 7981
1681054340.15081 532.00 7987
1681054340.1521688 532.00 7993
1681054340.1537414 532.00 7999
1681054340.1551383 532.00 8005
1681054340.1565259 532.00 8012
1681054340.1579146 532.00 8018
1681054340.1592944 532.00 8025
1681054340.1606655 532.00 8031
1681054340.1620562 532.00 8037
1681054340.163451 532.00 8043
1681054340.2295358 532.00 8049
1681054340.231181 532.00 8056
1681054340.2325547 532.00 8062
1681054340.2339482 532.00 8069
1681054340.235334 532.00 8075
1681054340.236684 532.00 8081
1681054340.2380936 532.00 8087
1681054340.2394447 532.00 8093
1681054340.2407904 532.00 8100
1681054340.2421744 532.00 8107
1681054340.243517 532.00 8113
1681054340.2447486 532.00 8119
1681054340.2460015 532.00 8125
1681054340.2472446 532.00 8131
1681054340.3142416 532.00 8137
1681054340.3149686 532.00 8144
1681054340.3157804 532.00 8151
1681054340.3166492 532.00 8157
1681054340.3174226 532.00 8163
1681054340.3181422 532.00 8169
1681054340.3188293 532.00 8175
1681054340.3195128 532.00 8181
1681054340.3201945 532.00 8188
1681054340.3210816 532.00 8195
1681054340.3218098 532.00 8201
1681054340.3225012 532.00 8207
1681054340.3231885 532.00 8213
1681054340.3982413 532.00 8219
1681054340.3999557 532.00 8225
1681054340.4013312 532.00 8232
1681054340.4026613 532.00 8239
1681054340.4039934 532.00 8245
1681054340.4056888 532.00 8251
1681054340.407015 532.00 8257
1681054340.4083362 532.00 8263
1681054340.4096646 532.00 8269
1681054340.4109755 532.00 8276
1681054340.412232 532.00 8283
1681054340.413454 532.00 8289
1681054340.4150066 532.00 8295
1681054340.482295 532.00 8301
1681054340.4840488 532.00 8307
1681054340.485547 532.00 8313
1681054340.4870064 532.00 8321
1681054340.4888911 532.00 8327
1681054340.4903698 532.00 8333
1681054340.4918077 532.00 8339
1681054340.493206 532.00 8345
1681054340.495117 532.00 8351
1681054340.4964933 532.00 8357
1681054340.4978297 532.00 8365
1681054340.4991446 532.00 8371
1681054340.500459 532.00 8377
1681054340.5017843 532.00 8383
1681054340.5676403 532.00 8389
1681054340.569169 532.00 8395
1681054340.5706875 532.00 8401
1681054340.5723403 532.00 8409
1681054340.5736856 532.00 8415
1681054340.5749974 532.00 8421
1681054340.576308 532.00 8427
1681054340.5776281 532.00 8433
1681054340.5789387 532.00 8439
1681054340.5802665 532.00 8445
1681054340.581951 532.00 8453
1681054340.5833237 532.00 8459
1681054340.5846436 532.00 8465
1681054340.6510258 532.00 8471
1681054340.6526165 532.00 8477
1681054340.6539805 532.00 8483
1681054340.6552906 532.00 8489
1681054340.6565888 532.00 8497
1681054340.6579049 532.00 8503
1681054340.6592047 532.00 8509
1681054340.6605797 532.00 8515
1681054340.6619673 532.00 8521
1681054340.6632874 532.00 8527
1681054340.6645937 532.00 8534
1681054340.6659167 532.00 8541
1681054340.6671185 532.00 8547
1681054340.668322 532.00 8553
1681054340.7362168 532.00 8559
1681054340.7375958 532.00 8565
1681054340.73893 532.00 8571
1681054340.7402377 532.00 8578
1681054340.7415483 532.00 8585
1681054340.7428539 532.00 8591
1681054340.7441585 532.00 8597
1681054340.74547 532.00 8603
1681054340.7467556 532.00 8609
1681054340.747943 532.00 8615
1681054340.7491295 532.00 8622
1681054340.750342 532.00 8629
1681054340.7515247 532.00 8635
1681054340.8197074 532.00 8641
1681054340.821557 532.00 8647
1681054340.8229318 532.00 8653
1681054340.8242586 532.00 8659
1681054340.8257232 532.00 8666
1681054340.8271394 532.00 8672
1681054340.8284526 532.00 8679
1681054340.8298042 532.00 8685
1681054340.8311212 532.00 8691
1681054340.832423 532.00 8697
1681054340.8337524 532.00 8704
1681054340.8350606 532.00 8710
1681054340.8363674 532.00 8716
1681054340.8378234 532.00 8723
1681054340.9049819 532.00 8729
1681054340.9063911 532.00 8735
1681054340.9077187 532.00 8741
1681054340.909033 532.00 8748
1681054340.910386 532.00 8754
1681054340.9117033 532.00 8760
1681054340.9130366 532.00 8767
1681054340.9143844 532.00 8773
1681054340.915691 532.00 8779
1681054340.9169643 532.00 8785
1681054340.9182172 532.00 8792
1681054340.919425 532.00 8798
1681054340.920691 532.00 8804
1681054340.9889812 532.00 8811
1681054340.9904363 532.00 8817
1681054340.9919503 532.00 8823
1681054340.9934018 532.00 8829
1681054340.9946454 532.00 8836
1681054340.9959013 532.00 8842
1681054340.9972088 532.00 8848
1681054340.9984922 532.00 8855
1681054340.999714 532.00 8861
1681054341.000927 532.00 8867
1681054341.002155 532.00 8873
1681054341.003367 532.00 8880
1681054341.0046458 532.00 8886
1681054341.0724225 532.00 8892
1681054341.074214 532.00 8899
1681054341.0757039 532.00 8905
1681054341.0770292 532.00 8911
1681054341.0783775 532.00 8918
1681054341.0797179 532.00 8924
1681054341.0810308 532.00 8930
1681054341.082426 532.00 8936
1681054341.0837321 532.00 8943
1681054341.0849977 532.00 8949
1681054341.086225 532.00 8955
1681054341.0875568 532.00 8962
1681054341.088804 532.00 8968
1681054341.090071 532.00 8974
1681054341.157043 532.00 8980
1681054341.157706 532.00 8987
1681054341.1584287 532.00 8993
1681054341.1590893 532.00 8999
1681054341.159742 532.00 9006
1681054341.1603906 532.00 9012
1681054341.16104 532.00 9018
1681054341.161759 532.00 9024
1681054341.1625328 532.00 9031
1681054341.1631892 532.00 9037
1681054341.1638474 532.00 9043
1681054341.1645005 532.00 9050
1681054341.1651664 532.00 9056
1681054341.2412257 532.00 9062
1681054341.2435317 532.00 9068
1681054341.2452874 532.00 9075
1681054341.2475743 532.00 9081
1681054341.2495492 532.00 9088
1681054341.251312 532.00 9094
1681054341.253153 532.00 9100
1681054341.2555923 532.00 9106
1681054341.257879 532.00 9112
1681054341.2598004 532.00 9119
1681054341.2616174 532.00 9125
1681054341.2633567 532.00 9132
1681054341.2650814 532.00 9138
1681054341.2668297 532.00 9144
1681054341.3267446 532.00 9150
1681054341.3284752 532.00 9156
1681054341.3303595 532.00 9163
1681054341.3320684 532.00 9169
1681054341.3338091 532.00 9176
1681054341.3355696 532.00 9182
1681054341.3376288 532.00 9188
1681054341.3399427 532.00 9194
1681054341.342097 532.00 9200
1681054341.344053 532.00 9207
1681054341.3458717 532.00 9213
1681054341.347975 532.00 9220
1681054341.3499892 532.00 9226
1681054341.410602 532.00 9232
1681054341.4118178 532.00 9238
1681054341.412956 532.00 9244
1681054341.4141216 532.00 9251
1681054341.4152489 532.00 9257
1681054341.4166882 532.00 9264
1681054341.4182422 532.00 9270
1681054341.41938 532.00 9276
1681054341.4206285 532.00 9282
1681054341.4218993 532.00 9288
1681054341.4229412 532.00 9295
1681054341.4241016 532.00 9302
1681054341.4252431 532.00 9308
1681054341.4938047 532.00 9314
1681054341.4953084 532.00 9320
1681054341.4970248 532.00 9326
1681054341.498791 532.00 9332
1681054341.5000355 532.00 9339
1681054341.5013156 532.00 9346
1681054341.502569 532.00 9352
1681054341.5043185 532.00 9358
1681054341.506104 532.00 9364
1681054341.507371 532.00 9370
1681054341.508617 532.00 9376
1681054341.5099752 532.00 9383
1681054341.5115395 532.00 9390
1681054341.513315 532.00 9396
1681054341.5792124 532.00 9402
1681054341.5805473 532.00 9408
1681054341.58186 532.00 9414
1681054341.5831475 532.00 9420
1681054341.5845046 532.00 9427
1681054341.5858822 532.00 9434
1681054341.5871484 532.00 9440
1681054341.588473 532.00 9446
1681054341.5897887 532.00 9452
1681054341.5910454 532.00 9458
1681054341.5922997 532.00 9464
1681054341.5935724 532.00 9472
1681054341.5948336 532.00 9478
1681054341.662551 532.00 9484
1681054341.6641395 532.00 9490
1681054341.6655586 532.00 9496
1681054341.6669657 532.00 9502
1681054341.6683707 532.00 9508
1681054341.6697738 532.00 9516
1681054341.6711533 532.00 9522
1681054341.6724372 532.00 9528
1681054341.6737173 532.00 9534
1681054341.6749668 532.00 9540
1681054341.6762087 532.00 9546
1681054341.6774852 532.00 9552
1681054341.6787663 532.00 9560
1681054341.6801178 532.00 9566
1681054341.7478864 532.00 9572
1681054341.7493885 532.00 9578
1681054341.7508059 532.00 9584
1681054341.7521849 532.00 9590
1681054341.7535717 532.00 9596
1681054341.7549415 532.00 9604
1681054341.7562962 532.00 9610
1681054341.757667 532.00 9616
1681054341.7590215 532.00 9622
1681054341.7603922 532.00 9628
1681054341.7617788 532.00 9634
1681054341.7631342 532.00 9640
1681054341.7644424 532.00 9648
1681054341.831792 532.00 9654
1681054341.8331697 532.00 9660
1681054341.8345525 532.00 9666
1681054341.8367555 532.00 9672
1681054341.838979 532.00 9678
1681054341.840539 532.00 9684
1681054341.8420236 532.00 9692
1681054341.8433058 532.00 9698
1681054341.8446527 532.00 9704
1681054341.8459222 532.00 9710
1681054341.8471677 532.00 9716
1681054341.848395 532.00 9722
1681054341.849647 532.00 9729
1681054341.9153707 532.00 9736
1681054341.9169178 532.00 9742
1681054341.9184186 532.00 9748
1681054341.9197836 532.00 9754
1681054341.9211245 532.00 9760
1681054341.9224932 532.00 9766
1681054341.9238203 532.00 9773
1681054341.925115 532.00 9780
1681054341.9264674 532.00 9786
1681054341.9276876 532.00 9792
1681054341.928905 532.00 9798
1681054341.930143 532.00 9804
1681054341.9313626 532.00 9810
1681054341.932579 532.00 9817
1681054342.000664 532.00 9824
1681054342.0022354 532.00 9830
1681054342.0040867 532.00 9836
1681054342.0056224 532.00 9842
1681054342.0070937 532.00 9848
1681054342.008463 532.00 9854
1681054342.0098696 532.00 9861
1681054342.011255 532.00 9868
1681054342.0125718 532.00 9874
1681054342.0138996 532.00 9880
1681054342.0152194 532.00 9886
1681054342.0165324 532.00 9892
1681054342.017866 532.00 9899
1681054342.0840864 532.00 9905
1681054342.086682 532.00 9912
1681054342.0889707 532.00 9918
1681054342.091246 532.00 9924
1681054342.0935082 532.00 9930
1681054342.095756 532.00 9936
1681054342.098166 532.00 9943
1681054342.0998561 532.00 9949
1681054342.1019804 532.00 9956
1681054342.104717 532.00 9962
1681054342.1073909 532.00 9968
1681054342.1100726 532.00 9974
1681054342.1128235 532.00 9980
1681054342.115628 532.00 9987
1681054342.1703694 532.00 9993
1681054342.173256 532.00 10000
1681054342.1761591 532.00 10006
1681054342.179059 532.00 10012
