1681070001.222006 502.00 1
1681070001.3409426 502.00 50
1681070001.3427255 502.00 52
1681070001.3442132 502.00 53
1681070001.345768 502.00 56
1681070001.3471088 502.00 61
1681070001.348453 502.00 65
1681070001.3497527 502.00 70
1681070001.350946 502.00 75
1681070001.352161 502.00 80
1681070001.3533583 502.00 86
1681070001.3545427 502.00 90
1681070001.3558123 502.00 95
1681070001.357107 501.00 100
1681070001.3583713 502.00 106
1681070001.359615 502.00 111
1681070001.3610425 506.00 116
1681070001.4249122 502.00 122
1681070001.4265523 502.00 128
1681070001.4281719 502.00 134
1681070001.4296393 502.00 139
1681070001.4310346 502.00 145
1681070001.4324539 501.00 150
1681070001.4338555 502.00 156
1681070001.4352772 502.00 161
1681070001.4367826 501.00 167
1681070001.4382305 502.00 173
1681070001.4395752 502.00 179
1681070001.4409668 502.00 184
1681070001.442234 502.00 190
1681070001.4435077 501.00 195
1681070001.4450684 502.00 201
1681070001.5093062 502.00 207
1681070001.5108964 502.00 212
1681070001.5124018 502.00 219
1681070001.5136979 501.00 224
1681070001.5149705 502.00 230
1681070001.5162184 501.00 236
1681070001.517434 502.00 241
1681070001.5186014 502.00 247
1681070001.519751 501.00 253
1681070001.5209506 501.00 259
1681070001.5221043 502.00 265
1681070001.523258 502.00 271
1681070001.5244424 501.00 276
1681070001.5256126 501.00 282
1681070001.5267704 501.00 288
1681070001.5938828 501.00 293
1681070001.5957305 502.00 300
1681070001.5972698 502.00 305
1681070001.5985796 502.00 311
1681070001.5999265 502.00 317
1681070001.6013765 501.00 322
1681070001.602695 502.00 328
1681070001.604022 502.00 334
1681070001.6054375 506.00 339
1681070001.606702 502.00 346
1681070001.6080875 502.00 352
1681070001.6094148 502.00 357
1681070001.610696 501.00 363
1681070001.611974 506.00 369
1681070001.6132874 505.00 374
1681070001.6786199 501.00 380
1681070001.6796436 505.00 387
1681070001.680676 503.00 392
1681070001.6817787 497.00 398
1681070001.6830585 505.00 403
1681070001.6842916 505.00 409
1681070001.6855195 502.00 415
1681070001.6867118 505.00 420
1681070001.687882 500.00 427
1681070001.6890728 505.00 433
1681070001.690485 505.00 438
1681070001.691836 505.00 444
1681070001.6930442 505.00 450
1681070001.694216 505.00 455
1681070001.7622952 504.00 461
1681070001.763945 504.00 467
1681070001.765586 505.00 473
1681070001.7669976 505.00 479
1681070001.7684033 505.00 484
1681070001.769804 503.00 490
1681070001.7711928 505.00 496
1681070001.7728522 505.00 501
1681070001.7741666 505.00 507
1681070001.7754385 505.00 514
1681070001.7768114 505.00 519
1681070001.7782223 505.00 525
1681070001.7795155 505.00 531
1681070001.7808487 505.00 536
1681070001.7821271 505.00 542
1681070001.8471246 505.00 548
1681070001.8480902 504.00 553
1681070001.848981 504.00 560
1681070001.849878 505.00 565
1681070001.8512368 505.00 571
1681070001.8523958 505.00 577
1681070001.8534644 505.00 582
1681070001.8542283 505.00 588
1681070001.8549013 505.00 594
1681070001.855952 504.00 600
1681070001.8566482 505.00 606
1681070001.8572018 505.00 612
1681070001.8577487 505.00 617
1681070001.8582954 504.00 623
1681070001.9306414 505.00 629
1681070001.9322195 505.00 634
1681070001.9335794 505.00 641
1681070001.9347851 505.00 647
1681070001.935979 505.00 652
1681070001.937212 505.00 658
1681070001.938443 505.00 663
1681070001.9396355 505.00 669
1681070001.9408653 504.00 675
1681070001.9420524 504.00 680
1681070001.9432337 505.00 687
1681070001.9444585 505.00 693
1681070001.945656 505.00 698
1681070001.9468546 504.00 704
1681070001.9480429 504.00 710
1681070002.0167098 509.00 715
1681070002.0192046 505.00 721
1681070002.0217679 505.00 728
1681070002.0242271 505.00 733
1681070002.026661 504.00 739
1681070002.028927 505.00 744
1681070002.0311587 504.00 750
1681070002.0325458 505.00 756
1681070002.033748 504.00 761
1681070002.0349512 504.00 768
1681070002.0362036 504.00 774
1681070002.0374608 505.00 779
1681070002.038659 505.00 785
1681070002.039848 505.00 791
1681070002.0410712 505.00 796
1681070002.1003983 505.00 802
1681070002.1020133 505.00 808
1681070002.1033273 504.00 814
1681070002.1046674 505.00 820
1681070002.1058621 504.00 826
1681070002.107048 504.00 831
1681070002.1082816 505.00 837
1681070002.109496 504.00 842
1681070002.110836 505.00 848
1681070002.1120472 505.00 855
1681070002.1132822 505.00 860
1681070002.1144865 505.00 866
1681070002.115695 505.00 872
1681070002.1170037 505.00 877
1681070002.183765 504.00 883
1681070002.1854353 504.00 889
1681070002.1868112 505.00 894
1681070002.1882348 505.00 901
1681070002.1896417 505.00 907
1681070002.1909738 504.00 912
1681070002.1922433 505.00 918
1681070002.1935089 504.00 923
1681070002.1947725 505.00 929
1681070002.196096 504.00 935
1681070002.197517 505.00 941
1681070002.1988072 505.00 947
1681070002.2000415 505.00 953
1681070002.2012792 505.00 958
1681070002.2024858 504.00 964
1681070002.26891 505.00 970
1681070002.2702324 505.00 975
1681070002.2715046 504.00 982
1681070002.2728064 505.00 988
1681070002.2740624 504.00 993
1681070002.275317 504.00 999
1681070002.2768476 504.00 1005
1681070002.2781677 505.00 1011
1681070002.2794871 505.00 1017
1681070002.28082 505.00 1024
1681070002.2821684 505.00 1030
1681070002.283475 504.00 1036
1681070002.28469 505.00 1042
1681070002.2858808 505.00 1047
1681070002.3532984 505.00 1053
1681070002.354806 505.00 1059
1681070002.3562574 505.00 1065
1681070002.3576856 504.00 1072
1681070002.359094 505.00 1078
1681070002.3606925 505.00 1084
1681070002.362175 505.00 1090
1681070002.3635988 505.00 1096
1681070002.3650668 504.00 1102
1681070002.3664901 504.00 1108
1681070002.3678658 505.00 1115
1681070002.3691978 505.00 1121
1681070002.3705056 505.00 1127
1681070002.3717916 505.00 1133
1681070002.437605 504.00 1139
1681070002.4389668 505.00 1145
1681070002.4403062 505.00 1152
1681070002.4416611 505.00 1158
1681070002.4431932 505.00 1164
1681070002.444672 505.00 1170
1681070002.4461043 504.00 1176
1681070002.4474223 504.00 1182
1681070002.4487245 505.00 1188
1681070002.4500132 505.00 1195
1681070002.4513052 504.00 1201
1681070002.4526007 505.00 1207
1681070002.4538152 505.00 1213
1681070002.5207272 505.00 1219
1681070002.5224586 505.00 1225
1681070002.5239058 504.00 1231
1681070002.5254254 505.00 1238
1681070002.5267596 505.00 1244
1681070002.528101 505.00 1250
1681070002.5296104 505.00 1256
1681070002.5310497 505.00 1262
1681070002.5325606 505.00 1268
1681070002.5340776 505.00 1274
1681070002.535458 505.00 1281
1681070002.5367994 505.00 1287
1681070002.5381174 504.00 1293
1681070002.5394268 505.00 1299
1681070002.6051812 504.00 1304
1681070002.6067753 505.00 1310
1681070002.608173 505.00 1316
1681070002.6095324 504.00 1323
1681070002.6110556 505.00 1329
1681070002.6125968 504.00 1335
1681070002.614036 505.00 1341
1681070002.6153634 505.00 1347
1681070002.6167316 505.00 1353
1681070002.6180475 505.00 1359
1681070002.61936 505.00 1366
1681070002.6207201 505.00 1372
1681070002.6219995 504.00 1378
1681070002.6232102 504.00 1384
1681070002.6901765 505.00 1390
1681070002.6914182 504.00 1396
1681070002.6927083 504.00 1402
1681070002.6940217 505.00 1409
1681070002.6953223 505.00 1415
1681070002.6965668 505.00 1421
1681070002.6977699 503.00 1427
1681070002.6989565 505.00 1433
1681070002.700167 505.00 1439
1681070002.701375 505.00 1445
1681070002.7025807 505.00 1452
1681070002.7037802 505.00 1458
1681070002.7050195 505.00 1465
1681070002.706242 502.00 1471
1681070002.7747397 505.00 1477
1681070002.7761333 505.00 1483
1681070002.7775471 505.00 1489
1681070002.7788875 505.00 1496
1681070002.7801657 505.00 1502
1681070002.7813907 505.00 1509
1681070002.7827027 505.00 1515
1681070002.78395 504.00 1521
1681070002.7852004 504.00 1527
1681070002.7864625 505.00 1533
1681070002.7876763 505.00 1540
1681070002.7889004 507.00 1546
1681070002.7900949 505.00 1553
1681070002.8588305 505.00 1559
1681070002.860363 504.00 1565
1681070002.8620005 505.00 1571
1681070002.8634229 504.00 1577
1681070002.8648694 505.00 1584
1681070002.8663077 505.00 1590
1681070002.867769 504.00 1597
1681070002.869247 505.00 1603
1681070002.870673 505.00 1609
1681070002.872062 505.00 1615
1681070002.8734303 504.00 1622
1681070002.8747294 505.00 1628
1681070002.8760366 505.00 1634
1681070002.9422095 505.00 1641
1681070002.9436612 505.00 1647
1681070002.9449718 505.00 1653
1681070002.9462612 505.00 1659
1681070002.947505 505.00 1666
1681070002.9487505 505.00 1672
1681070002.9499502 504.00 1678
1681070002.9511437 504.00 1685
1681070002.9523597 504.00 1691
1681070002.9535646 504.00 1697
1681070002.9547675 504.00 1703
1681070002.955989 505.00 1710
1681070002.9572184 505.00 1716
1681070002.958518 504.00 1722
1681070003.027764 505.00 1729
1681070003.0293725 506.00 1735
1681070003.0309186 505.00 1741
1681070003.0323627 504.00 1747
1681070003.0337648 504.00 1754
1681070003.0351262 505.00 1760
1681070003.0365345 505.00 1766
1681070003.037902 505.00 1773
1681070003.0392697 504.00 1779
1681070003.0407844 505.00 1785
1681070003.042343 504.00 1792
1681070003.0437686 505.00 1798
1681070003.0451953 505.00 1804
1681070003.110785 505.00 1810
1681070003.112657 504.00 1817
1681070003.1140103 505.00 1823
1681070003.1153293 505.00 1829
1681070003.116815 505.00 1836
1681070003.1182451 504.00 1842
1681070003.1196601 505.00 1848
1681070003.1209996 505.00 1854
1681070003.1223166 504.00 1861
1681070003.123706 505.00 1867
1681070003.1250896 505.00 1873
1681070003.1263945 505.00 1880
1681070003.1276894 503.00 1886
1681070003.1289315 505.00 1892
1681070003.1961946 504.00 1898
1681070003.1976795 505.00 1905
1681070003.1990016 504.00 1911
1681070003.2003822 505.00 1917
1681070003.2018137 505.00 1924
1681070003.2031631 505.00 1930
1681070003.204486 505.00 1936
1681070003.2057855 505.00 1942
1681070003.2070756 504.00 1949
1681070003.2083802 505.00 1955
1681070003.2096756 504.00 1961
1681070003.2109618 505.00 1968
1681070003.2122705 505.00 1974
1681070003.2796633 504.00 1980
1681070003.2813914 505.00 1986
1681070003.283139 504.00 1993
1681070003.28465 504.00 1999
1681070003.2860947 504.00 2006
1681070003.2875779 504.00 2012
1681070003.2890215 504.00 2018
1681070003.2903645 505.00 2024
1681070003.2917936 505.00 2030
1681070003.2932549 506.00 2037
1681070003.294659 505.00 2043
1681070003.295969 504.00 2050
1681070003.2973206 505.00 2056
1681070003.3636365 505.00 2062
1681070003.365375 505.00 2068
1681070003.3667352 505.00 2074
1681070003.368186 505.00 2081
1681070003.3696606 504.00 2087
1681070003.3710692 505.00 2094
1681070003.3724678 502.00 2100
1681070003.3738263 504.00 2106
1681070003.3751585 506.00 2112
1681070003.3765311 505.00 2118
1681070003.3779547 505.00 2125
1681070003.3792958 505.00 2131
1681070003.3806076 505.00 2138
1681070003.3818495 504.00 2144
1681070003.4489882 504.00 2150
1681070003.4504926 504.00 2156
1681070003.4519434 504.00 2162
1681070003.4533172 505.00 2169
1681070003.454623 505.00 2176
1681070003.4559147 509.00 2182
1681070003.4572237 505.00 2188
1681070003.4586458 505.00 2194
1681070003.459953 505.00 2200
1681070003.4613981 505.00 2206
1681070003.46271 505.00 2213
1681070003.4640079 505.00 2220
1681070003.4653273 504.00 2226
1681070003.5324142 505.00 2232
1681070003.5341163 504.00 2238
1681070003.5354722 505.00 2244
1681070003.5369973 504.00 2250
1681070003.5395718 505.00 2257
1681070003.5419898 505.00 2264
1681070003.543729 505.00 2270
1681070003.5453212 504.00 2276
1681070003.5466936 504.00 2282
1681070003.5482779 505.00 2288
1681070003.5496218 504.00 2294
1681070003.5509455 504.00 2301
1681070003.5522883 505.00 2308
1681070003.5536108 505.00 2314
1681070003.6177673 505.00 2320
1681070003.619282 505.00 2326
1681070003.6206658 504.00 2332
1681070003.6220672 505.00 2338
1681070003.623417 505.00 2345
1681070003.6247625 504.00 2352
1681070003.6261492 504.00 2358
1681070003.6274762 504.00 2364
1681070003.6288147 504.00 2370
1681070003.63011 504.00 2376
1681070003.631402 504.00 2382
1681070003.6327455 504.00 2390
1681070003.6340532 504.00 2396
1681070003.701107 504.00 2402
1681070003.7028477 504.00 2408
1681070003.70442 504.00 2414
1681070003.7060418 504.00 2420
1681070003.7074115 504.00 2426
1681070003.7088366 504.00 2434
1681070003.7102137 504.00 2440
1681070003.7116134 505.00 2446
1681070003.7130136 504.00 2452
1681070003.7143965 504.00 2458
1681070003.715781 505.00 2464
1681070003.71718 505.00 2470
1681070003.7185903 502.00 2478
1681070003.7850926 504.00 2484
1681070003.7867694 504.00 2490
1681070003.7881887 504.00 2496
1681070003.7896318 505.00 2502
1681070003.7909944 504.00 2508
1681070003.7923155 504.00 2514
1681070003.7937548 504.00 2522
1681070003.7951274 504.00 2528
1681070003.7965038 505.00 2534
1681070003.7977853 504.00 2540
1681070003.799042 504.00 2546
1681070003.800528 504.00 2552
1681070003.8018003 504.00 2558
1681070003.803081 505.00 2566
1681070003.870439 504.00 2572
1681070003.8720908 504.00 2578
1681070003.8735883 504.00 2584
1681070003.8749275 510.00 2590
1681070003.8763885 505.00 2596
1681070003.8780031 504.00 2603
1681070003.8794403 504.00 2609
1681070003.8811347 504.00 2616
1681070003.8825939 504.00 2622
1681070003.883905 502.00 2628
1681070003.8852346 505.00 2634
1681070003.8865461 502.00 2640
1681070003.8878489 504.00 2647
1681070003.9537706 504.00 2654
1681070003.9555316 510.00 2660
1681070003.9569874 505.00 2666
1681070003.9583519 504.00 2672
1681070003.9596534 505.00 2678
1681070003.9609818 504.00 2684
1681070003.9624956 504.00 2691
1681070003.9642868 504.00 2697
1681070003.9656792 502.00 2704
1681070003.9669974 504.00 2710
1681070003.9683282 504.00 2716
1681070003.9696689 504.00 2722
1681070003.970978 504.00 2728
1681070003.9722252 504.00 2735
1681070004.0390236 504.00 2742
1681070004.040526 503.00 2748
1681070004.0419312 503.00 2754
1681070004.043235 503.00 2760
1681070004.0447013 503.00 2766
1681070004.046088 503.00 2772
1681070004.0473995 502.00 2779
1681070004.0487692 502.00 2785
1681070004.0500903 502.00 2792
1681070004.051413 502.00 2798
1681070004.0527172 502.00 2804
1681070004.053915 502.00 2810
1681070004.0551069 502.00 2817
1681070004.1225188 502.00 2823
1681070004.1241305 502.00 2829
1681070004.1254883 502.00 2836
1681070004.126904 502.00 2842
1681070004.1283114 502.00 2848
1681070004.1296618 502.00 2854
1681070004.130974 502.00 2861
1681070004.1322951 502.00 2867
1681070004.1335526 502.00 2873
1681070004.1348305 502.00 2880
1681070004.1360312 503.00 2886
1681070004.1372533 502.00 2892
1681070004.1384706 502.00 2898
1681070004.2066514 502.00 2905
1681070004.2084444 502.00 2911
1681070004.2099726 504.00 2917
1681070004.2115877 502.00 2924
1681070004.213078 500.00 2930
1681070004.214523 504.00 2936
1681070004.2159214 502.00 2942
1681070004.2172534 502.00 2949
1681070004.2185662 502.00 2955
1681070004.2198815 502.00 2961
1681070004.2212083 502.00 2968
1681070004.2225187 502.00 2974
1681070004.2238252 502.00 2980
1681070004.2251718 502.00 2987
1681070004.2918162 502.00 2993
1681070004.2933815 502.00 2999
1681070004.2948372 502.00 3005
1681070004.2962844 502.00 3012
1681070004.2976148 502.00 3018
1681070004.2989235 502.00 3024
1681070004.3003757 502.00 3031
1681070004.3016794 502.00 3037
1681070004.3029706 502.00 3043
1681070004.3043065 502.00 3049
1681070004.305624 502.00 3056
1681070004.3069327 502.00 3062
1681070004.3082511 502.00 3068
1681070004.375227 502.00 3075
1681070004.376983 502.00 3081
1681070004.3784568 502.00 3087
1681070004.3798127 502.00 3093
1681070004.3812394 502.00 3100
1681070004.3825588 502.00 3106
1681070004.3838797 502.00 3112
1681070004.3851888 502.00 3119
1681070004.3864012 502.00 3125
1681070004.3876057 505.00 3131
1681070004.388884 502.00 3137
1681070004.39011 502.00 3144
1681070004.391312 502.00 3150
1681070004.392593 502.00 3156
1681070004.4607415 502.00 3163
1681070004.4621692 502.00 3169
1681070004.4635546 502.00 3175
1681070004.4648948 502.00 3181
1681070004.4661984 502.00 3188
1681070004.4674945 502.00 3194
1681070004.468854 502.00 3201
1681070004.4701533 502.00 3207
1681070004.4714477 502.00 3213
1681070004.472777 502.00 3219
1681070004.4740436 502.00 3225
1681070004.4753475 502.00 3232
1681070004.4769163 502.00 3238
1681070004.5440896 502.00 3245
1681070004.5470083 502.00 3251
1681070004.5497491 502.00 3257
1681070004.5524206 502.00 3263
1681070004.5550184 502.00 3269
1681070004.557676 502.00 3276
1681070004.5602639 502.00 3282
1681070004.5628605 502.00 3289
1681070004.5655417 502.00 3295
1681070004.568222 502.00 3301
1681070004.5708625 502.00 3307
1681070004.5727131 502.00 3313
1681070004.5743332 502.00 3320
1681070004.6278553 502.00 3326
1681070004.6287732 502.00 3333
1681070004.6295025 502.00 3339
1681070004.630216 502.00 3345
1681070004.6309242 502.00 3351
1681070004.6316364 502.00 3357
1681070004.6323602 502.00 3364
1681070004.633087 507.00 3371
1681070004.6338036 502.00 3377
1681070004.634516 502.00 3383
1681070004.6352267 502.00 3389
1681070004.635939 502.00 3395
1681070004.6367354 502.00 3401
1681070004.637459 502.00 3408
1681070004.7133107 502.00 3415
1681070004.714875 502.00 3421
1681070004.7163424 502.00 3427
1681070004.7177572 502.00 3433
1681070004.7190773 502.00 3439
1681070004.7205129 502.00 3445
1681070004.7218735 502.00 3452
1681070004.7233984 500.00 3459
1681070004.7247608 502.00 3465
1681070004.7260756 502.00 3471
1681070004.727571 502.00 3477
1681070004.7289305 502.00 3483
1681070004.7302268 502.00 3489
1681070004.7967408 502.00 3496
1681070004.7983308 502.00 3503
1681070004.7996628 493.00 3509
1681070004.801087 502.00 3515
1681070004.802426 502.00 3521
1681070004.803925 502.00 3527
1681070004.8052793 502.00 3533
1681070004.8065805 502.00 3540
1681070004.8078756 502.00 3547
1681070004.8092809 502.00 3553
1681070004.81066 502.00 3559
1681070004.811966 502.00 3565
1681070004.813271 502.00 3571
1681070004.8144717 502.00 3577
1681070004.8819814 502.00 3585
1681070004.8835678 502.00 3591
1681070004.8850248 502.00 3597
1681070004.8863904 502.00 3603
1681070004.8879008 502.00 3609
1681070004.8894663 502.00 3615
1681070004.8907716 502.00 3621
1681070004.8920696 502.00 3629
1681070004.8934062 502.00 3635
1681070004.894712 502.00 3641
1681070004.8960104 502.00 3647
1681070004.8974833 502.00 3653
1681070004.898822 502.00 3659
1681070004.9653373 502.00 3665
1681070004.966889 502.00 3673
1681070004.968226 502.00 3679
1681070004.9695382 502.00 3685
1681070004.970829 502.00 3691
1681070004.9721308 502.00 3697
1681070004.973454 502.00 3703
1681070004.9747486 502.00 3709
1681070004.976183 502.00 3717
1681070004.9775612 502.00 3723
1681070004.9788656 502.00 3729
1681070004.98019 502.00 3735
1681070004.9815083 502.00 3741
1681070004.982704 502.00 3747
1681070005.0505555 502.00 3753
1681070005.051892 502.00 3761
1681070005.0534184 502.00 3767
1681070005.0547597 502.00 3773
1681070005.0560505 502.00 3779
1681070005.0573678 502.00 3785
1681070005.0586443 502.00 3791
1681070005.0598233 502.00 3798
1681070005.0610318 502.00 3805
1681070005.062221 502.00 3811
1681070005.0634024 502.00 3817
1681070005.0645998 502.00 3823
1681070005.0657818 502.00 3829
1681070005.1347563 502.00 3835
1681070005.1362777 502.00 3842
1681070005.1377492 502.00 3849
1681070005.1391885 502.00 3855
1681070005.1408992 502.00 3861
1681070005.1423216 502.00 3867
1681070005.143734 502.00 3873
1681070005.1451323 502.00 3879
1681070005.1464996 502.00 3886
1681070005.147871 502.00 3893
1681070005.1492748 502.00 3899
1681070005.1506612 502.00 3905
1681070005.1519823 502.00 3911
1681070005.2180562 502.00 3917
1681070005.2196894 502.00 3923
1681070005.2210884 502.00 3930
1681070005.2224464 502.00 3937
1681070005.2238667 502.00 3943
1681070005.225251 502.00 3949
1681070005.2266076 502.00 3955
1681070005.227953 502.00 3961
1681070005.229353 506.00 3968
1681070005.2306955 502.00 3974
1681070005.2320268 502.00 3981
1681070005.2334702 502.00 3987
1681070005.234699 502.00 3993
1681070005.2359724 502.00 3999
1681070005.303514 502.00 4005
1681070005.3049772 502.00 4012
1681070005.306328 502.00 4018
1681070005.3076854 502.00 4025
1681070005.3090749 501.00 4031
1681070005.310462 501.00 4037
1681070005.3117664 501.00 4043
1681070005.3131013 501.00 4049
1681070005.31442 501.00 4056
1681070005.315713 499.00 4062
1681070005.3169339 501.00 4069
1681070005.3182507 501.00 4075
1681070005.3194566 501.00 4081
1681070005.3867881 500.00 4087
1681070005.3883939 501.00 4093
1681070005.3897998 501.00 4100
1681070005.391156 501.00 4106
1681070005.392527 501.00 4113
1681070005.3938692 501.00 4119
1681070005.3952086 501.00 4125
1681070005.3965857 501.00 4131
1681070005.3979497 502.00 4137
1681070005.3992763 501.00 4144
1681070005.400664 501.00 4150
1681070005.401994 501.00 4157
1681070005.4032884 501.00 4163
1681070005.4045677 500.00 4169
1681070005.471997 501.00 4175
1681070005.4733927 501.00 4182
1681070005.4746997 503.00 4188
1681070005.4760058 501.00 4194
1681070005.4773896 501.00 4201
1681070005.478695 501.00 4207
1681070005.4799984 501.00 4213
1681070005.4813185 501.00 4219
1681070005.4826252 501.00 4226
1681070005.483958 501.00 4232
1681070005.4852865 501.00 4238
1681070005.4865835 501.00 4245
1681070005.4878776 501.00 4251
1681070005.5560963 501.00 4257
1681070005.5575233 501.00 4263
1681070005.5589132 501.00 4270
1681070005.5602245 501.00 4276
1681070005.5618525 501.00 4282
1681070005.563274 499.00 4289
1681070005.564706 501.00 4295
1681070005.5660913 501.00 4301
1681070005.5675309 501.00 4307
1681070005.5689046 501.00 4314
1681070005.5702016 501.00 4320
1681070005.5714273 501.00 4326
1681070005.5726442 501.00 4333
1681070005.6394968 501.00 4339
1681070005.641121 499.00 4345
1681070005.6426356 500.00 4352
1681070005.6439896 501.00 4358
1681070005.6453733 501.00 4364
1681070005.6467962 501.00 4370
1681070005.6482222 501.00 4377
1681070005.6496277 501.00 4383
1681070005.650935 501.00 4389
1681070005.652262 500.00 4396
1681070005.653571 501.00 4402
1681070005.6549435 502.00 4408
1681070005.6563063 500.00 4414
1681070005.657524 501.00 4421
1681070005.72474 501.00 4427
1681070005.7263236 501.00 4433
1681070005.7276576 501.00 4440
1681070005.7290165 501.00 4446
1681070005.7304163 501.00 4452
1681070005.7317598 501.00 4458
1681070005.7331095 501.00 4465
1681070005.734345 501.00 4471
1681070005.7355416 503.00 4477
1681070005.7367532 501.00 4484
1681070005.737952 501.00 4490
1681070005.7392945 501.00 4496
1681070005.7405665 501.00 4502
1681070005.8082578 501.00 4509
1681070005.8100083 499.00 4515
1681070005.8113241 501.00 4521
1681070005.8128011 501.00 4528
1681070005.8141572 499.00 4534
1681070005.8154504 501.00 4540
1681070005.8167868 501.00 4546
1681070005.8180733 501.00 4553
1681070005.819384 497.00 4559
1681070005.8207512 501.00 4566
1681070005.8219686 501.00 4572
1681070005.8232515 501.00 4578
1681070005.824481 501.00 4584
1681070005.8256738 501.00 4590
1681070005.8936374 501.00 4597
1681070005.8951597 501.00 4603
1681070005.8966343 501.00 4610
1681070005.8979456 501.00 4616
1681070005.899248 501.00 4622
1681070005.9008782 501.00 4628
1681070005.902259 501.00 4634
1681070005.903573 500.00 4641
1681070005.9049318 501.00 4647
1681070005.9062564 501.00 4654
1681070005.9075627 501.00 4660
1681070005.9089022 501.00 4666
1681070005.9103246 501.00 4672
1681070005.977502 501.00 4678
1681070005.9789212 501.00 4685
1681070005.9805067 501.00 4691
1681070005.982038 501.00 4698
1681070005.9833548 501.00 4704
1681070005.9846766 501.00 4710
1681070005.9859753 501.00 4716
1681070005.9872751 501.00 4722
1681070005.9886067 501.00 4729
1681070005.9899201 501.00 4736
1681070005.9912207 501.00 4742
1681070005.9925385 501.00 4748
1681070005.9939272 501.00 4754
1681070006.0609622 501.00 4760
1681070006.0626857 501.00 4766
1681070006.064062 501.00 4773
1681070006.0655904 501.00 4780
1681070006.0669553 501.00 4786
1681070006.068269 501.00 4792
1681070006.069541 501.00 4798
1681070006.0707762 501.00 4804
1681070006.0719998 501.00 4810
1681070006.0732884 501.00 4817
1681070006.0745828 501.00 4824
1681070006.0759141 501.00 4830
1681070006.077282 501.00 4836
1681070006.0785615 501.00 4842
1681070006.1462789 501.00 4848
1681070006.1477153 501.00 4854
1681070006.1490812 501.00 4861
1681070006.150446 501.00 4868
1681070006.151783 501.00 4874
1681070006.1531298 500.00 4880
1681070006.1544766 501.00 4886
1681070006.1558042 501.00 4892
1681070006.1571739 501.00 4898
1681070006.1585522 501.00 4905
1681070006.1598082 502.00 4912
1681070006.1611738 501.00 4918
1681070006.1624408 501.00 4924
1681070006.2296622 501.00 4930
1681070006.2313666 501.00 4936
1681070006.2328303 501.00 4942
1681070006.2341816 501.00 4950
1681070006.2355711 501.00 4956
1681070006.2369218 501.00 4962
1681070006.2381608 501.00 4968
1681070006.239539 501.00 4974
1681070006.2408152 495.00 4980
1681070006.2421074 501.00 4986
1681070006.2435052 501.00 4994
1681070006.244872 501.00 5000
1681070006.2461169 501.00 5006
1681070006.247357 501.00 5012
1681070006.3148875 501.00 5018
1681070006.3164062 501.00 5024
1681070006.3177922 501.00 5030
1681070006.3191721 501.00 5038
1681070006.3206086 501.00 5044
1681070006.3223557 499.00 5050
1681070006.3237822 501.00 5056
1681070006.3251815 501.00 5062
1681070006.3268905 501.00 5068
1681070006.3285022 501.00 5074
1681070006.329873 501.00 5082
1681070006.331243 501.00 5088
1681070006.33261 501.00 5094
1681070006.3983147 501.00 5100
1681070006.4000406 501.00 5106
1681070006.401743 501.00 5112
1681070006.4033113 502.00 5118
1681070006.405358 502.00 5126
1681070006.406804 502.00 5132
1681070006.4081898 503.00 5138
1681070006.4095716 503.00 5144
1681070006.411287 504.00 5150
1681070006.412727 504.00 5156
1681070006.414085 505.00 5163
1681070006.4154398 506.00 5170
1681070006.4170942 506.00 5176
1681070006.4824715 507.00 5182
1681070006.4840477 508.00 5188
1681070006.4855027 509.00 5194
1681070006.4871929 510.00 5200
1681070006.4887054 510.00 5207
1681070006.4900823 511.00 5214
1681070006.4914804 512.00 5220
1681070006.4931102 513.00 5226
1681070006.4945033 513.00 5232
1681070006.4957411 514.00 5238
1681070006.4970112 514.00 5244
1681070006.4982493 515.00 5251
1681070006.4997373 516.00 5258
1681070006.5011282 517.00 5264
1681070006.567829 518.00 5270
1681070006.5693629 518.00 5276
1681070006.5707421 519.00 5282
1681070006.5721397 520.00 5288
1681070006.5735137 520.00 5295
1681070006.5748467 521.00 5302
1681070006.576566 522.00 5308
1681070006.577971 522.00 5314
1681070006.5793085 523.00 5320
1681070006.581022 523.00 5326
1681070006.58248 523.00 5332
1681070006.583826 524.00 5339
1681070006.5852098 524.00 5346
1681070006.6509864 524.00 5352
1681070006.6525278 524.00 5358
1681070006.6538124 525.00 5364
1681070006.6550794 525.00 5370
1681070006.6563778 525.00 5377
1681070006.6576605 525.00 5383
1681070006.6589115 526.00 5390
1681070006.660191 526.00 5396
1681070006.6614666 526.00 5402
1681070006.6626992 527.00 5408
1681070006.6639404 527.00 5414
1681070006.6652472 527.00 5421
1681070006.666519 527.00 5427
1681070006.667752 527.00 5434
1681070006.7364101 528.00 5440
1681070006.7380748 528.00 5446
1681070006.7395937 528.00 5452
1681070006.7410605 528.00 5458
1681070006.7424605 529.00 5465
1681070006.7438555 529.00 5471
1681070006.7452157 529.00 5478
1681070006.746603 529.00 5484
1681070006.7479181 529.00 5490
1681070006.7491736 530.00 5496
1681070006.750421 529.00 5502
1681070006.751646 529.00 5509
1681070006.7529147 530.00 5515
1681070006.8197663 530.00 5522
1681070006.8214285 530.00 5528
1681070006.8228014 530.00 5534
1681070006.8241904 530.00 5540
1681070006.8255732 530.00 5547
1681070006.8271499 530.00 5553
1681070006.828589 530.00 5559
1681070006.8299387 530.00 5566
1681070006.8312767 530.00 5572
1681070006.8326783 530.00 5578
1681070006.8340168 531.00 5584
1681070006.8353543 530.00 5591
1681070006.8367481 531.00 5597
1681070006.9038513 531.00 5603
1681070006.9054022 531.00 5610
1681070006.9067466 531.00 5616
1681070006.9081593 531.00 5622
1681070006.9097104 531.00 5628
1681070006.9110825 531.00 5635
1681070006.9124463 531.00 5641
1681070006.913783 531.00 5647
1681070006.9151342 531.00 5654
1681070006.9165087 531.00 5660
1681070006.9178128 531.00 5666
1681070006.919061 531.00 5672
1681070006.9203224 531.00 5679
1681070006.9216115 531.00 5685
1681070006.9891999 531.00 5691
1681070006.9906538 531.00 5698
1681070006.9920514 531.00 5704
1681070006.9936566 532.00 5710
1681070006.9950316 531.00 5716
1681070006.9964523 531.00 5723
1681070006.9978018 531.00 5729
1681070006.9991372 531.00 5735
1681070007.0005286 531.00 5742
1681070007.0018847 531.00 5748
1681070007.0031788 531.00 5754
1681070007.0044873 531.00 5761
1681070007.0058093 532.00 5767
1681070007.0725112 531.00 5773
1681070007.0740905 532.00 5779
1681070007.0756602 531.00 5786
1681070007.0770848 532.00 5792
1681070007.0785666 532.00 5798
1681070007.0799236 532.00 5805
1681070007.081301 531.00 5811
1681070007.082683 531.00 5817
1681070007.0840096 532.00 5823
1681070007.0853732 531.00 5829
1681070007.0867186 531.00 5836
1681070007.0880485 531.00 5842
1681070007.0894635 532.00 5849
1681070007.090869 531.00 5855
1681070007.157853 531.00 5861
1681070007.159591 531.00 5867
1681070007.1610432 532.00 5873
1681070007.1624649 531.00 5880
1681070007.1638288 532.00 5886
1681070007.1652343 532.00 5893
1681070007.1666281 532.00 5899
1681070007.1679971 531.00 5905
1681070007.1696718 531.00 5911
1681070007.1711826 531.00 5917
1681070007.1725998 532.00 5924
1681070007.1739166 532.00 5931
1681070007.1752229 532.00 5937
1681070007.241206 531.00 5943
1681070007.2429383 531.00 5949
1681070007.2446408 531.00 5955
1681070007.2460175 532.00 5961
1681070007.24738 532.00 5968
1681070007.248781 532.00 5975
1681070007.2501407 532.00 5981
1681070007.2514691 531.00 5987
1681070007.2528508 531.00 5993
1681070007.2541077 532.00 5999
1681070007.255344 531.00 6005
1681070007.2566755 532.00 6012
1681070007.2579353 531.00 6019
1681070007.3252683 531.00 6025
1681070007.3272426 531.00 6031
1681070007.3288136 531.00 6037
1681070007.3303077 531.00 6043
1681070007.3323224 531.00 6049
1681070007.3339157 531.00 6056
1681070007.3352656 532.00 6063
1681070007.3366663 532.00 6069
1681070007.3380027 531.00 6075
1681070007.3393624 531.00 6081
1681070007.3407216 531.00 6087
1681070007.342318 531.00 6093
1681070007.343747 531.00 6100
1681070007.345161 532.00 6107
1681070007.4105682 531.00 6113
1681070007.4120781 532.00 6119
1681070007.4136305 532.00 6125
1681070007.415044 532.00 6131
1681070007.416436 531.00 6137
1681070007.4178107 531.00 6145
1681070007.4191625 531.00 6151
1681070007.4207618 532.00 6157
1681070007.4224665 531.00 6163
1681070007.4238472 532.00 6169
1681070007.4254801 532.00 6175
1681070007.427243 532.00 6181
1681070007.428706 532.00 6189
1681070007.4939806 532.00 6195
1681070007.495956 532.00 6201
1681070007.497678 532.00 6207
1681070007.4991403 532.00 6213
1681070007.5005715 532.00 6219
1681070007.5019212 532.00 6225
1681070007.5032578 532.00 6233
1681070007.5046666 532.00 6239
1681070007.506009 532.00 6245
1681070007.5073452 532.00 6251
1681070007.5087435 532.00 6257
1681070007.5101311 532.00 6263
1681070007.5115182 532.00 6269
1681070007.5129297 532.00 6277
1681070007.5793095 532.00 6283
1681070007.5809212 532.00 6289
1681070007.5824366 532.00 6295
1681070007.5838852 532.00 6301
1681070007.5853577 532.00 6307
1681070007.5867903 532.00 6313
1681070007.588217 532.00 6321
1681070007.5895905 532.00 6327
1681070007.590932 532.00 6333
1681070007.5923126 532.00 6339
1681070007.5936987 532.00 6345
1681070007.5950432 532.00 6351
1681070007.5963948 532.00 6358
1681070007.6625826 532.00 6365
1681070007.664187 532.00 6371
1681070007.6655536 532.00 6377
1681070007.6668813 532.00 6383
1681070007.6682377 532.00 6389
1681070007.6696217 532.00 6395
1681070007.6708589 531.00 6402
1681070007.6721263 532.00 6409
1681070007.6733673 532.00 6415
1681070007.6746318 532.00 6421
1681070007.6760473 532.00 6427
1681070007.6774676 532.00 6433
1681070007.6787138 532.00 6439
1681070007.7466857 532.00 6446
1681070007.7485151 532.00 6453
1681070007.749896 532.00 6459
1681070007.751259 532.00 6465
1681070007.7526562 532.00 6471
1681070007.7540395 532.00 6477
1681070007.7553756 532.00 6483
1681070007.7568686 532.00 6490
1681070007.7582107 532.00 6497
1681070007.7596438 532.00 6503
1681070007.7610245 532.00 6509
1681070007.76236 532.00 6515
1681070007.7637153 532.00 6521
1681070007.7650268 532.00 6528
1681070007.8320098 532.00 6534
1681070007.833615 532.00 6541
1681070007.8350902 532.00 6547
1681070007.8366947 532.00 6553
1681070007.8381143 532.00 6559
1681070007.8395216 532.00 6565
1681070007.8408935 532.00 6572
1681070007.842301 532.00 6578
1681070007.8436713 532.00 6585
1681070007.8450527 532.00 6591
1681070007.8464582 532.00 6597
1681070007.8478143 532.00 6603
1681070007.8492682 532.00 6609
1681070007.9153252 532.00 6616
1681070007.9171848 532.00 6622
1681070007.9186165 532.00 6629
1681070007.9200058 532.00 6635
1681070007.9213839 532.00 6641
1681070007.9227629 532.00 6647
1681070007.9241326 532.00 6653
1681070007.925597 532.00 6660
1681070007.9269636 532.00 6666
1681070007.9283268 532.00 6673
1681070007.929707 532.00 6679
1681070007.9310505 532.00 6685
1681070007.9323401 532.00 6691
1681070007.9336014 532.00 6697
1681070008.0008156 532.00 6704
1681070008.0023663 532.00 6710
1681070008.0038714 532.00 6717
1681070008.00542 532.00 6723
1681070008.0067868 532.00 6729
1681070008.0081797 532.00 6735
1681070008.0097957 532.00 6742
1681070008.0111463 532.00 6748
1681070008.012566 532.00 6754
1681070008.0139291 532.00 6761
1681070008.0152826 532.00 6767
1681070008.0167177 532.00 6773
1681070008.018077 532.00 6779
1681070008.0839782 532.00 6786
1681070008.085622 532.00 6792
1681070008.0870013 532.00 6798
1681070008.0884454 532.00 6805
1681070008.089815 532.00 6811
1681070008.0911837 532.00 6817
1681070008.0927422 533.00 6823
1681070008.094114 533.00 6830
1681070008.0953636 533.00 6836
1681070008.0966775 533.00 6842
1681070008.097948 533.00 6849
1681070008.099198 533.00 6855
1681070008.1005025 533.00 6861
1681070008.1017406 533.00 6867
1681070008.1697435 533.00 6874
1681070008.171897 533.00 6880
1681070008.173658 533.00 6886
1681070008.1754582 533.00 6893
1681070008.17732 533.00 6899
1681070008.1789098 533.00 6905
1681070008.180315 533.00 6912
1681070008.1816907 533.00 6918
1681070008.1830316 533.00 6924
1681070008.1844091 533.00 6930
1681070008.185932 533.00 6937
1681070008.1874087 533.00 6943
1681070008.1888113 533.00 6949
1681070008.2535427 533.00 6956
1681070008.2549381 533.00 6962
1681070008.25632 533.00 6968
1681070008.2576966 533.00 6974
1681070008.259187 533.00 6981
1681070008.2606668 533.00 6987
1681070008.2620184 533.00 6993
1681070008.2633502 533.00 7000
1681070008.264749 533.00 7006
1681070008.2661211 533.00 7012
1681070008.2675185 533.00 7018
1681070008.2689044 533.00 7025
1681070008.2702343 533.00 7031
1681070008.3368104 533.00 7037
1681070008.3384128 533.00 7044
1681070008.3398943 533.00 7050
1681070008.3415294 533.00 7056
1681070008.3430817 533.00 7062
1681070008.3445113 533.00 7069
1681070008.345872 533.00 7075
1681070008.3472176 533.00 7081
1681070008.3486407 533.00 7088
1681070008.3499963 533.00 7094
1681070008.3513398 533.00 7100
1681070008.352728 533.00 7106
1681070008.3540723 533.00 7113
1681070008.3554232 533.00 7119
1681070008.4221854 533.00 7126
1681070008.4237216 533.00 7132
1681070008.4252741 533.00 7138
1681070008.4269361 533.00 7144
1681070008.4283144 533.00 7150
1681070008.4296935 533.00 7157
1681070008.4310334 533.00 7163
1681070008.4324667 533.00 7170
1681070008.4338095 533.00 7176
1681070008.4351509 533.00 7182
1681070008.4365423 533.00 7188
1681070008.4382503 533.00 7194
1681070008.439687 533.00 7201
1681070008.5055084 533.00 7207
1681070008.5072565 533.00 7214
1681070008.5106826 533.00 7220
1681070008.5123816 533.00 7226
1681070008.513915 533.00 7232
1681070008.5152817 533.00 7238
1681070008.5166223 533.00 7245
1681070008.5179405 533.00 7251
1681070008.5192506 534.00 7258
1681070008.5206587 533.00 7264
1681070008.5220163 533.00 7270
1681070008.5233638 533.00 7276
1681070008.5247774 533.00 7282
1681070008.5260916 533.00 7289
1681070008.590737 533.00 7296
1681070008.5921764 533.00 7302
1681070008.5935762 533.00 7308
1681070008.594927 533.00 7314
1681070008.5962908 533.00 7320
1681070008.597651 533.00 7326
1681070008.5989923 533.00 7333
1681070008.60035 533.00 7340
1681070008.60171 533.00 7346
1681070008.603056 533.00 7352
1681070008.604457 533.00 7358
1681070008.605714 533.00 7364
1681070008.606963 533.00 7370
1681070008.6748471 533.00 7377
1681070008.6763182 533.00 7384
1681070008.6777067 534.00 7390
1681070008.6790512 534.00 7396
1681070008.680406 533.00 7402
1681070008.6817653 533.00 7408
1681070008.6830978 533.00 7414
1681070008.6844027 533.00 7421
1681070008.685765 533.00 7428
1681070008.6871011 533.00 7434
1681070008.6883924 533.00 7440
1681070008.6896882 533.00 7446
1681070008.6910224 533.00 7452
1681070008.7582715 533.00 7458
1681070008.7602808 533.00 7465
1681070008.7618086 533.00 7472
1681070008.763181 533.00 7478
1681070008.7645657 533.00 7484
1681070008.7659042 533.00 7490
1681070008.7672453 533.00 7496
1681070008.7686272 533.00 7502
1681070008.7701485 533.00 7510
1681070008.7717083 533.00 7516
1681070008.7731142 533.00 7522
1681070008.7744796 533.00 7528
1681070008.776104 533.00 7534
1681070008.777521 533.00 7540
1681070008.8435621 533.00 7546
1681070008.8450873 533.00 7554
1681070008.8465564 533.00 7560
1681070008.848011 534.00 7566
1681070008.849482 534.00 7572
1681070008.8509188 533.00 7578
1681070008.852329 534.00 7584
1681070008.853712 533.00 7590
1681070008.8550518 533.00 7598
1681070008.8564298 533.00 7604
1681070008.8577666 533.00 7610
1681070008.8591697 533.00 7616
1681070008.860579 533.00 7622
1681070008.9268768 533.00 7628
1681070008.9285371 533.00 7634
1681070008.9299467 533.00 7642
1681070008.9313204 533.00 7648
1681070008.932748 533.00 7654
1681070008.9340992 533.00 7660
1681070008.935389 533.00 7666
1681070008.9366925 533.00 7672
1681070008.9379437 533.00 7678
1681070008.9391913 533.00 7686
1681070008.9405012 533.00 7692
1681070008.941829 533.00 7698
1681070008.943092 533.00 7704
1681070008.944396 533.00 7710
1681070009.0122597 533.00 7716
1681070009.0137393 533.00 7723
1681070009.015113 533.00 7730
1681070009.0164785 533.00 7736
1681070009.017841 533.00 7742
1681070009.0191965 533.00 7748
1681070009.0204782 533.00 7754
1681070009.0217352 533.00 7760
1681070009.0229743 533.00 7767
1681070009.0242362 533.00 7774
1681070009.0256355 533.00 7780
1681070009.026856 533.00 7786
1681070009.0280495 533.00 7792
1681070009.096144 533.00 7798
1681070009.097512 533.00 7804
1681070009.0988283 533.00 7811
1681070009.100138 533.00 7818
1681070009.1015615 533.00 7824
1681070009.1028533 533.00 7830
1681070009.1041615 533.00 7836
1681070009.105457 533.00 7842
1681070009.1067498 533.00 7848
1681070009.1080327 533.00 7855
1681070009.1094043 533.00 7862
1681070009.1107283 533.00 7868
1681070009.111987 533.00 7874
1681070009.17977 533.00 7880
1681070009.1814084 533.00 7886
1681070009.1827214 533.00 7892
1681070009.1840365 533.00 7899
1681070009.185264 533.00 7906
1681070009.1864517 533.00 7912
1681070009.1876557 533.00 7918
1681070009.188959 534.00 7924
1681070009.1902497 533.00 7930
1681070009.191563 533.00 7937
1681070009.192836 533.00 7943
1681070009.1940303 533.00 7950
1681070009.195312 533.00 7956
1681070009.1965399 533.00 7962
1681070009.2649236 533.00 7968
1681070009.2663538 534.00 7974
1681070009.2677703 533.00 7981
1681070009.2691624 533.00 7987
1681070009.2704484 533.00 7994
1681070009.2718 533.00 8000
1681070009.2731304 533.00 8006
1681070009.2744336 533.00 8012
1681070009.2757246 533.00 8018
1681070009.2770188 533.00 8025
1681070009.2782836 533.00 8031
1681070009.2795427 533.00 8038
1681070009.2808392 533.00 8044
1681070009.3484278 533.00 8050
1681070009.3499663 533.00 8056
1681070009.3512921 533.00 8062
1681070009.352758 533.00 8069
1681070009.3541312 533.00 8075
1681070009.3554304 533.00 8082
1681070009.3568165 533.00 8088
1681070009.3582582 533.00 8094
1681070009.3595755 533.00 8100
1681070009.360903 534.00 8107
1681070009.3621979 533.00 8113
1681070009.3634295 533.00 8119
1681070009.3646443 533.00 8126
1681070009.365841 533.00 8132
1681070009.43369 533.00 8138
1681070009.435246 533.00 8144
1681070009.436838 533.00 8151
1681070009.4384487 533.00 8157
1681070009.43999 533.00 8163
1681070009.4414802 533.00 8170
1681070009.4430149 533.00 8176
1681070009.444563 533.00 8182
1681070009.4459167 533.00 8188
1681070009.447277 533.00 8195
1681070009.4487004 533.00 8201
1681070009.4500744 533.00 8207
1681070009.4514332 533.00 8214
1681070009.517037 533.00 8220
1681070009.518705 533.00 8226
1681070009.5200126 533.00 8232
1681070009.5213299 533.00 8239
1681070009.5226517 533.00 8245
1681070009.5241032 533.00 8251
1681070009.525705 533.00 8258
1681070009.5271614 533.00 8264
1681070009.5284708 533.00 8270
1681070009.529753 533.00 8276
1681070009.53103 533.00 8283
1681070009.532321 533.00 8289
1681070009.5336137 533.00 8295
1681070009.6009963 534.00 8302
1681070009.60278 533.00 8308
1681070009.6042688 533.00 8314
1681070009.6055841 533.00 8321
1681070009.6068826 533.00 8327
1681070009.608347 533.00 8333
1681070009.609778 533.00 8339
1681070009.6111002 533.00 8346
1681070009.6124156 533.00 8352
1681070009.6137164 533.00 8358
1681070009.6150215 533.00 8365
1681070009.6163702 533.00 8371
1681070009.617685 533.00 8377
1681070009.6190186 533.00 8383
1681070009.6862748 534.00 8390
1681070009.6876185 533.00 8396
1681070009.6889575 534.00 8402
1681070009.6902573 533.00 8409
1681070009.6916275 533.00 8415
1681070009.6928408 533.00 8421
1681070009.6941144 533.00 8427
1681070009.6953673 533.00 8434
1681070009.6966481 533.00 8440
1681070009.6978438 534.00 8446
1681070009.699032 533.00 8453
1681070009.700239 533.00 8459
1681070009.7014391 533.00 8465
1681070009.7698894 533.00 8471
1681070009.7714338 533.00 8478
1681070009.7727568 533.00 8484
1681070009.774106 533.00 8491
1681070009.7754476 533.00 8497
1681070009.776874 533.00 8503
1681070009.7781954 533.00 8509
1681070009.779478 533.00 8515
1681070009.7807918 533.00 8522
1681070009.7820745 533.00 8528
1681070009.7833643 533.00 8535
1681070009.784684 533.00 8541
1681070009.7859647 533.00 8547
1681070009.7872453 533.00 8553
1681070009.8551419 534.00 8559
1681070009.8567548 533.00 8566
1681070009.8581624 533.00 8572
1681070009.8596053 533.00 8579
1681070009.861096 533.00 8585
1681070009.8625169 533.00 8591
1681070009.8638165 533.00 8597
1681070009.8651512 533.00 8603
1681070009.8664382 533.00 8610
1681070009.8677285 533.00 8616
1681070009.8690572 533.00 8623
1681070009.8705833 533.00 8629
1681070009.871919 533.00 8635
1681070009.9384742 534.00 8641
1681070009.9401584 533.00 8647
1681070009.9416332 534.00 8654
1681070009.9430485 533.00 8660
1681070009.9444752 533.00 8667
1681070009.9458582 534.00 8673
1681070009.9471414 533.00 8679
1681070009.9484317 533.00 8685
1681070009.949772 533.00 8691
1681070009.9512968 533.00 8698
1681070009.9526649 533.00 8705
1681070009.9539645 533.00 8711
1681070009.9552536 533.00 8717
1681070010.0225418 533.00 8723
1681070010.0240753 533.00 8729
1681070010.0254238 533.00 8735
1681070010.0267336 533.00 8742
1681070010.028021 533.00 8749
1681070010.0293396 533.00 8755
1681070010.0306368 533.00 8761
1681070010.031895 534.00 8767
1681070010.0332088 533.00 8773
1681070010.034506 533.00 8779
1681070010.035689 533.00 8786
1681070010.0368953 533.00 8793
1681070010.0381064 533.00 8799
1681070010.039308 533.00 8805
1681070010.1076334 533.00 8811
1681070010.1089702 533.00 8817
1681070010.1102154 533.00 8823
1681070010.111455 533.00 8830
1681070010.1127188 533.00 8837
1681070010.113968 533.00 8843
1681070010.1152897 533.00 8849
1681070010.1162841 533.00 8855
1681070010.1171587 533.00 8861
1681070010.1180205 533.00 8867
1681070010.118879 533.00 8875
1681070010.1198158 533.00 8881
1681070010.1207027 533.00 8887
1681070010.1912246 533.00 8893
1681070010.192937 533.00 8899
1681070010.1943064 533.00 8905
1681070010.1955938 534.00 8911
1681070010.196907 533.00 8919
1681070010.198186 533.00 8925
1681070010.1994586 533.00 8931
1681070010.2007565 533.00 8937
1681070010.2020378 533.00 8943
1681070010.203315 533.00 8949
1681070010.2046409 533.00 8955
1681070010.205899 534.00 8963
1681070010.2070696 533.00 8969
1681070010.2082582 533.00 8975
1681070010.2767262 533.00 8981
1681070010.2785075 533.00 8987
1681070010.279784 533.00 8993
1681070010.2810736 533.00 8999
1681070010.282261 534.00 9007
1681070010.2835834 533.00 9013
1681070010.2848396 533.00 9019
1681070010.2860277 534.00 9025
1681070010.2872121 533.00 9031
1681070010.288408 533.00 9037
1681070010.2896225 534.00 9043
1681070010.291095 533.00 9050
1681070010.292716 533.00 9057
1681070010.3600335 533.00 9063
1681070010.3617623 533.00 9069
1681070010.3634794 533.00 9075
1681070010.365172 533.00 9081
1681070010.3665311 533.00 9088
1681070010.367963 533.00 9094
1681070010.3694172 533.00 9101
1681070010.370949 533.00 9107
1681070010.3722796 533.00 9113
1681070010.3735862 533.00 9119
1681070010.3749347 533.00 9125
1681070010.3763545 533.00 9132
1681070010.377747 534.00 9138
1681070010.4439485 533.00 9145
1681070010.4456275 533.00 9151
1681070010.4470217 533.00 9157
1681070010.4484253 533.00 9163
1681070010.4498749 533.00 9169
1681070010.4512892 534.00 9176
1681070010.452688 533.00 9182
1681070010.4540396 533.00 9189
1681070010.4553835 533.00 9195
1681070010.456915 533.00 9201
1681070010.4583545 533.00 9207
1681070010.4597611 533.00 9213
1681070010.4611785 533.00 9220
1681070010.4625306 533.00 9226
1681070010.5291944 533.00 9233
1681070010.530569 533.00 9239
1681070010.5319955 533.00 9245
1681070010.5333717 534.00 9251
1681070010.534663 534.00 9257
1681070010.5359445 533.00 9264
1681070010.537267 533.00 9270
1681070010.538546 533.00 9277
1681070010.5399354 534.00 9283
1681070010.5413663 533.00 9289
1681070010.542802 533.00 9295
1681070010.544119 533.00 9302
1681070010.545417 533.00 9308
1681070010.612652 533.00 9314
1681070010.6142051 533.00 9321
1681070010.6155145 533.00 9327
1681070010.6169019 533.00 9333
1681070010.618248 533.00 9339
1681070010.619583 533.00 9346
1681070010.621137 533.00 9352
1681070010.6224425 533.00 9358
1681070010.6237323 533.00 9365
1681070010.6253064 533.00 9371
1681070010.6266103 533.00 9377
1681070010.6279008 533.00 9383
1681070010.629232 534.00 9390
1681070010.6305208 533.00 9396
1681070010.697993 534.00 9402
1681070010.6993513 533.00 9409
1681070010.7007823 533.00 9415
1681070010.7021134 533.00 9421
1681070010.703407 533.00 9427
1681070010.7047453 533.00 9434
1681070010.7060041 533.00 9440
1681070010.7072694 533.00 9446
1681070010.7086194 533.00 9453
1681070010.7099192 533.00 9459
1681070010.7111084 533.00 9465
1681070010.7123234 533.00 9472
1681070010.713526 533.00 9478
1681070010.7813132 533.00 9484
1681070010.7829013 533.00 9490
1681070010.7847693 533.00 9497
1681070010.78611 533.00 9503
1681070010.7874072 533.00 9509
1681070010.7888463 533.00 9516
1681070010.7903073 533.00 9522
1681070010.7916677 533.00 9528
1681070010.7930207 533.00 9534
1681070010.7943165 533.00 9541
1681070010.7956219 533.00 9547
1681070010.796895 533.00 9553
1681070010.7981346 533.00 9560
1681070010.8653657 533.00 9566
1681070010.866991 533.00 9572
1681070010.8685346 533.00 9578
1681070010.869897 533.00 9585
1681070010.8713677 533.00 9591
1681070010.8727121 533.00 9597
1681070010.874021 533.00 9604
1681070010.8753207 533.00 9610
1681070010.8766546 533.00 9616
1681070010.8779528 533.00 9622
1681070010.8792443 533.00 9629
1681070010.8805776 533.00 9635
1681070010.8820522 533.00 9641
1681070010.883351 533.00 9648
1681070010.9505823 533.00 9654
1681070010.9519598 533.00 9660
1681070010.9533198 533.00 9666
1681070010.9545546 533.00 9673
1681070010.9557765 533.00 9679
1681070010.9570467 534.00 9686
1681070010.9583232 533.00 9692
1681070010.9596648 533.00 9698
1681070010.9609237 533.00 9704
1681070010.962145 533.00 9710
1681070010.9633522 533.00 9717
1681070010.9646132 533.00 9723
1681070010.9658265 533.00 9730
1681070011.0340586 533.00 9736
1681070011.0355773 533.00 9742
1681070011.0369394 533.00 9748
1681070011.0382295 533.00 9754
1681070011.0395203 533.00 9761
1681070011.0410547 533.00 9767
1681070011.0428932 533.00 9774
1681070011.044244 533.00 9780
1681070011.0455613 533.00 9786
1681070011.0468304 533.00 9792
1681070011.048185 533.00 9798
1681070011.0495238 533.00 9805
1681070011.0508275 533.00 9811
1681070011.0521386 533.00 9818
1681070011.1194701 533.00 9824
1681070011.120973 533.00 9830
1681070011.1223183 533.00 9836
1681070011.1238468 533.00 9842
1681070011.1253622 533.00 9849
1681070011.1266613 533.00 9856
1681070011.1279554 534.00 9862
1681070011.1292765 533.00 9868
1681070011.1305618 533.00 9874
1681070011.1318629 533.00 9880
1681070011.133145 533.00 9886
1681070011.134335 533.00 9893
1681070011.135523 533.00 9900
1681070011.2028835 533.00 9906
1681070011.20463 533.00 9912
1681070011.20608 533.00 9918
1681070011.207683 533.00 9924
1681070011.209265 533.00 9930
1681070011.2106953 533.00 9937
1681070011.2121518 533.00 9944
1681070011.2135048 533.00 9950
1681070011.2148483 533.00 9956
1681070011.216285 533.00 9962
1681070011.2177854 533.00 9968
1681070011.2191808 533.00 9974
1681070011.2206728 533.00 9981
1681070011.2219677 533.00 9988
1681070011.288736 533.00 9994
1681070011.2911344 533.00 10000
1681070011.2926972 533.00 10006
1681070011.2941525 533.00 10013
1681070011.295513 533.00 10019
1681070011.296865 533.00 10025
1681070011.298173 533.00 10033
1681070011.2994804 533.00 10039
1681070011.3008385 533.00 10045
1681070011.3021498 533.00 10051
1681070011.3034556 533.00 10058
1681070011.3048015 533.00 10064
1681070011.3061023 534.00 10071
1681070011.371545 533.00 10078
1681070011.3720617 533.00 10084
1681070011.3725913 533.00 10090
1681070011.3731105 533.00 10097
1681070011.3736665 533.00 10103
1681070011.3742323 533.00 10109
1681070011.3748658 533.00 10117
1681070011.3755202 533.00 10123
1681070011.3761456 533.00 10129
1681070011.3767688 533.00 10136
1681070011.3773816 533.00 10142
1681070011.3780065 533.00 10148
1681070011.3786213 533.00 10155
1681070011.4566276 533.00 10162
1681070011.4583688 533.00 10168
1681070011.4597058 533.00 10174
1681070011.4611645 533.00 10181
1681070011.4626045 533.00 10187
1681070011.4640005 533.00 10193
1681070011.465601 533.00 10201
1681070011.4671195 533.00 10207
1681070011.4684772 533.00 10213
1681070011.4697883 533.00 10220
1681070011.4709857 533.00 10226
1681070011.4722393 533.00 10232
1681070011.473488 533.00 10238
1681070011.5409331 533.00 10246
1681070011.5423615 533.00 10252
1681070011.5438716 533.00 10258
1681070011.5454955 533.00 10265
1681070011.5472565 534.00 10271
1681070011.5486517 533.00 10277
1681070011.549985 533.00 10285
1681070011.5512433 533.00 10291
1681070011.5525007 533.00 10297
1681070011.553803 533.00 10304
1681070011.5550237 533.00 10310
1681070011.5562553 533.00 10317
1681070011.5574896 533.00 10323
1681070011.6255672 533.00 10331
1681070011.6270905 533.00 10337
1681070011.6284976 533.00 10344
1681070011.6299098 533.00 10350
1681070011.6313705 533.00 10357
1681070011.6330044 533.00 10363
1681070011.6344786 533.00 10371
1681070011.635801 533.00 10377
1681070011.637166 533.00 10384
1681070011.638485 533.00 10390
1681070011.6397994 533.00 10397
1681070011.6413877 533.00 10403
1681070011.7084293 533.00 10409
1681070011.7099855 533.00 10417
1681070011.7113497 533.00 10423
1681070011.71298 533.00 10430
1681070011.7144818 533.00 10436
1681070011.7158139 533.00 10443
1681070011.717158 533.00 10449
1681070011.718487 533.00 10457
1681070011.7197027 533.00 10463
1681070011.7209318 533.00 10470
1681070011.7221456 533.00 10476
1681070011.7233546 534.00 10483
1681070011.724914 533.00 10489
1681070011.7929568 533.00 10497
1681070011.7946742 533.00 10503
1681070011.796022 533.00 10510
1681070011.7975132 533.00 10516
1681070011.7988412 533.00 10523
1681070011.8001778 533.00 10529
1681070011.801513 533.00 10535
1681070011.802836 533.00 10543
1681070011.8041456 533.00 10549
1681070011.805476 533.00 10556
1681070011.8069692 533.00 10562
1681070011.8088076 533.00 10569
1681070011.810134 533.00 10575
1681070011.8773699 533.00 10583
1681070011.8780842 533.00 10589
1681070011.878779 533.00 10596
1681070011.8794677 533.00 10602
1681070011.8801672 534.00 10609
1681070011.8808675 533.00 10615
1681070011.8815706 533.00 10622
1681070011.882435 533.00 10629
1681070011.8831577 533.00 10636
1681070011.8838773 533.00 10642
1681070011.8845994 533.00 10649
1681070011.885291 533.00 10655
1681070011.9611297 533.00 10661
1681070011.9628582 533.00 10669
1681070011.964215 533.00 10675
1681070011.9658635 533.00 10682
1681070011.9673753 534.00 10688
1681070011.9687665 533.00 10695
1681070011.970131 533.00 10701
1681070011.9715009 533.00 10708
1681070011.972897 533.00 10715
1681070011.9742305 533.00 10722
1681070011.9755447 533.00 10728
1681070011.976883 533.00 10735
1681070011.978201 533.00 10741
1681070012.0456984 533.00 10748
1681070012.0472639 533.00 10755
1681070012.0487437 533.00 10762
1681070012.0501106 533.00 10768
1681070012.051456 533.00 10775
1681070012.0528488 533.00 10781
1681070012.0541353 533.00 10788
1681070012.0554633 533.00 10795
1681070012.0567942 533.00 10801
1681070012.058153 533.00 10808
1681070012.0593746 533.00 10814
1681070012.0607495 534.00 10821
1681070012.0620515 533.00 10827
1681070012.1306436 533.00 10834
1681070012.1320713 533.00 10841
1681070012.133494 533.00 10848
1681070012.1348648 533.00 10854
1681070012.1362457 533.00 10861
1681070012.137616 533.00 10867
1681070012.138978 533.00 10874
1681070012.1403718 533.00 10881
1681070012.1417603 533.00 10888
1681070012.143104 533.00 10894
1681070012.1446114 533.00 10901
1681070012.145977 533.00 10907
1681070012.147276 533.00 10914
1681070012.2150214 533.00 10920
1681070012.2163382 533.00 10927
1681070012.2176237 533.00 10934
1681070012.218883 533.00 10940
1681070012.2202454 534.00 10947
1681070012.2214847 533.00 10953
1681070012.2227063 533.00 10960
1681070012.2239242 533.00 10967
1681070012.2251866 533.00 10974
1681070012.226425 533.00 10980
1681070012.2276425 533.00 10987
1681070012.2288969 533.00 10993
1681070012.2984898 534.00 11000
1681070012.3002393 533.00 11006
1681070012.301618 533.00 11014
1681070012.3029385 533.00 11020
1681070012.3042698 533.00 11027
1681070012.305873 533.00 11033
1681070012.3076382 533.00 11040
1681070012.3092246 533.00 11046
1681070012.310629 533.00 11053
1681070012.31196 533.00 11060
1681070012.3136992 533.00 11066
1681070012.3151975 533.00 11073
1681070012.31657 533.00 11079
1681070012.3829741 533.00 11086
1681070012.3846407 533.00 11092
1681070012.3860185 533.00 11100
1681070012.387379 533.00 11106
1681070012.3887844 533.00 11113
1681070012.3901827 533.00 11119
1681070012.3915453 533.00 11126
1681070012.392927 533.00 11132
1681070012.3942769 533.00 11140
1681070012.3956363 533.00 11146
1681070012.3970242 533.00 11153
1681070012.398371 533.00 11159
1681070012.3997157 533.00 11166
1681070012.467948 533.00 11172
1681070012.4693706 533.00 11180
1681070012.4707124 533.00 11186
1681070012.4720478 533.00 11192
1681070012.4734757 533.00 11199
1681070012.4747508 533.00 11205
1681070012.476036 533.00 11212
1681070012.4772685 533.00 11218
1681070012.4784772 533.00 11226
1681070012.4796891 533.00 11232
1681070012.4809241 533.00 11239
1681070012.482162 533.00 11245
1681070012.483383 533.00 11252
1681070012.552431 533.00 11258
1681070012.5538268 533.00 11266
1681070012.5551677 533.00 11272
1681070012.5565748 533.00 11279
1681070012.5579379 533.00 11285
1681070012.5592606 533.00 11292
1681070012.5605984 533.00 11298
1681070012.5619736 533.00 11305
1681070012.5633223 533.00 11312
1681070012.5646677 533.00 11318
1681070012.5660055 533.00 11325
1681070012.56733 533.00 11331
1681070012.6357534 533.00 11338
1681070012.6375358 533.00 11344
1681070012.6388862 533.00 11352
1681070012.6402812 533.00 11358
1681070012.6416214 533.00 11365
1681070012.643133 533.00 11371
1681070012.6445827 533.00 11378
1681070012.6460044 533.00 11384
1681070012.6474295 533.00 11392
1681070012.6488714 533.00 11398
1681070012.650278 533.00 11405
1681070012.6516113 533.00 11411
1681070012.6529634 533.00 11418
1681070012.7210267 533.00 11424
1681070012.7234588 533.00 11431
1681070012.7258887 533.00 11438
1681070012.7281775 533.00 11444
1681070012.7304707 533.00 11451
1681070012.7329154 533.00 11457
1681070012.7351809 533.00 11464
1681070012.7373984 533.00 11470
1681070012.7396033 533.00 11478
1681070012.741846 533.00 11484
1681070012.7440975 533.00 11491
1681070012.7462034 533.00 11497
1681070012.7479184 533.00 11504
1681070012.8054004 533.00 11510
1681070012.8072684 533.00 11517
1681070012.8087616 533.00 11524
1681070012.8100307 534.00 11531
1681070012.8111176 533.00 11537
1681070012.8122196 534.00 11544
1681070012.813404 533.00 11550
1681070012.8145688 533.00 11557
1681070012.815843 533.00 11564
1681070012.8176792 533.00 11571
1681070012.8197985 533.00 11577
1681070012.8216832 533.00 11583
1681070012.888305 533.00 11590
1681070012.8891592 533.00 11596
1681070012.8900359 533.00 11603
1681070012.8906739 533.00 11610
1681070012.8912783 533.00 11617
1681070012.8918757 533.00 11623
1681070012.8925123 533.00 11630
1681070012.8931112 533.00 11636
1681070012.893709 533.00 11643
1681070012.894302 533.00 11650
1681070012.8949 533.00 11657
1681070012.895506 533.00 11663
1681070012.8961198 533.00 11670
1681070012.9729345 533.00 11676
1681070012.9750056 533.00 11683
1681070012.9765747 533.00 11689
1681070012.9780061 534.00 11697
1681070012.9794736 533.00 11703
1681070012.9809809 533.00 11709
1681070012.9825058 533.00 11716
1681070012.9838388 533.00 11722
1681070012.9851956 533.00 11729
1681070012.9865258 533.00 11736
1681070012.9878674 533.00 11743
1681070012.9892783 533.00 11749
1681070012.990966 533.00 11756
1681070013.0578518 533.00 11762
1681070013.0593011 533.00 11769
1681070013.0606341 534.00 11776
1681070013.0619738 533.00 11783
1681070013.0632126 533.00 11789
1681070013.0644734 533.00 11796
1681070013.0657136 533.00 11802
1681070013.0669425 533.00 11809
1681070013.0682402 533.00 11815
1681070013.0694892 533.00 11823
1681070013.0707283 533.00 11829
1681070013.07196 533.00 11835
1681070013.0733128 533.00 11842
1681070013.1423244 533.00 11848
1681070013.143684 533.00 11855
1681070013.1450667 533.00 11862
1681070013.146313 533.00 11869
1681070013.1475704 533.00 11875
1681070013.1488528 533.00 11882
1681070013.1500897 533.00 11888
1681070013.1513538 533.00 11895
1681070013.1526518 534.00 11901
1681070013.1538844 533.00 11909
1681070013.1552362 533.00 11915
1681070013.1568465 533.00 11922
1681070013.2257288 533.00 11928
1681070013.227507 533.00 11935
1681070013.2291307 533.00 11941
1681070013.2305908 533.00 11949
1681070013.2320228 533.00 11955
1681070013.2334602 533.00 11962
1681070013.234883 533.00 11968
1681070013.2363021 533.00 11974
1681070013.2377799 533.00 11981
1681070013.2391558 533.00 11987
1681070013.2404816 533.00 11995
1681070013.2418032 533.00 12001
1681070013.2430818 533.00 12008
1681070013.3107245 533.00 12014
1681070013.3122728 533.00 12021
1681070013.313749 533.00 12027
1681070013.3150802 533.00 12035
1681070013.316429 533.00 12041
1681070013.317811 533.00 12048
1681070013.3192027 533.00 12054
1681070013.3209426 533.00 12061
1681070013.322409 533.00 12067
1681070013.324032 533.00 12075
1681070013.325507 533.00 12081
1681070013.326866 533.00 12088
1681070013.3282454 533.00 12094
1681070013.3952603 533.00 12100
1681070013.396797 533.00 12107
1681070013.3982596 533.00 12113
1681070013.399611 533.00 12121
1681070013.4009478 533.00 12127
1681070013.4023724 534.00 12134
1681070013.4037943 533.00 12140
1681070013.4052143 533.00 12147
1681070013.4065661 533.00 12153
1681070013.4078918 533.00 12161
1681070013.4092414 533.00 12167
1681070013.410629 533.00 12174
1681070013.4784694 533.00 12180
1681070013.480174 533.00 12187
1681070013.4816542 533.00 12193
1681070013.4829884 533.00 12200
1681070013.4843369 533.00 12207
1681070013.4856672 533.00 12214
1681070013.4869885 533.00 12220
1681070013.48832 533.00 12227
1681070013.4896653 533.00 12233
1681070013.491095 533.00 12239
1681070013.4924634 533.00 12247
1681070013.493808 533.00 12253
1681070013.4951444 533.00 12260
1681070013.5629497 533.00 12266
1681070013.5645714 533.00 12273
1681070013.565924 533.00 12279
1681070013.5672493 533.00 12286
1681070013.568606 533.00 12293
1681070013.5699403 533.00 12300
1681070013.5712564 533.00 12306
1681070013.5725904 533.00 12313
1681070013.5739772 533.00 12319
1681070013.5753467 533.00 12326
1681070013.5767002 533.00 12333
1681070013.5780282 533.00 12340
1681070013.5793493 534.00 12346
1681070013.6480882 533.00 12353
1681070013.6497498 533.00 12359
1681070013.6512434 533.00 12365
1681070013.6527245 533.00 12372
1681070013.6541102 534.00 12379
1681070013.6555655 533.00 12386
1681070013.6570604 533.00 12392
1681070013.65858 533.00 12399
1681070013.659956 533.00 12405
1681070013.6613855 533.00 12412
1681070013.6628408 533.00 12419
1681070013.6642308 533.00 12426
1681070013.6656222 533.00 12432
1681070013.732491 533.00 12439
1681070013.7341864 533.00 12445
1681070013.7356746 533.00 12452
1681070013.7373652 533.00 12459
1681070013.7389607 533.00 12466
1681070013.740617 533.00 12472
1681070013.7420826 533.00 12479
1681070013.7434103 533.00 12485
1681070013.744789 533.00 12491
1681070013.7461388 533.00 12498
1681070013.7474663 533.00 12505
1681070013.7488565 533.00 12512
1681070013.8158312 533.00 12518
1681070013.8176024 533.00 12525
1681070013.8190136 533.00 12531
1681070013.820425 533.00 12538
1681070013.821837 533.00 12545
1681070013.8232195 533.00 12552
1681070013.8246224 533.00 12558
1681070013.8259852 533.00 12565
1681070013.8273454 533.00 12571
1681070013.8287508 533.00 12578
1681070013.8301322 533.00 12584
1681070013.8314312 533.00 12592
1681070013.8327844 533.00 12598
1681070013.9001505 533.00 12605
1681070013.901979 534.00 12611
1681070013.903486 533.00 12618
1681070013.9049962 533.00 12624
1681070013.906605 533.00 12631
1681070013.9081922 533.00 12638
1681070013.9096768 533.00 12644
1681070013.9110932 533.00 12651
1681070013.912573 533.00 12657
1681070013.9138968 533.00 12664
1681070013.9152489 533.00 12670
1681070013.9167023 533.00 12678
1681070013.918113 533.00 12684
1681070013.9853532 533.00 12691
1681070013.987083 533.00 12697
1681070013.9887779 533.00 12704
1681070013.9903448 533.00 12710
1681070013.9917917 533.00 12718
1681070013.993227 533.00 12724
1681070013.9946117 534.00 12731
1681070013.9959836 533.00 12737
1681070013.997402 534.00 12744
1681070013.9988067 533.00 12750
1681070014.0003543 533.00 12756
1681070014.0017912 533.00 12764
1681070014.068435 533.00 12770
1681070014.0699232 533.00 12777
1681070014.0711555 533.00 12783
1681070014.0724294 533.00 12790
1681070014.0737383 533.00 12796
1681070014.0749705 533.00 12804
1681070014.076322 533.00 12810
1681070014.077576 533.00 12817
1681070014.0788033 533.00 12823
1681070014.0800347 533.00 12830
1681070014.0812821 533.00 12836
1681070014.0825136 533.00 12844
1681070014.083734 533.00 12850
1681070014.1529374 533.00 12857
1681070014.1545382 534.00 12863
1681070014.1560888 533.00 12870
1681070014.1575143 533.00 12876
1681070014.1588638 533.00 12882
1681070014.160238 533.00 12890
1681070014.161588 533.00 12896
1681070014.1629252 533.00 12903
1681070014.1642008 534.00 12909
1681070014.1654727 533.00 12916
1681070014.1667054 533.00 12922
1681070014.1679413 533.00 12930
1681070014.1692042 533.00 12936
1681070014.238143 533.00 12943
1681070014.239648 533.00 12949
1681070014.2411275 533.00 12956
1681070014.2425337 533.00 12962
1681070014.2439466 533.00 12969
1681070014.245367 533.00 12976
1681070014.2467756 533.00 12983
1681070014.2481916 533.00 12989
1681070014.24962 533.00 12996
1681070014.251014 533.00 13002
1681070014.2524273 533.00 13009
1681070014.253765 533.00 13016
1681070014.2549963 533.00 13022
1681070014.3224647 533.00 13029
1681070014.323974 533.00 13035
1681070014.325468 533.00 13042
1681070014.32692 533.00 13048
1681070014.3283877 533.00 13056
1681070014.3298366 533.00 13062
1681070014.3313143 533.00 13069
1681070014.3327792 533.00 13075
1681070014.3342288 533.00 13082
1681070014.3355787 533.00 13088
1681070014.3369193 533.00 13095
1681070014.3382413 533.00 13102
1681070014.405788 533.00 13109
1681070014.4076877 533.00 13115
1681070014.4091058 533.00 13122
1681070014.4105017 533.00 13128
1681070014.411979 533.00 13135
1681070014.4134226 533.00 13142
1681070014.4147604 533.00 13148
1681070014.4160886 533.00 13155
1681070014.4176295 534.00 13161
1681070014.4191618 533.00 13168
1681070014.4205885 533.00 13174
1681070014.4219735 533.00 13181
1681070014.42353 533.00 13188
1681070014.4902472 533.00 13195
1681070014.492003 533.00 13201
1681070014.4935868 533.00 13208
1681070014.495061 533.00 13214
1681070014.4965487 533.00 13221
1681070014.4979732 533.00 13228
1681070014.4992993 533.00 13235
1681070014.500647 533.00 13241
1681070014.5019765 533.00 13248
1681070014.503304 533.00 13254
1681070014.504651 533.00 13261
1681070014.5061443 533.00 13267
1681070014.507536 533.00 13274
