1681072410.717951 502.00 1
1681072410.8380997 502.00 50
1681072410.839918 502.00 52
1681072410.8414478 502.00 53
1681072410.8427382 502.00 56
1681072410.8439908 502.00 61
1681072410.8452973 502.00 66
1681072410.8465369 502.00 71
1681072410.847768 502.00 76
1681072410.8490288 502.00 81
1681072410.8502753 502.00 87
1681072410.8515136 502.00 92
1681072410.852772 502.00 97
1681072410.854028 502.00 102
1681072410.8554347 502.00 107
1681072410.8573492 502.00 112
1681072410.8587215 502.00 118
1681072410.9221735 502.00 123
1681072410.9238284 502.00 130
1681072410.9252038 501.00 135
1681072410.9265132 502.00 141
1681072410.9278266 501.00 146
1681072410.929158 502.00 152
1681072410.930439 502.00 157
1681072410.9317102 502.00 163
1681072410.933062 502.00 168
1681072410.9342759 502.00 175
1681072410.9354475 501.00 180
1681072410.9366555 501.00 186
1681072410.9378562 502.00 191
1681072410.9390433 502.00 197
1681072410.9402428 502.00 203
1681072411.0065413 502.00 208
1681072411.0079181 501.00 215
1681072411.0091486 502.00 221
1681072411.0103307 502.00 226
1681072411.0115087 502.00 232
1681072411.0126944 501.00 237
1681072411.0138655 502.00 243
1681072411.0150335 502.00 249
1681072411.0162077 502.00 254
1681072411.0173774 502.00 261
1681072411.0185316 502.00 267
1681072411.0196912 502.00 272
1681072411.02088 501.00 278
1681072411.0220444 503.00 284
1681072411.0232167 502.00 289
1681072411.0914583 501.00 295
1681072411.092746 506.00 302
1681072411.0939472 502.00 307
1681072411.0952013 501.00 313
1681072411.0964131 500.00 318
1681072411.097609 502.00 324
1681072411.098788 502.00 330
1681072411.099973 502.00 335
1681072411.1011727 501.00 342
1681072411.10236 500.00 348
1681072411.1035469 504.00 353
1681072411.1047463 502.00 359
1681072411.1059353 502.00 365
1681072411.1071222 500.00 370
1681072411.1750262 501.00 376
1681072411.1764255 502.00 382
1681072411.1776402 501.00 388
1681072411.178831 502.00 394
1681072411.180003 502.00 399
1681072411.1811984 502.00 405
1681072411.1823745 501.00 411
1681072411.1835418 502.00 416
1681072411.184722 502.00 422
1681072411.1858873 502.00 429
1681072411.1870496 502.00 434
1681072411.1882455 502.00 440
1681072411.1894476 507.00 446
1681072411.190622 502.00 451
1681072411.1918027 502.00 457
1681072411.259942 503.00 463
1681072411.26121 502.00 468
1681072411.2624054 501.00 475
1681072411.2635856 501.00 480
1681072411.2647731 502.00 486
1681072411.2659416 502.00 492
1681072411.2671094 502.00 497
1681072411.268282 502.00 503
1681072411.2694457 502.00 509
1681072411.2706099 504.00 516
1681072411.2717624 502.00 521
1681072411.2729445 502.00 527
1681072411.2741115 502.00 532
1681072411.275281 502.00 538
1681072411.3435106 502.00 544
1681072411.344915 502.00 549
1681072411.3461306 502.00 556
1681072411.347326 503.00 562
1681072411.3485348 502.00 567
1681072411.3497217 502.00 573
1681072411.3509138 502.00 578
1681072411.3520958 501.00 584
1681072411.353304 502.00 590
1681072411.354487 502.00 595
1681072411.355667 502.00 602
1681072411.3569531 501.00 608
1681072411.3581917 501.00 613
1681072411.3593843 508.00 619
1681072411.3605845 505.00 625
1681072411.4280524 504.00 630
1681072411.4294007 504.00 636
1681072411.4306123 505.00 643
1681072411.4318013 505.00 648
1681072411.4329984 505.00 654
1681072411.4341638 504.00 659
1681072411.435327 504.00 665
1681072411.4365063 504.00 671
1681072411.4376652 504.00 676
1681072411.4388254 504.00 683
1681072411.4399838 504.00 689
1681072411.4411607 504.00 694
1681072411.4423194 504.00 700
1681072411.4435966 504.00 706
1681072411.4450374 504.00 711
1681072411.513004 504.00 717
1681072411.5142355 504.00 723
1681072411.515427 504.00 729
1681072411.5166261 504.00 735
1681072411.5178053 504.00 741
1681072411.5189776 504.00 746
1681072411.5201519 504.00 752
1681072411.5213432 503.00 757
1681072411.5225205 503.00 763
1681072411.5237026 503.00 770
1681072411.5248892 503.00 775
1681072411.5260518 503.00 781
1681072411.527214 504.00 787
1681072411.5283885 504.00 792
1681072411.596595 503.00 798
1681072411.5979743 503.00 804
1681072411.5994256 503.00 809
1681072411.6006706 503.00 816
1681072411.6018572 503.00 822
1681072411.6030335 503.00 827
1681072411.6042483 503.00 833
1681072411.6054327 503.00 838
1681072411.6065953 503.00 844
1681072411.607761 503.00 850
1681072411.6089475 503.00 856
1681072411.6101105 503.00 862
1681072411.6112084 503.00 868
1681072411.6123934 503.00 873
1681072411.613569 503.00 879
1681072411.6814349 504.00 885
1681072411.6826847 503.00 890
1681072411.6838841 503.00 897
1681072411.685109 504.00 903
1681072411.6862822 503.00 908
1681072411.6874628 503.00 914
1681072411.68865 504.00 919
1681072411.6898198 511.00 925
1681072411.690978 503.00 931
1681072411.6921556 503.00 936
1681072411.6933444 503.00 943
1681072411.6945083 504.00 949
1681072411.6956353 504.00 954
1681072411.696789 504.00 960
1681072411.7650485 503.00 966
1681072411.7664647 503.00 971
1681072411.7676735 503.00 977
1681072411.768908 503.00 984
1681072411.7700918 503.00 989
1681072411.7712798 503.00 995
1681072411.772497 503.00 1000
1681072411.773703 504.00 1006
1681072411.7749217 503.00 1012
1681072411.7761464 503.00 1018
1681072411.7773573 503.00 1025
1681072411.7785897 503.00 1031
1681072411.7797897 504.00 1037
1681072411.7810025 503.00 1043
1681072411.7822099 503.00 1049
1681072411.850235 503.00 1055
1681072411.851487 504.00 1061
1681072411.8527408 503.00 1068
1681072411.8539605 503.00 1074
1681072411.8551714 503.00 1080
1681072411.856395 503.00 1086
1681072411.8575952 503.00 1092
1681072411.8587909 504.00 1098
1681072411.8599825 503.00 1104
1681072411.8611834 503.00 1111
1681072411.8623683 504.00 1117
1681072411.8635592 503.00 1123
1681072411.8647783 503.00 1129
1681072411.9336717 503.00 1135
1681072411.935036 503.00 1141
1681072411.936307 503.00 1147
1681072411.9375358 504.00 1154
1681072411.938739 503.00 1160
1681072411.9399383 503.00 1166
1681072411.941155 504.00 1172
1681072411.9423537 503.00 1178
1681072411.9435456 503.00 1184
1681072411.9447315 503.00 1190
1681072411.9458916 506.00 1197
1681072411.9471042 503.00 1203
1681072411.9483225 503.00 1209
1681072411.9495206 503.00 1215
1681072412.0180697 504.00 1221
1681072412.019484 503.00 1227
1681072412.0207572 503.00 1233
1681072412.0219831 503.00 1240
1681072412.0231948 503.00 1246
1681072412.0244234 503.00 1252
1681072412.0256345 504.00 1259
1681072412.0268447 503.00 1265
1681072412.028077 503.00 1271
1681072412.0293062 503.00 1277
1681072412.030515 504.00 1284
1681072412.0317242 503.00 1290
1681072412.0329483 503.00 1296
1681072412.1021054 503.00 1303
1681072412.1035144 503.00 1309
1681072412.1048007 503.00 1315
1681072412.1060357 503.00 1321
1681072412.1072843 503.00 1328
1681072412.108522 503.00 1334
1681072412.1097484 503.00 1340
1681072412.1109614 504.00 1347
1681072412.112183 503.00 1353
1681072412.1133962 503.00 1359
1681072412.1146066 503.00 1366
1681072412.1158142 503.00 1372
1681072412.1170738 503.00 1378
1681072412.1182933 503.00 1384
1681072412.1873975 503.00 1391
1681072412.1887116 503.00 1397
1681072412.1899908 503.00 1403
1681072412.1912248 503.00 1410
1681072412.1924713 503.00 1416
1681072412.193692 503.00 1422
1681072412.1949124 503.00 1428
1681072412.1961393 503.00 1435
1681072412.1973538 503.00 1441
1681072412.1985672 503.00 1447
1681072412.1997776 504.00 1454
1681072412.201007 503.00 1460
1681072412.2022285 504.00 1466
1681072412.2708097 503.00 1472
1681072412.2722223 503.00 1479
1681072412.273484 503.00 1485
1681072412.2747173 505.00 1491
1681072412.2759411 502.00 1498
1681072412.2771804 503.00 1504
1681072412.2783902 503.00 1510
1681072412.279601 504.00 1516
1681072412.2808447 503.00 1522
1681072412.2820654 504.00 1529
1681072412.283299 504.00 1536
1681072412.2845638 503.00 1542
1681072412.285784 503.00 1548
1681072412.2869995 503.00 1554
1681072412.3558764 503.00 1560
1681072412.3571672 503.00 1567
1681072412.3583913 503.00 1573
1681072412.3596122 508.00 1580
1681072412.360841 503.00 1586
1681072412.362049 504.00 1592
1681072412.3632748 504.00 1598
1681072412.3644977 503.00 1604
1681072412.3657053 503.00 1611
1681072412.366905 503.00 1617
1681072412.368122 503.00 1624
1681072412.36934 503.00 1630
1681072412.3705382 503.00 1636
1681072412.4394941 503.00 1642
1681072412.4408882 503.00 1648
1681072412.442125 503.00 1655
1681072412.4433653 503.00 1661
1681072412.4446084 503.00 1668
1681072412.4458296 503.00 1674
1681072412.4470363 504.00 1680
1681072412.448256 503.00 1686
1681072412.4494686 503.00 1692
1681072412.4506695 503.00 1698
1681072412.4518664 504.00 1705
1681072412.4530833 503.00 1712
1681072412.4542978 504.00 1718
1681072412.4555085 503.00 1724
1681072412.5245802 503.00 1730
1681072412.5258558 503.00 1736
1681072412.5270917 503.00 1742
1681072412.528323 504.00 1750
1681072412.5295393 503.00 1756
1681072412.5307567 503.00 1762
1681072412.53196 503.00 1768
1681072412.5331783 503.00 1774
1681072412.5343814 503.00 1780
1681072412.5355833 503.00 1786
1681072412.5368168 503.00 1794
1681072412.5380275 503.00 1800
1681072412.5392358 503.00 1806
1681072412.6087375 504.00 1812
1681072412.6100218 504.00 1818
1681072412.61126 503.00 1824
1681072412.6124933 504.00 1830
1681072412.6137145 503.00 1838
1681072412.6149278 501.00 1844
1681072412.6161506 503.00 1850
1681072412.6173635 503.00 1856
1681072412.6185868 503.00 1862
1681072412.6197946 503.00 1868
1681072412.6210153 503.00 1874
1681072412.6222446 503.00 1882
1681072412.623449 503.00 1888
1681072412.692279 503.00 1894
1681072412.6936784 503.00 1900
1681072412.694922 494.00 1906
1681072412.6961615 503.00 1912
1681072412.6974137 503.00 1918
1681072412.6986818 503.00 1926
1681072412.6999114 503.00 1932
1681072412.7012029 503.00 1938
1681072412.7024245 503.00 1944
1681072412.7036543 503.00 1950
1681072412.704893 503.00 1956
1681072412.706121 503.00 1963
1681072412.707344 503.00 1970
1681072412.7085838 503.00 1976
1681072412.777314 503.00 1982
1681072412.7785907 503.00 1988
1681072412.7799425 503.00 1994
1681072412.7812731 503.00 2000
1681072412.7825022 503.00 2007
1681072412.7837253 503.00 2014
1681072412.785008 503.00 2020
1681072412.7862382 503.00 2026
1681072412.7874715 503.00 2032
1681072412.7887137 503.00 2038
1681072412.7899425 503.00 2044
1681072412.7911637 503.00 2051
1681072412.7924154 503.00 2058
1681072412.8609273 503.00 2064
1681072412.862279 504.00 2070
1681072412.86352 503.00 2076
1681072412.8647747 503.00 2082
1681072412.865991 503.00 2088
1681072412.8671982 503.00 2095
1681072412.8684196 503.00 2102
1681072412.8696258 503.00 2108
1681072412.870841 503.00 2114
1681072412.8720517 503.00 2120
1681072412.873289 503.00 2126
1681072412.8745062 503.00 2132
1681072412.8757145 503.00 2139
1681072412.8769433 503.00 2146
1681072412.9459796 502.00 2152
1681072412.9472396 503.00 2158
1681072412.9484942 503.00 2164
1681072412.949718 503.00 2170
1681072412.950933 504.00 2177
1681072412.952151 503.00 2183
1681072412.9533727 503.00 2190
1681072412.9545853 503.00 2196
1681072412.9557915 503.00 2202
1681072412.957005 503.00 2208
1681072412.9582083 504.00 2214
1681072412.9594128 503.00 2221
1681072412.960632 503.00 2227
1681072413.030117 503.00 2234
1681072413.0313895 503.00 2240
1681072413.032651 504.00 2246
1681072413.0338805 503.00 2252
1681072413.0351195 503.00 2258
1681072413.0363495 503.00 2265
1681072413.03757 503.00 2271
1681072413.038776 503.00 2278
1681072413.0399842 504.00 2284
1681072413.041249 503.00 2290
1681072413.0424633 503.00 2296
1681072413.0436757 503.00 2302
1681072413.0449026 503.00 2309
1681072413.1136677 503.00 2315
1681072413.1150455 503.00 2322
1681072413.116326 503.00 2328
1681072413.1175718 503.00 2334
1681072413.1187994 503.00 2340
1681072413.1200233 503.00 2347
1681072413.1212595 500.00 2353
1681072413.1224813 503.00 2359
1681072413.123625 503.00 2366
1681072413.1248426 504.00 2372
1681072413.1260445 503.00 2378
1681072413.1272523 503.00 2384
1681072413.1284835 503.00 2391
1681072413.1297045 503.00 2397
1681072413.1987917 503.00 2403
1681072413.200073 503.00 2410
1681072413.2013469 503.00 2416
1681072413.2025914 503.00 2422
1681072413.2038264 504.00 2428
1681072413.2050703 503.00 2435
1681072413.2062893 503.00 2441
1681072413.2075088 503.00 2447
1681072413.2087555 503.00 2454
1681072413.209988 503.00 2460
1681072413.2112072 503.00 2466
1681072413.212439 503.00 2472
1681072413.2136521 503.00 2479
1681072413.2823527 503.00 2485
1681072413.2837627 503.00 2491
1681072413.2850676 503.00 2498
1681072413.2863123 503.00 2504
1681072413.287558 503.00 2510
1681072413.288858 503.00 2516
1681072413.2901263 496.00 2523
1681072413.2913494 503.00 2529
1681072413.2925956 503.00 2535
1681072413.2938106 503.00 2542
1681072413.2950358 503.00 2548
1681072413.2962608 504.00 2554
1681072413.2974894 503.00 2561
1681072413.2985902 503.00 2567
1681072413.3674617 503.00 2573
1681072413.3687563 503.00 2579
1681072413.3700044 503.00 2586
1681072413.371237 503.00 2592
1681072413.3724709 503.00 2598
1681072413.373687 503.00 2605
1681072413.3748965 503.00 2611
1681072413.3761008 503.00 2617
1681072413.377323 503.00 2623
1681072413.3785253 503.00 2630
1681072413.3797328 504.00 2636
1681072413.3809552 503.00 2642
1681072413.3821657 503.00 2649
1681072413.4515438 503.00 2655
1681072413.4528487 503.00 2661
1681072413.4540834 503.00 2667
1681072413.4553096 504.00 2674
1681072413.456829 503.00 2680
1681072413.4580977 503.00 2686
1681072413.4593208 504.00 2693
1681072413.4606369 503.00 2699
1681072413.4618647 503.00 2705
1681072413.4631703 503.00 2711
1681072413.4644473 503.00 2718
1681072413.465724 503.00 2724
1681072413.4669478 503.00 2731
1681072413.5351267 503.00 2737
1681072413.5365002 503.00 2743
1681072413.5377636 503.00 2749
1681072413.5389953 503.00 2755
1681072413.5402226 503.00 2762
1681072413.541443 505.00 2768
1681072413.5426493 503.00 2775
1681072413.5438538 503.00 2781
1681072413.545093 503.00 2787
1681072413.5463078 503.00 2793
1681072413.5475225 503.00 2799
1681072413.5487432 503.00 2806
1681072413.5499544 503.00 2812
1681072413.5511546 503.00 2819
1681072413.6202471 503.00 2825
1681072413.6215181 503.00 2831
1681072413.622752 503.00 2837
1681072413.6239755 503.00 2843
1681072413.625227 503.00 2850
1681072413.6264498 503.00 2856
1681072413.6276598 503.00 2863
1681072413.6288807 503.00 2869
1681072413.6300895 503.00 2875
1681072413.6312933 503.00 2881
1681072413.6325045 503.00 2887
1681072413.6337125 496.00 2894
1681072413.6349137 503.00 2900
1681072413.703607 503.00 2907
1681072413.704338 503.00 2913
1681072413.7050717 503.00 2919
1681072413.7058403 503.00 2925
1681072413.7066998 503.00 2931
1681072413.7075098 503.00 2938
1681072413.7083533 503.00 2945
1681072413.709251 503.00 2951
1681072413.7101226 503.00 2957
1681072413.7109964 503.00 2963
1681072413.7118664 503.00 2969
1681072413.712761 503.00 2975
1681072413.7136443 503.00 2982
1681072413.7145627 503.00 2989
1681072413.788664 503.00 2995
1681072413.7895942 503.00 3001
1681072413.790494 503.00 3007
1681072413.7913864 503.00 3013
1681072413.7922914 497.00 3019
1681072413.7931914 503.00 3026
1681072413.7940762 503.00 3033
1681072413.794988 503.00 3039
1681072413.7959104 503.00 3045
1681072413.7968788 504.00 3051
1681072413.7978013 503.00 3057
1681072413.7986822 503.00 3063
1681072413.799563 504.00 3070
1681072413.872465 503.00 3077
1681072413.8738592 503.00 3083
1681072413.8751013 503.00 3089
1681072413.8763351 503.00 3095
1681072413.877557 503.00 3101
1681072413.87879 500.00 3107
1681072413.880005 503.00 3115
1681072413.8812356 503.00 3121
1681072413.8824484 503.00 3127
1681072413.8836548 503.00 3133
1681072413.8848717 503.00 3139
1681072413.8861105 503.00 3145
1681072413.8873396 503.00 3151
1681072413.9565287 503.00 3159
1681072413.9578705 503.00 3165
1681072413.9591146 503.00 3171
1681072413.960362 503.00 3177
1681072413.9615796 507.00 3183
1681072413.962782 503.00 3189
1681072413.9639812 503.00 3195
1681072413.965197 503.00 3203
1681072413.9663894 503.00 3209
1681072413.9675856 503.00 3215
1681072413.9688098 503.00 3221
1681072413.9699035 503.00 3227
1681072413.971076 503.00 3233
1681072413.972234 503.00 3239
1681072414.0416436 503.00 3247
1681072414.0429018 503.00 3253
1681072414.044171 503.00 3259
1681072414.0454504 503.00 3265
1681072414.046705 503.00 3271
1681072414.0479388 503.00 3277
1681072414.0491724 503.00 3283
1681072414.0503814 503.00 3291
1681072414.051585 503.00 3297
1681072414.05282 503.00 3303
1681072414.0540338 503.00 3309
1681072414.0552387 503.00 3315
1681072414.0564582 503.00 3321
1681072414.1252382 503.00 3328
1681072414.1265779 503.00 3335
1681072414.127806 503.00 3341
1681072414.129048 503.00 3347
1681072414.1302538 503.00 3353
1681072414.1307094 503.00 3359
1681072414.1310668 503.00 3365
1681072414.1314578 503.00 3372
1681072414.1318731 503.00 3379
1681072414.1322944 503.00 3385
1681072414.1328168 503.00 3391
1681072414.1333451 503.00 3397
1681072414.1338825 503.00 3403
1681072414.1344357 503.00 3409
1681072414.210416 503.00 3416
1681072414.2116904 503.00 3423
1681072414.2129533 503.00 3429
1681072414.2141888 503.00 3435
1681072414.2154794 503.00 3441
1681072414.2167194 503.00 3447
1681072414.2179456 503.00 3453
1681072414.2191648 503.00 3460
1681072414.2203946 503.00 3467
1681072414.2216148 503.00 3473
1681072414.2228475 503.00 3479
1681072414.2240644 503.00 3485
1681072414.2252946 503.00 3491
1681072414.2938552 503.00 3497
1681072414.2951086 503.00 3504
1681072414.2962646 501.00 3511
1681072414.2973948 503.00 3517
1681072414.2985077 503.00 3523
1681072414.2996128 503.00 3529
1681072414.300729 503.00 3535
1681072414.3018281 503.00 3542
1681072414.3029277 503.00 3548
1681072414.3040273 503.00 3555
1681072414.3051474 503.00 3561
1681072414.3062642 503.00 3567
1681072414.307368 503.00 3573
1681072414.377983 503.00 3579
1681072414.379343 503.00 3586
1681072414.3806245 502.00 3592
1681072414.3818586 503.00 3599
1681072414.383074 503.00 3605
1681072414.3843136 503.00 3611
1681072414.3855298 503.00 3617
1681072414.386739 503.00 3623
1681072414.387945 503.00 3630
1681072414.3892057 503.00 3636
1681072414.3904223 503.00 3643
1681072414.3916361 503.00 3649
1681072414.392874 503.00 3655
1681072414.394091 503.00 3661
1681072414.4631085 503.00 3667
1681072414.4644234 503.00 3674
1681072414.4656708 503.00 3680
1681072414.4669018 503.00 3687
1681072414.46814 503.00 3693
1681072414.4694238 503.00 3699
1681072414.470666 503.00 3705
1681072414.4718843 503.00 3712
1681072414.47311 503.00 3718
1681072414.4743176 503.00 3724
1681072414.4755228 503.00 3731
1681072414.4767485 503.00 3737
1681072414.4779565 503.00 3743
1681072414.5466204 503.00 3749
1681072414.5479717 503.00 3756
1681072414.5492485 503.00 3762
1681072414.5505183 503.00 3768
1681072414.5517464 503.00 3775
1681072414.5529785 503.00 3781
1681072414.554194 503.00 3787
1681072414.555406 503.00 3793
1681072414.5566385 503.00 3800
1681072414.5578516 503.00 3806
1681072414.5590572 503.00 3812
1681072414.5602806 503.00 3819
1681072414.561487 503.00 3825
1681072414.5627105 503.00 3831
1681072414.631761 503.00 3837
1681072414.6330645 503.00 3844
1681072414.6343088 503.00 3850
1681072414.6355386 503.00 3856
1681072414.6367834 503.00 3863
1681072414.6380029 503.00 3869
1681072414.6392403 503.00 3875
1681072414.6404774 503.00 3881
1681072414.6416898 503.00 3888
1681072414.6429064 503.00 3894
1681072414.6441436 503.00 3900
1681072414.6453636 503.00 3907
1681072414.6465752 503.00 3913
1681072414.7152786 503.00 3919
1681072414.716669 503.00 3926
1681072414.7179213 503.00 3932
1681072414.719159 503.00 3938
1681072414.7203982 503.00 3944
1681072414.7216227 503.00 3951
1681072414.722843 503.00 3957
1681072414.724071 503.00 3963
1681072414.725315 503.00 3970
1681072414.726538 503.00 3976
1681072414.7277687 503.00 3982
1681072414.7290015 503.00 3988
1681072414.7302186 503.00 3995
1681072414.7993898 503.00 4001
1681072414.8008506 503.00 4007
1681072414.8021033 503.00 4014
1681072414.803332 503.00 4020
1681072414.804568 503.00 4026
1681072414.8058112 503.00 4032
1681072414.8070278 505.00 4039
1681072414.8082614 503.00 4045
1681072414.8094852 503.00 4051
1681072414.8106973 503.00 4058
1681072414.811914 503.00 4064
1681072414.8131814 503.00 4070
1681072414.814397 503.00 4076
1681072414.815611 503.00 4083
1681072414.8844419 503.00 4089
1681072414.8857355 503.00 4096
1681072414.886986 503.00 4102
1681072414.8882306 503.00 4108
1681072414.8894646 503.00 4114
1681072414.8906863 501.00 4120
1681072414.8919022 503.00 4127
1681072414.8931332 503.00 4133
1681072414.8943489 503.00 4140
1681072414.8955655 503.00 4146
1681072414.896862 503.00 4152
1681072414.8980772 503.00 4158
1681072414.8993056 503.00 4164
1681072414.968036 503.00 4171
1681072414.9694088 503.00 4177
1681072414.97065 503.00 4184
1681072414.9718714 503.00 4190
1681072414.9731028 503.00 4196
1681072414.97432 503.00 4202
1681072414.9755526 503.00 4208
1681072414.9767795 503.00 4215
1681072414.9779837 503.00 4221
1681072414.9792097 503.00 4228
1681072414.980437 503.00 4234
1681072414.9816506 503.00 4240
1681072414.982854 503.00 4246
1681072414.9840539 503.00 4252
1681072415.0532753 503.00 4259
1681072415.0545578 503.00 4265
1681072415.0558262 503.00 4272
1681072415.0571184 503.00 4278
1681072415.0583494 503.00 4284
1681072415.059573 503.00 4290
1681072415.06083 503.00 4296
1681072415.0620568 503.00 4303
1681072415.0632756 503.00 4310
1681072415.0645032 502.00 4316
1681072415.0657299 503.00 4322
1681072415.066946 503.00 4328
1681072415.0681841 503.00 4334
1681072415.1367588 503.00 4340
1681072415.1381247 503.00 4347
1681072415.1393795 503.00 4354
1681072415.1406724 503.00 4360
1681072415.1419158 503.00 4366
1681072415.1431398 503.00 4372
1681072415.144379 502.00 4378
1681072415.1456027 503.00 4384
1681072415.1468263 503.00 4391
1681072415.1480405 503.00 4398
1681072415.1492746 503.00 4404
1681072415.1504962 503.00 4410
1681072415.1517127 503.00 4416
1681072415.2207882 503.00 4422
1681072415.2222557 503.00 4428
1681072415.223502 503.00 4435
1681072415.2247927 502.00 4442
1681072415.2260103 503.00 4448
1681072415.2272234 503.00 4454
1681072415.2284539 503.00 4460
1681072415.2296767 503.00 4466
1681072415.2308922 503.00 4472
1681072415.2320948 503.00 4480
1681072415.23332 503.00 4486
1681072415.234532 503.00 4492
1681072415.2357504 504.00 4498
1681072415.2369792 503.00 4504
1681072415.3058934 503.00 4510
1681072415.3071609 503.00 4516
1681072415.3084364 503.00 4524
1681072415.3096733 508.00 4530
1681072415.3108954 503.00 4536
1681072415.3121262 503.00 4542
1681072415.3133447 504.00 4548
1681072415.3145611 503.00 4554
1681072415.3157978 503.00 4560
1681072415.3170307 503.00 4568
1681072415.3182461 503.00 4574
1681072415.3194659 503.00 4580
1681072415.3207016 503.00 4586
1681072415.3895586 503.00 4592
1681072415.3909152 503.00 4598
1681072415.392189 503.00 4604
1681072415.3934345 503.00 4612
1681072415.3946557 499.00 4618
1681072415.395884 503.00 4624
1681072415.3971343 503.00 4630
1681072415.3983545 503.00 4636
1681072415.3995705 503.00 4642
1681072415.4008 503.00 4648
1681072415.4020188 503.00 4655
1681072415.4032683 503.00 4662
1681072415.4045177 503.00 4668
1681072415.4057355 503.00 4674
1681072415.474637 503.00 4680
1681072415.475918 503.00 4686
1681072415.47721 503.00 4692
1681072415.4784396 503.00 4699
1681072415.4796655 503.00 4706
1681072415.48091 503.00 4712
1681072415.4821298 503.00 4718
1681072415.4833539 503.00 4724
1681072415.484584 503.00 4730
1681072415.4858057 503.00 4737
1681072415.4870229 503.00 4743
1681072415.4882524 503.00 4750
1681072415.4894843 503.00 4756
1681072415.5581684 503.00 4762
1681072415.5595143 503.00 4768
1681072415.5607867 503.00 4774
1681072415.5620108 503.00 4781
1681072415.5632806 503.00 4787
1681072415.564512 503.00 4794
1681072415.565836 503.00 4800
1681072415.5670698 503.00 4806
1681072415.5683036 503.00 4812
1681072415.5695202 503.00 4818
1681072415.5707672 503.00 4825
1681072415.5719903 503.00 4831
1681072415.5732245 503.00 4838
1681072415.5744433 509.00 4844
1681072415.6433282 503.00 4850
1681072415.6446965 503.00 4856
1681072415.6459754 503.00 4862
1681072415.6472127 503.00 4869
1681072415.6484504 503.00 4876
1681072415.6496696 503.00 4882
1681072415.650899 503.00 4888
1681072415.6521418 503.00 4894
1681072415.65337 503.00 4900
1681072415.6545894 503.00 4907
1681072415.655807 503.00 4913
1681072415.6570392 503.00 4919
1681072415.6582572 503.00 4926
1681072415.727312 503.00 4932
1681072415.7286391 503.00 4938
1681072415.7298896 503.00 4944
1681072415.7311218 503.00 4951
1681072415.7323825 503.00 4957
1681072415.7336094 503.00 4963
1681072415.7348194 503.00 4970
1681072415.7360296 503.00 4976
1681072415.737253 503.00 4982
1681072415.7384603 503.00 4988
1681072415.7396643 503.00 4995
1681072415.740888 503.00 5001
1681072415.7420926 502.00 5007
1681072415.8109627 503.00 5014
1681072415.8123474 503.00 5020
1681072415.8136077 503.00 5026
1681072415.8148344 503.00 5032
1681072415.816049 503.00 5039
1681072415.8172734 503.00 5045
1681072415.8184776 501.00 5051
1681072415.819684 503.00 5058
1681072415.820927 503.00 5064
1681072415.8221266 502.00 5070
1681072415.8233287 503.00 5076
1681072415.8246865 503.00 5083
1681072415.8259156 503.00 5089
1681072415.8271544 503.00 5095
1681072415.8960516 503.00 5102
1681072415.8973541 503.00 5108
1681072415.8985858 504.00 5114
1681072415.8998063 504.00 5121
1681072415.901039 505.00 5127
1681072415.9022503 506.00 5133
1681072415.9034622 506.00 5139
1681072415.9046822 507.00 5146
1681072415.9059045 509.00 5152
1681072415.9071305 508.00 5158
1681072415.9083545 511.00 5165
1681072415.9095623 512.00 5171
1681072415.9107628 513.00 5177
1681072415.9796581 513.00 5183
1681072415.9810433 514.00 5190
1681072415.982282 515.00 5196
1681072415.9835043 516.00 5202
1681072415.98475 517.00 5209
1681072415.9859624 519.00 5215
1681072415.987194 520.00 5221
1681072415.9884272 521.00 5227
1681072415.9896386 522.00 5234
1681072415.9908464 523.00 5240
1681072415.9920473 524.00 5246
1681072415.9932761 524.00 5253
1681072415.9944913 525.00 5259
1681072415.9956965 526.00 5265
1681072416.0648062 527.00 5271
1681072416.0660853 529.00 5278
1681072416.0673418 533.00 5284
1681072416.0685976 531.00 5291
1681072416.0698216 532.00 5297
1681072416.0710337 533.00 5303
1681072416.0722618 533.00 5309
1681072416.0734906 534.00 5315
1681072416.0747313 534.00 5322
1681072416.0759435 535.00 5328
1681072416.0771837 536.00 5335
1681072416.0784016 536.00 5341
1681072416.0796163 537.00 5347
1681072416.148776 538.00 5353
1681072416.1500514 549.00 5359
1681072416.1512952 539.00 5366
1681072416.1525435 540.00 5372
1681072416.1537738 540.00 5379
1681072416.1549873 541.00 5385
1681072416.1562152 541.00 5391
1681072416.1574304 542.00 5397
1681072416.158647 542.00 5403
1681072416.1598604 542.00 5410
1681072416.161102 543.00 5416
1681072416.1623259 543.00 5423
1681072416.1635427 543.00 5429
1681072416.2323494 543.00 5435
1681072416.233711 544.00 5441
1681072416.234959 544.00 5447
1681072416.2362065 544.00 5454
1681072416.237463 544.00 5460
1681072416.2386854 544.00 5467
1681072416.2398953 544.00 5473
1681072416.2411287 545.00 5479
1681072416.242367 545.00 5485
1681072416.2436092 544.00 5491
1681072416.2448466 545.00 5498
1681072416.246053 545.00 5505
1681072416.2472556 545.00 5511
1681072416.2484848 545.00 5517
1681072416.3174617 545.00 5523
1681072416.3187258 545.00 5529
1681072416.319954 545.00 5535
1681072416.3212097 545.00 5542
1681072416.322446 546.00 5549
1681072416.3236716 546.00 5555
1681072416.3248985 546.00 5561
1681072416.326115 546.00 5567
1681072416.3273249 546.00 5573
1681072416.3285463 546.00 5579
1681072416.3297513 546.00 5586
1681072416.330953 546.00 5593
1681072416.3321614 546.00 5599
1681072416.4010277 546.00 5605
1681072416.4023988 547.00 5611
1681072416.4036736 547.00 5617
1681072416.404943 547.00 5623
1681072416.4061816 547.00 5630
1681072416.4074025 547.00 5637
1681072416.4086332 547.00 5643
1681072416.4098566 547.00 5649
1681072416.411084 547.00 5655
1681072416.4123166 547.00 5661
1681072416.4135454 547.00 5667
1681072416.4147646 547.00 5675
1681072416.415991 547.00 5681
1681072416.4172318 547.00 5687
1681072416.4862573 548.00 5693
1681072416.4875228 548.00 5699
1681072416.4887938 548.00 5705
1681072416.4900193 548.00 5711
1681072416.4912422 548.00 5719
1681072416.4924774 548.00 5725
1681072416.493696 548.00 5731
1681072416.494913 548.00 5737
1681072416.4962728 548.00 5743
1681072416.4975386 549.00 5749
1681072416.4987595 548.00 5755
1681072416.4999697 548.00 5763
1681072416.5012033 548.00 5769
1681072416.5701914 548.00 5775
1681072416.5714526 548.00 5781
1681072416.5727115 548.00 5787
1681072416.5739303 548.00 5793
1681072416.575134 548.00 5799
1681072416.5763605 548.00 5807
1681072416.57758 548.00 5813
1681072416.5787988 548.00 5819
1681072416.5799978 548.00 5825
1681072416.5812278 548.00 5831
1681072416.5824325 546.00 5837
1681072416.5836368 548.00 5843
1681072416.5848563 548.00 5851
1681072416.653795 548.00 5857
1681072416.655217 548.00 5863
1681072416.6565177 548.00 5869
1681072416.6577573 548.00 5875
1681072416.6589894 548.00 5881
1681072416.6602197 548.00 5888
1681072416.661443 548.00 5895
1681072416.6626527 548.00 5901
1681072416.6638627 548.00 5907
1681072416.665088 548.00 5913
1681072416.6662939 548.00 5919
1681072416.6675048 548.00 5925
1681072416.668737 548.00 5932
1681072416.6699445 548.00 5939
1681072416.7388785 548.00 5945
1681072416.7401795 548.00 5951
1681072416.7414196 548.00 5957
1681072416.7426326 548.00 5963
1681072416.7438495 549.00 5969
1681072416.7450762 548.00 5976
1681072416.7462833 548.00 5983
1681072416.7474878 549.00 5989
1681072416.7487092 548.00 5995
1681072416.749912 548.00 6001
1681072416.7511141 548.00 6007
1681072416.752346 549.00 6013
1681072416.7535536 548.00 6020
1681072416.82251 548.00 6027
1681072416.8238738 548.00 6033
1681072416.8251522 548.00 6039
1681072416.8263886 548.00 6045
1681072416.827641 548.00 6051
1681072416.8288875 548.00 6057
1681072416.8301008 549.00 6064
1681072416.8313148 549.00 6071
1681072416.832552 548.00 6077
1681072416.833775 548.00 6083
1681072416.834992 548.00 6089
1681072416.836232 548.00 6095
1681072416.8374577 548.00 6102
1681072416.8386753 548.00 6108
1681072416.9076488 548.00 6115
1681072416.9089596 549.00 6121
1681072416.9101903 548.00 6127
1681072416.9114077 548.00 6133
1681072416.9127104 549.00 6139
1681072416.9139488 548.00 6146
1681072416.9151597 548.00 6152
1681072416.9164054 548.00 6159
1681072416.91765 548.00 6165
1681072416.9188879 548.00 6171
1681072416.9201307 548.00 6177
1681072416.9213657 548.00 6183
1681072416.9226003 548.00 6190
1681072416.99116 548.00 6196
1681072416.9925435 549.00 6203
1681072416.993802 548.00 6209
1681072416.9950414 548.00 6215
1681072416.9962804 548.00 6221
1681072416.9975033 548.00 6227
1681072416.998723 548.00 6234
1681072416.9999435 548.00 6240
1681072417.001185 548.00 6247
1681072417.00242 548.00 6253
1681072417.0036366 548.00 6259
1681072417.004864 548.00 6265
1681072417.0060844 548.00 6272
1681072417.0752347 548.00 6278
1681072417.0766792 548.00 6284
1681072417.0779338 548.00 6291
1681072417.079162 548.00 6297
1681072417.0803967 548.00 6303
1681072417.0816238 548.00 6309
1681072417.0828373 548.00 6316
1681072417.0840538 549.00 6322
1681072417.0852885 548.00 6328
1681072417.0865107 549.00 6335
1681072417.087737 548.00 6341
1681072417.0889845 549.00 6347
1681072417.090205 549.00 6353
1681072417.0914178 549.00 6360
1681072417.1603239 548.00 6366
1681072417.1616101 549.00 6372
1681072417.1628518 549.00 6379
1681072417.164081 549.00 6385
1681072417.165323 549.00 6391
1681072417.166549 549.00 6397
1681072417.167771 548.00 6404
1681072417.1690247 549.00 6410
1681072417.1702464 548.00 6416
1681072417.17146 548.00 6423
1681072417.172692 548.00 6429
1681072417.1739123 548.00 6435
1681072417.1751378 549.00 6441
1681072417.2439291 549.00 6448
1681072417.2453191 548.00 6454
1681072417.246572 549.00 6460
1681072417.247807 549.00 6467
1681072417.2490752 549.00 6473
1681072417.2503061 548.00 6479
1681072417.2515259 548.00 6486
1681072417.2527573 548.00 6492
1681072417.2539778 549.00 6498
1681072417.2552009 548.00 6504
1681072417.2564285 549.00 6511
1681072417.2576494 549.00 6517
1681072417.2588665 548.00 6523
1681072417.2600791 549.00 6530
1681072417.3290236 548.00 6536
1681072417.3303154 548.00 6542
1681072417.3315635 549.00 6548
1681072417.3328116 549.00 6555
1681072417.334051 549.00 6561
1681072417.3352969 549.00 6567
1681072417.3365517 548.00 6574
1681072417.337791 548.00 6580
1681072417.339023 549.00 6586
1681072417.3402598 549.00 6592
1681072417.3414974 548.00 6599
1681072417.3427389 548.00 6605
1681072417.3439786 549.00 6611
1681072417.41263 549.00 6618
1681072417.413987 549.00 6624
1681072417.4152322 548.00 6630
1681072417.4164925 549.00 6636
1681072417.4177184 548.00 6643
1681072417.4189677 549.00 6649
1681072417.4201894 549.00 6656
1681072417.4214091 549.00 6662
1681072417.4226136 549.00 6668
1681072417.4238381 549.00 6674
1681072417.4250624 548.00 6680
1681072417.4262738 549.00 6687
1681072417.4274797 548.00 6693
1681072417.496707 549.00 6700
1681072417.4981685 548.00 6706
1681072417.4994187 548.00 6712
1681072417.5006833 549.00 6718
1681072417.5019073 548.00 6724
1681072417.5031285 548.00 6731
1681072417.5043776 548.00 6737
1681072417.5056145 549.00 6744
1681072417.5068314 548.00 6750
1681072417.5080438 548.00 6756
1681072417.5092783 549.00 6762
1681072417.510494 549.00 6768
1681072417.511713 549.00 6775
1681072417.5129445 548.00 6781
1681072417.5817485 548.00 6788
1681072417.5830126 549.00 6794
1681072417.584268 549.00 6800
1681072417.585508 549.00 6806
1681072417.5867255 548.00 6812
1681072417.5879352 549.00 6819
1681072417.58917 549.00 6825
1681072417.5903695 548.00 6832
1681072417.5915701 548.00 6838
1681072417.5928016 549.00 6844
1681072417.5940142 548.00 6850
1681072417.5952177 549.00 6856
1681072417.5964303 549.00 6863
1681072417.665405 549.00 6870
1681072417.6668172 549.00 6876
1681072417.6680794 549.00 6882
1681072417.6693509 549.00 6888
1681072417.6705754 549.00 6894
1681072417.6717963 548.00 6900
1681072417.673038 548.00 6907
1681072417.6742575 548.00 6914
1681072417.6754658 549.00 6920
1681072417.6766984 549.00 6926
1681072417.6779153 549.00 6932
1681072417.679177 548.00 6938
1681072417.680413 549.00 6944
1681072417.6816363 548.00 6951
1681072417.7504287 548.00 6958
1681072417.7516935 549.00 6964
1681072417.752959 549.00 6970
1681072417.7541835 549.00 6976
1681072417.7554045 549.00 6982
1681072417.75663 549.00 6988
1681072417.757839 548.00 6995
1681072417.7590537 549.00 7002
1681072417.7602878 548.00 7008
1681072417.7614975 549.00 7014
1681072417.7627068 549.00 7020
1681072417.7639194 549.00 7026
1681072417.7651422 548.00 7032
1681072417.8340275 549.00 7040
1681072417.8353975 549.00 7046
1681072417.8366685 548.00 7052
1681072417.8378882 549.00 7058
1681072417.8390958 549.00 7064
1681072417.8403351 549.00 7070
1681072417.8415575 549.00 7076
1681072417.8427691 548.00 7084
1681072417.8439784 549.00 7090
1681072417.845195 549.00 7096
1681072417.8464031 549.00 7102
1681072417.8476133 548.00 7108
1681072417.8488405 549.00 7114
1681072417.9181113 549.00 7120
1681072417.9195316 549.00 7128
1681072417.920838 549.00 7134
1681072417.9220955 549.00 7140
1681072417.923324 549.00 7146
1681072417.9245844 549.00 7152
1681072417.9258323 549.00 7158
1681072417.9270637 548.00 7164
1681072417.9283075 548.00 7172
1681072417.9295418 549.00 7178
1681072417.9307797 548.00 7184
1681072417.9320073 548.00 7190
1681072417.933247 549.00 7196
1681072417.9344816 548.00 7202
1681072418.0031698 549.00 7208
1681072418.0044682 549.00 7216
1681072418.0057123 549.00 7222
1681072418.0084975 549.00 7228
1681072418.0098205 549.00 7234
1681072418.0110633 549.00 7240
1681072418.0123062 549.00 7246
1681072418.0135314 549.00 7252
1681072418.0147543 548.00 7260
1681072418.015975 549.00 7266
1681072418.0172155 549.00 7272
1681072418.018436 549.00 7278
1681072418.0196483 548.00 7284
1681072418.086815 549.00 7290
1681072418.0882971 548.00 7297
1681072418.0895622 548.00 7304
1681072418.0907884 549.00 7310
1681072418.0920064 549.00 7316
1681072418.0932436 549.00 7322
1681072418.0944567 548.00 7328
1681072418.0956604 549.00 7334
1681072418.0968823 548.00 7341
1681072418.098087 549.00 7348
1681072418.0992916 549.00 7354
1681072418.1005177 549.00 7360
1681072418.1017225 549.00 7366
1681072418.1029363 549.00 7372
1681072418.171933 548.00 7378
1681072418.173238 549.00 7385
1681072418.1744747 548.00 7392
1681072418.1757035 549.00 7398
1681072418.176944 548.00 7404
1681072418.1781623 549.00 7410
1681072418.1793797 548.00 7416
1681072418.1806133 549.00 7422
1681072418.1818209 549.00 7429
1681072418.183038 549.00 7436
1681072418.1843123 548.00 7442
1681072418.1855521 549.00 7448
1681072418.1867692 549.00 7454
1681072418.2554853 548.00 7460
1681072418.2568805 549.00 7467
1681072418.258123 549.00 7473
1681072418.2593462 549.00 7480
1681072418.2606115 549.00 7486
1681072418.2618327 549.00 7492
1681072418.2630498 549.00 7498
1681072418.2642972 549.00 7504
1681072418.2655206 549.00 7511
1681072418.2667265 549.00 7517
1681072418.2679334 549.00 7524
1681072418.269163 549.00 7530
1681072418.2703664 549.00 7536
1681072418.3395643 549.00 7542
1681072418.3409991 549.00 7548
1681072418.3422453 549.00 7555
1681072418.3434713 548.00 7561
1681072418.3447125 549.00 7568
1681072418.3459365 549.00 7574
1681072418.347154 549.00 7580
1681072418.3483772 549.00 7586
1681072418.3495955 549.00 7592
1681072418.3508012 549.00 7599
1681072418.3520057 549.00 7605
1681072418.3532395 549.00 7612
1681072418.354451 549.00 7618
1681072418.3556583 549.00 7624
1681072418.4246252 549.00 7630
1681072418.425904 549.00 7636
1681072418.4271467 549.00 7643
1681072418.4283826 549.00 7649
1681072418.4296033 549.00 7656
1681072418.430813 549.00 7662
1681072418.4320223 549.00 7668
1681072418.4332452 549.00 7674
1681072418.434454 549.00 7681
1681072418.4356608 549.00 7687
1681072418.4368863 549.00 7693
1681072418.4381957 549.00 7700
1681072418.4401388 549.00 7706
1681072418.5082636 549.00 7712
1681072418.5096724 549.00 7718
1681072418.5109124 549.00 7725
1681072418.5121548 549.00 7731
1681072418.513381 549.00 7737
1681072418.514595 549.00 7744
1681072418.5157988 548.00 7750
1681072418.51703 549.00 7756
1681072418.5182383 549.00 7762
1681072418.519454 549.00 7769
1681072418.5206792 549.00 7775
1681072418.5218928 549.00 7781
1681072418.5231 549.00 7788
1681072418.5243154 549.00 7794
1681072418.5933514 549.00 7800
1681072418.5946238 549.00 7806
1681072418.5958695 549.00 7813
1681072418.597135 549.00 7819
1681072418.5983586 549.00 7825
1681072418.5995862 549.00 7831
1681072418.6008344 549.00 7838
1681072418.6020553 549.00 7844
1681072418.603283 549.00 7851
1681072418.6045115 549.00 7857
1681072418.6057324 549.00 7863
1681072418.6069562 549.00 7869
1681072418.6081903 549.00 7875
1681072418.6769462 549.00 7882
1681072418.6783695 549.00 7888
1681072418.6796267 549.00 7895
1681072418.6808958 548.00 7901
1681072418.6821556 549.00 7907
1681072418.6833844 549.00 7913
1681072418.684632 549.00 7919
1681072418.6858582 549.00 7926
1681072418.6870878 549.00 7932
1681072418.6883228 548.00 7939
1681072418.6895657 549.00 7945
1681072418.6907873 549.00 7951
1681072418.6920035 548.00 7957
1681072418.6932418 549.00 7963
1681072418.7620475 549.00 7970
1681072418.7633085 549.00 7976
1681072418.7645717 549.00 7983
1681072418.765796 549.00 7989
1681072418.767025 549.00 7995
1681072418.7682562 548.00 8001
1681072418.7694871 549.00 8007
1681072418.7707005 548.00 8014
1681072418.7719188 549.00 8020
1681072418.7731533 549.00 8027
1681072418.7743857 549.00 8033
1681072418.7756038 549.00 8039
1681072418.776838 549.00 8045
1681072418.84608 549.00 8051
1681072418.8473477 549.00 8058
1681072418.8486125 549.00 8065
1681072418.849835 549.00 8071
1681072418.8510523 549.00 8077
1681072418.8522832 549.00 8083
1681072418.8534966 548.00 8089
1681072418.8547187 549.00 8095
1681072418.8559349 549.00 8102
1681072418.857165 549.00 8109
1681072418.8583868 549.00 8115
1681072418.8596017 549.00 8121
1681072418.8608398 549.00 8127
1681072418.929708 549.00 8133
1681072418.931115 549.00 8139
1681072418.93239 548.00 8146
1681072418.933631 549.00 8153
1681072418.934854 549.00 8159
1681072418.9360878 548.00 8165
1681072418.9373307 549.00 8171
1681072418.938553 549.00 8177
1681072418.9397688 549.00 8183
1681072418.9410014 549.00 8190
1681072418.9422185 549.00 8197
1681072418.943431 549.00 8203
1681072418.9446762 549.00 8209
1681072418.9458947 548.00 8215
1681072419.0147264 549.00 8221
1681072419.0159934 549.00 8227
1681072419.0172734 549.00 8235
1681072419.0185013 549.00 8241
1681072419.019723 548.00 8247
1681072419.0209563 549.00 8253
1681072419.0221775 549.00 8259
1681072419.0233905 549.00 8265
1681072419.0246143 549.00 8271
1681072419.0258238 549.00 8279
1681072419.0270293 549.00 8285
1681072419.0282478 549.00 8291
1681072419.0294695 548.00 8297
1681072419.0983632 549.00 8303
1681072419.0997603 549.00 8309
1681072419.1010315 549.00 8315
1681072419.1022608 549.00 8323
1681072419.1034746 549.00 8329
1681072419.1047075 549.00 8335
1681072419.1059158 549.00 8341
1681072419.1071317 549.00 8347
1681072419.108349 549.00 8353
1681072419.1095648 549.00 8359
1681072419.1107728 549.00 8367
1681072419.1119802 549.00 8373
1681072419.1132026 549.00 8379
1681072419.1144085 549.00 8385
1681072419.183483 549.00 8391
1681072419.184831 549.00 8397
1681072419.1860652 548.00 8403
1681072419.187281 549.00 8411
1681072419.188516 549.00 8417
1681072419.1897376 549.00 8423
1681072419.1909657 548.00 8429
1681072419.1921988 549.00 8435
1681072419.1934085 549.00 8441
1681072419.1946099 549.00 8448
1681072419.1958098 549.00 8455
1681072419.19704 549.00 8461
1681072419.1982498 549.00 8467
1681072419.2675514 548.00 8473
1681072419.2688677 549.00 8479
1681072419.2701044 549.00 8485
1681072419.2713304 549.00 8492
1681072419.272567 549.00 8499
1681072419.273778 549.00 8505
1681072419.2749808 549.00 8511
1681072419.276194 548.00 8517
1681072419.277404 549.00 8523
1681072419.2786012 549.00 8529
1681072419.279805 549.00 8536
1681072419.2810252 549.00 8543
1681072419.2822258 549.00 8549
1681072419.351138 549.00 8555
1681072419.3525841 548.00 8561
1681072419.3538308 549.00 8567
1681072419.3550541 548.00 8573
1681072419.356278 549.00 8580
1681072419.3574908 549.00 8587
1681072419.3586974 549.00 8593
1681072419.3599012 549.00 8599
1681072419.3611305 549.00 8605
1681072419.3623354 549.00 8611
1681072419.3635368 549.00 8617
1681072419.364764 549.00 8624
1681072419.3659792 549.00 8631
1681072419.3671894 549.00 8637
1681072419.4362102 549.00 8643
1681072419.4374795 549.00 8649
1681072419.4387107 549.00 8655
1681072419.4406533 549.00 8662
1681072419.4423673 549.00 8668
1681072419.4435933 549.00 8675
1681072419.4448323 548.00 8681
1681072419.446068 549.00 8687
1681072419.4466894 549.00 8693
1681072419.4470608 548.00 8699
1681072419.447452 549.00 8706
1681072419.4479015 549.00 8712
1681072419.448356 549.00 8719
1681072419.51986 549.00 8725
1681072419.521278 549.00 8731
1681072419.5225124 549.00 8737
1681072419.523729 548.00 8743
1681072419.5249517 549.00 8750
1681072419.5261655 548.00 8756
1681072419.5273743 549.00 8763
1681072419.5285857 549.00 8769
1681072419.5297823 549.00 8775
1681072419.5309708 549.00 8781
1681072419.5321736 549.00 8787
1681072419.5333722 549.00 8794
1681072419.534567 549.00 8800
1681072419.5357647 549.00 8807
1681072419.6041756 549.00 8813
1681072419.6046062 549.00 8819
1681072419.6050248 549.00 8825
1681072419.6054642 549.00 8832
1681072419.6059597 549.00 8838
1681072419.6064742 549.00 8844
1681072419.607009 548.00 8851
1681072419.6075447 549.00 8857
1681072419.6080794 549.00 8863
1681072419.6086903 549.00 8869
1681072419.6093023 549.00 8876
1681072419.6099114 549.00 8882
1681072419.6105335 548.00 8888
1681072419.6888971 549.00 8895
1681072419.6900513 549.00 8901
1681072419.691184 549.00 8907
1681072419.6923237 549.00 8913
1681072419.6934419 549.00 8920
1681072419.6945562 549.00 8926
1681072419.6956558 549.00 8932
1681072419.6967876 549.00 8939
1681072419.6979558 549.00 8945
1681072419.6991513 548.00 8951
1681072419.7003922 549.00 8957
1681072419.7016037 549.00 8964
1681072419.7028031 549.00 8970
1681072419.772624 549.00 8976
1681072419.7739818 549.00 8983
1681072419.7752273 549.00 8989
1681072419.7764864 549.00 8995
1681072419.7777119 549.00 9001
1681072419.778928 549.00 9008
1681072419.7801456 549.00 9014
1681072419.7813718 548.00 9020
1681072419.782607 549.00 9027
1681072419.7838206 549.00 9033
1681072419.785048 549.00 9039
1681072419.786261 549.00 9046
1681072419.7874744 548.00 9052
1681072419.7886927 548.00 9058
1681072419.857706 549.00 9064
1681072419.8589644 549.00 9071
1681072419.860214 549.00 9077
1681072419.8614423 549.00 9083
1681072419.862682 549.00 9090
1681072419.863894 549.00 9096
1681072419.8651228 549.00 9102
1681072419.8663332 549.00 9108
1681072419.8676026 549.00 9115
1681072419.8688765 548.00 9121
1681072419.870089 549.00 9127
1681072419.8712993 549.00 9134
1681072419.8725235 549.00 9140
1681072419.9412606 549.00 9146
1681072419.9426832 549.00 9152
1681072419.9439247 549.00 9159
1681072419.9451797 549.00 9165
1681072419.9463904 549.00 9171
1681072419.9476056 549.00 9178
1681072419.9488215 549.00 9184
1681072419.9500244 548.00 9190
1681072419.9512177 549.00 9196
1681072419.9524226 549.00 9203
1681072419.9536226 549.00 9209
1681072419.95482 549.00 9216
1681072419.956043 549.00 9222
1681072419.9572628 549.00 9228
1681072420.0263236 549.00 9234
1681072420.0275855 549.00 9240
1681072420.028844 549.00 9247
1681072420.0300648 549.00 9253
1681072420.0312788 549.00 9260
1681072420.0325012 549.00 9266
1681072420.0337088 549.00 9272
1681072420.034919 549.00 9278
1681072420.0361545 549.00 9284
1681072420.03738 549.00 9291
1681072420.0385942 549.00 9297
1681072420.0398061 549.00 9304
1681072420.0410295 549.00 9310
1681072420.1099558 549.00 9316
1681072420.1113513 549.00 9322
1681072420.1126606 549.00 9328
1681072420.1139 549.00 9335
1681072420.1151228 549.00 9341
1681072420.1163473 548.00 9348
1681072420.1175888 549.00 9354
1681072420.1188002 549.00 9360
1681072420.1200166 549.00 9366
1681072420.121244 549.00 9372
1681072420.1226058 548.00 9379
1681072420.1238272 549.00 9385
1681072420.125053 549.00 9392
1681072420.1940272 549.00 9398
1681072420.19537 549.00 9404
1681072420.1966305 549.00 9410
1681072420.19786 548.00 9416
1681072420.1990995 549.00 9423
1681072420.20032 549.00 9430
1681072420.201534 549.00 9436
1681072420.2027307 549.00 9442
1681072420.20392 549.00 9448
1681072420.2051394 549.00 9454
1681072420.2063334 548.00 9460
1681072420.2075293 549.00 9467
1681072420.2087703 549.00 9474
1681072420.2099707 549.00 9480
1681072420.2790864 548.00 9486
1681072420.2803714 549.00 9492
1681072420.281609 549.00 9498
1681072420.282828 549.00 9504
1681072420.284042 549.00 9511
1681072420.285272 549.00 9518
1681072420.2864885 549.00 9524
1681072420.2876973 549.00 9530
1681072420.2889135 549.00 9536
1681072420.2901149 549.00 9542
1681072420.2913356 549.00 9548
1681072420.2925735 549.00 9555
1681072420.2937818 549.00 9562
1681072420.3627038 549.00 9568
1681072420.3640924 548.00 9574
1681072420.3653605 549.00 9580
1681072420.3666472 549.00 9586
1681072420.3679032 549.00 9592
1681072420.3691714 548.00 9600
1681072420.3703854 548.00 9606
1681072420.371596 549.00 9612
1681072420.37288 549.00 9618
1681072420.374094 549.00 9624
1681072420.3752997 549.00 9630
1681072420.376536 549.00 9636
1681072420.3777509 549.00 9644
1681072420.3789608 549.00 9650
1681072420.4478104 549.00 9656
1681072420.4491217 549.00 9662
1681072420.4503558 548.00 9668
1681072420.4517703 549.00 9674
1681072420.453041 549.00 9680
1681072420.4542725 549.00 9688
1681072420.4554954 549.00 9694
1681072420.4567263 549.00 9700
1681072420.4579446 549.00 9706
1681072420.4591591 549.00 9712
1681072420.4603887 549.00 9718
1681072420.4616153 549.00 9724
1681072420.4628313 549.00 9732
1681072420.5314207 549.00 9738
1681072420.5328538 549.00 9744
1681072420.534109 549.00 9750
1681072420.5353365 549.00 9756
1681072420.5365689 549.00 9762
1681072420.5377722 549.00 9768
1681072420.5389705 549.00 9776
1681072420.5401804 549.00 9782
1681072420.541382 549.00 9788
1681072420.5425751 549.00 9794
1681072420.5437708 549.00 9800
1681072420.5449777 549.00 9806
1681072420.5461845 549.00 9812
1681072420.6154625 549.00 9820
1681072420.6168358 548.00 9826
1681072420.6180732 549.00 9832
1681072420.6192923 549.00 9838
1681072420.6205204 549.00 9844
1681072420.6217265 549.00 9850
1681072420.6230576 549.00 9857
1681072420.6249945 549.00 9864
1681072420.626377 549.00 9870
1681072420.627592 549.00 9876
1681072420.6288466 549.00 9882
1681072420.6300666 548.00 9888
1681072420.6312773 549.00 9894
1681072420.6325023 549.00 9901
1681072420.7005258 549.00 9908
1681072420.701777 549.00 9914
1681072420.7029982 549.00 9920
1681072420.7042248 549.00 9926
1681072420.7054331 549.00 9932
1681072420.7066317 549.00 9938
1681072420.7078414 549.00 9945
1681072420.7090833 549.00 9952
1681072420.7102847 548.00 9958
1681072420.7114801 549.00 9964
1681072420.7127042 549.00 9970
1681072420.7139113 549.00 9976
1681072420.715108 549.00 9982
1681072420.7841952 549.00 9989
1681072420.7855508 549.00 9996
1681072420.7868028 549.00 10002
1681072420.7880278 549.00 10008
1681072420.7893064 549.00 10014
1681072420.7905257 549.00 10021
1681072420.7917404 548.00 10028
1681072420.7929673 549.00 10034
1681072420.7941785 549.00 10041
1681072420.795391 549.00 10047
1681072420.7966158 549.00 10053
1681072420.79783 549.00 10059
1681072420.7990408 549.00 10066
1681072420.868362 549.00 10073
1681072420.8697314 549.00 10079
1681072420.870976 549.00 10086
1681072420.8722255 549.00 10092
1681072420.8734572 549.00 10098
1681072420.8746722 549.00 10105
1681072420.8758829 549.00 10112
1681072420.8771627 548.00 10118
1681072420.8783765 549.00 10125
1681072420.8795924 549.00 10131
1681072420.8808694 548.00 10137
1681072420.8820975 549.00 10143
1681072420.883342 549.00 10150
1681072420.9526734 549.00 10157
1681072420.9541001 549.00 10163
1681072420.9553432 549.00 10170
1681072420.956599 549.00 10176
1681072420.957827 549.00 10182
1681072420.9590507 549.00 10189
1681072420.9602814 548.00 10195
1681072420.9615066 549.00 10202
1681072420.962718 549.00 10209
1681072420.9639518 549.00 10215
1681072420.9652078 549.00 10221
1681072420.9664292 549.00 10227
1681072420.9676416 549.00 10234
1681072421.0369155 549.00 10241
1681072421.0382745 549.00 10247
1681072421.0395207 548.00 10254
1681072421.0407913 549.00 10260
1681072421.04201 549.00 10266
1681072421.0432339 549.00 10273
1681072421.0444744 549.00 10279
1681072421.0457146 549.00 10286
1681072421.0469294 549.00 10293
1681072421.0481718 549.00 10299
1681072421.0494049 549.00 10305
1681072421.0506263 548.00 10312
1681072421.051842 549.00 10318
1681072421.121152 549.00 10324
1681072421.1225677 549.00 10331
1681072421.123821 549.00 10338
1681072421.125084 548.00 10344
1681072421.126319 548.00 10350
1681072421.1275449 549.00 10357
1681072421.1287708 549.00 10363
1681072421.1299796 549.00 10370
1681072421.1311874 549.00 10377
1681072421.1324072 549.00 10383
1681072421.133623 549.00 10389
1681072421.1348312 549.00 10396
1681072421.1360316 549.00 10402
1681072421.1372683 549.00 10408
1681072421.2064345 549.00 10415
1681072421.2077506 549.00 10422
1681072421.2090247 549.00 10428
1681072421.2102532 549.00 10434
1681072421.2114635 549.00 10441
1681072421.2127018 549.00 10447
1681072421.2139227 549.00 10454
1681072421.2151847 549.00 10461
1681072421.2164452 549.00 10467
1681072421.217677 549.00 10473
1681072421.2188988 548.00 10480
1681072421.2201467 549.00 10486
1681072421.2213852 549.00 10492
1681072421.2906995 549.00 10499
1681072421.2919626 549.00 10506
1681072421.2932332 549.00 10512
1681072421.294455 549.00 10518
1681072421.2956727 549.00 10525
1681072421.2969747 549.00 10531
1681072421.2982078 548.00 10537
1681072421.2994354 549.00 10545
1681072421.3006787 549.00 10551
1681072421.301922 549.00 10557
1681072421.3031442 549.00 10564
1681072421.3043795 549.00 10570
1681072421.3056035 549.00 10576
1681072421.3750331 549.00 10583
1681072421.376326 549.00 10590
1681072421.3775651 549.00 10596
1681072421.378791 549.00 10602
1681072421.380008 549.00 10609
1681072421.3812478 549.00 10615
1681072421.3824832 548.00 10621
1681072421.38372 549.00 10629
1681072421.384949 548.00 10635
1681072421.3861625 549.00 10641
1681072421.3873765 549.00 10648
1681072421.388607 549.00 10654
1681072421.3898263 549.00 10660
1681072421.4591985 549.00 10667
1681072421.4604955 549.00 10674
1681072421.4617338 549.00 10680
1681072421.4629552 549.00 10686
1681072421.4642074 549.00 10693
1681072421.4654307 549.00 10699
1681072421.4666417 549.00 10705
1681072421.4678507 549.00 10713
1681072421.4690752 549.00 10719
1681072421.4702837 549.00 10725
1681072421.4714904 549.00 10732
1681072421.4727077 549.00 10738
1681072421.4739146 548.00 10744
1681072421.543559 549.00 10750
1681072421.54489 548.00 10758
1681072421.5461378 549.00 10764
1681072421.5473723 549.00 10770
1681072421.548623 548.00 10777
1681072421.5498505 549.00 10783
1681072421.5510733 549.00 10789
1681072421.5523083 549.00 10797
1681072421.5535383 549.00 10803
1681072421.554753 549.00 10809
1681072421.5559764 549.00 10816
1681072421.557223 549.00 10822
1681072421.5584786 549.00 10828
1681072421.6277668 549.00 10834
1681072421.629087 549.00 10842
1681072421.6303403 549.00 10848
1681072421.6315775 549.00 10854
1681072421.6328323 549.00 10861
1681072421.634055 549.00 10867
1681072421.6352742 549.00 10873
1681072421.6365025 548.00 10881
1681072421.6377215 549.00 10887
1681072421.6389585 548.00 10893
1681072421.640213 549.00 10900
1681072421.641443 549.00 10906
1681072421.6426754 549.00 10912
1681072421.7120693 548.00 10919
1681072421.7133725 549.00 10926
1681072421.7146137 549.00 10932
1681072421.715838 549.00 10938
1681072421.7170873 549.00 10945
1681072421.7183096 549.00 10951
1681072421.7195342 549.00 10957
1681072421.7207997 549.00 10964
1681072421.7220237 549.00 10971
1681072421.7232463 549.00 10977
1681072421.72448 549.00 10984
1681072421.7257066 549.00 10990
1681072421.7269223 548.00 10996
1681072421.7963986 549.00 11003
1681072421.7976775 549.00 11010
1681072421.7989202 549.00 11016
1681072421.800158 549.00 11022
1681072421.8013978 549.00 11029
1681072421.8026376 549.00 11035
1681072421.8038502 549.00 11041
1681072421.8050735 549.00 11048
1681072421.8062785 549.00 11055
1681072421.8074837 549.00 11061
1681072421.8087034 548.00 11068
1681072421.8099182 549.00 11074
1681072421.8111246 549.00 11080
1681072421.880572 549.00 11087
1681072421.8818467 549.00 11094
1681072421.8831015 549.00 11100
1681072421.8843422 549.00 11106
1681072421.8855598 549.00 11113
1681072421.8867679 549.00 11119
1681072421.8879807 549.00 11125
1681072421.889211 549.00 11132
1681072421.8904192 549.00 11139
1681072421.8916216 549.00 11145
1681072421.8928428 549.00 11152
1681072421.8940446 549.00 11158
1681072421.8952665 549.00 11164
1681072421.964276 549.00 11171
1681072421.9653537 549.00 11177
1681072421.966266 549.00 11184
1681072421.9671628 549.00 11190
1681072421.9680543 549.00 11197
1681072421.9691126 549.00 11203
1681072421.970213 548.00 11209
1681072421.9713163 549.00 11216
1681072421.9724336 549.00 11223
1681072421.973595 549.00 11229
1681072421.9748473 549.00 11236
1681072421.9760675 548.00 11242
1681072421.977303 549.00 11248
1681072422.0486028 549.00 11255
1681072422.0499735 549.00 11261
1681072422.0512342 549.00 11268
1681072422.052527 549.00 11274
1681072422.0537758 549.00 11281
1681072422.0550137 549.00 11287
1681072422.0562494 548.00 11293
1681072422.057492 549.00 11300
1681072422.058724 549.00 11307
1681072422.059947 549.00 11313
1681072422.0611873 548.00 11320
1681072422.0624173 549.00 11326
1681072422.06364 549.00 11332
1681072422.1329064 549.00 11339
1681072422.134385 549.00 11345
1681072422.1356294 549.00 11352
1681072422.136893 549.00 11358
1681072422.138119 549.00 11365
1681072422.1393661 548.00 11371
1681072422.1405993 549.00 11377
1681072422.1418126 549.00 11384
1681072422.1430337 549.00 11390
1681072422.144262 549.00 11397
1681072422.1454794 549.00 11404
1681072422.146682 548.00 11410
1681072422.147892 549.00 11416
1681072422.2171237 548.00 11423
1681072422.2184875 549.00 11429
1681072422.219745 549.00 11436
1681072422.2210274 549.00 11443
1681072422.2222528 549.00 11449
1681072422.2234728 549.00 11455
1681072422.224693 549.00 11461
1681072422.2259114 548.00 11468
1681072422.22712 549.00 11474
1681072422.228339 549.00 11481
1681072422.2295551 549.00 11488
1681072422.2307618 549.00 11494
1681072422.231973 548.00 11500
1681072422.3014438 549.00 11507
1681072422.3028858 549.00 11513
1681072422.3041544 549.00 11520
1681072422.3053935 548.00 11527
1681072422.3066149 549.00 11533
1681072422.307829 548.00 11539
1681072422.3090615 548.00 11545
1681072422.3102694 549.00 11552
1681072422.311473 549.00 11558
1681072422.3128045 549.00 11565
1681072422.3140488 549.00 11572
1681072422.3152742 549.00 11578
1681072422.3165069 549.00 11584
1681072422.385695 549.00 11591
1681072422.3871045 549.00 11597
1681072422.388373 549.00 11603
1681072422.3896117 549.00 11611
1681072422.3908317 549.00 11617
1681072422.392053 549.00 11623
1681072422.393293 549.00 11629
1681072422.3945072 549.00 11636
1681072422.3958428 549.00 11642
1681072422.397096 548.00 11649
1681072422.3983157 548.00 11656
1681072422.3995383 549.00 11662
1681072422.4007711 549.00 11668
