1681054460.2327905 533.00 1
1681054460.353202 533.00 50
1681054460.354843 533.00 52
1681054460.356206 533.00 54
1681054460.3574944 533.00 56
1681054460.358918 534.00 61
1681054460.3602498 533.00 65
1681054460.3614988 533.00 70
1681054460.3627138 533.00 75
1681054460.3639812 533.00 80
1681054460.3652742 533.00 86
1681054460.3665361 533.00 91
1681054460.3677385 533.00 95
1681054460.3689525 533.00 100
1681054460.3703487 533.00 105
1681054460.371528 534.00 110
1681054460.372735 533.00 115
1681054460.373936 533.00 120
1681054460.4382331 534.00 125
1681054460.439556 533.00 132
1681054460.4407785 533.00 137
1681054460.4419904 533.00 142
1681054460.4431765 533.00 148
1681054460.4443583 533.00 153
1681054460.4455462 533.00 159
1681054460.4467225 533.00 164
1681054460.4479053 533.00 171
1681054460.449172 533.00 176
1681054460.4503834 533.00 182
1681054460.451576 533.00 187
1681054460.4528697 533.00 193
1681054460.4540753 533.00 198
1681054460.4552345 533.00 204
1681054460.5225663 533.00 209
1681054460.523975 533.00 216
1681054460.5253487 534.00 221
1681054460.5266652 533.00 227
1681054460.5280206 533.00 232
1681054460.5292892 533.00 238
1681054460.5305848 534.00 244
1681054460.5318162 533.00 249
1681054460.533056 533.00 256
1681054460.5343103 533.00 262
1681054460.5355556 533.00 267
1681054460.536773 533.00 273
1681054460.5380256 531.00 279
1681054460.539244 534.00 284
1681054460.5405643 533.00 290
1681054460.607029 533.00 296
1681054460.608487 533.00 302
1681054460.6100562 533.00 308
1681054460.6116946 533.00 314
1681054460.613185 533.00 319
1681054460.6145232 533.00 325
1681054460.6158066 533.00 330
1681054460.6170638 533.00 336
1681054460.6183617 533.00 343
1681054460.619673 533.00 348
1681054460.6214147 533.00 354
1681054460.6230762 533.00 360
1681054460.6247096 533.00 365
1681054460.6261256 533.00 371
1681054460.690226 533.00 377
1681054460.691818 534.00 382
1681054460.6931226 534.00 389
1681054460.6944432 533.00 395
1681054460.6957245 533.00 400
1681054460.6969907 534.00 406
1681054460.6987243 533.00 411
1681054460.7000713 532.00 417
1681054460.701345 533.00 423
1681054460.702531 533.00 429
1681054460.703699 533.00 435
1681054460.7048883 537.00 441
1681054460.7067537 533.00 446
1681054460.708038 533.00 452
1681054460.7092295 533.00 458
1681054460.775494 533.00 463
1681054460.7770598 533.00 470
1681054460.7784307 533.00 476
1681054460.7797828 533.00 481
1681054460.781163 533.00 487
1681054460.7824605 533.00 492
1681054460.7837257 533.00 498
1681054460.7849848 534.00 504
1681054460.7864347 534.00 509
1681054460.7877424 533.00 516
1681054460.7889125 533.00 522
1681054460.790121 533.00 527
1681054460.7913468 534.00 533
1681054460.7926068 533.00 539
1681054460.858684 533.00 544
1681054460.860395 534.00 550
1681054460.8618007 533.00 557
1681054460.8631036 532.00 562
1681054460.86439 533.00 568
1681054460.8656924 533.00 574
1681054460.8669662 533.00 579
1681054460.8682365 534.00 585
1681054460.8696976 533.00 590
1681054460.8710332 533.00 596
1681054460.8722296 533.00 603
1681054460.8734345 533.00 608
1681054460.8746915 533.00 614
1681054460.8759344 533.00 620
1681054460.8771036 533.00 625
1681054460.9437847 533.00 631
1681054460.945055 533.00 637
1681054460.9464185 533.00 643
1681054460.947741 533.00 649
1681054460.9490433 533.00 655
1681054460.9502501 527.00 660
1681054460.951421 533.00 666
1681054460.9525847 533.00 671
1681054460.9537733 533.00 677
1681054460.9549453 533.00 684
1681054460.956111 533.00 689
1681054460.9572833 534.00 695
1681054460.9584703 531.00 701
1681054460.959636 533.00 706
1681054460.960814 533.00 712
1681054461.0286548 533.00 718
1681054461.0302162 533.00 723
1681054461.0318112 534.00 730
1681054461.0331967 533.00 736
1681054461.0346775 534.00 741
1681054461.0360935 533.00 747
1681054461.0375957 533.00 752
1681054461.0389733 533.00 758
1681054461.040306 533.00 764
1681054461.0417047 533.00 770
1681054461.0429947 538.00 776
1681054461.0441742 533.00 782
1681054461.0453644 533.00 787
1681054461.0465534 533.00 793
1681054461.1116998 534.00 799
1681054461.1133966 533.00 804
1681054461.1146579 533.00 811
1681054461.115857 533.00 817
1681054461.116939 533.00 822
1681054461.117815 533.00 828
1681054461.1186802 533.00 834
1681054461.1195354 533.00 839
1681054461.1203952 533.00 845
1681054461.1212604 533.00 850
1681054461.122107 533.00 857
1681054461.122799 535.00 863
1681054461.1234827 534.00 868
1681054461.1241438 533.00 874
1681054461.1248178 533.00 880
1681054461.1968942 533.00 885
1681054461.198349 533.00 891
1681054461.1997008 533.00 898
1681054461.2009683 542.00 903
1681054461.2023327 533.00 909
1681054461.2035956 534.00 915
1681054461.2049 534.00 920
1681054461.206133 533.00 926
1681054461.20734 531.00 931
1681054461.2085443 533.00 937
1681054461.2097635 533.00 944
1681054461.2109582 533.00 949
1681054461.212175 533.00 955
1681054461.2134151 533.00 961
1681054461.2802112 533.00 966
1681054461.2819068 533.00 972
1681054461.2832804 534.00 978
1681054461.284614 533.00 984
1681054461.285952 533.00 990
1681054461.2872262 533.00 996
1681054461.288533 533.00 1001
1681054461.2897978 533.00 1007
1681054461.2910435 533.00 1013
1681054461.2922738 533.00 1019
1681054461.2935348 533.00 1026
1681054461.2947717 533.00 1032
1681054461.2960038 533.00 1038
1681054461.2972226 533.00 1044
1681054461.364547 533.00 1050
1681054461.3661172 533.00 1056
1681054461.3675268 533.00 1062
1681054461.3688831 533.00 1069
1681054461.3702395 532.00 1075
1681054461.371579 533.00 1081
1681054461.3728397 533.00 1087
1681054461.3741422 532.00 1093
1681054461.3754241 532.00 1099
1681054461.3766654 530.00 1105
1681054461.3779416 530.00 1112
1681054461.3791883 530.00 1118
1681054461.3804777 529.00 1124
1681054461.3818214 528.00 1130
1681054461.4489257 546.00 1136
1681054461.450797 526.00 1142
1681054461.4520676 526.00 1148
1681054461.4532912 525.00 1155
1681054461.454642 524.00 1161
1681054461.4564586 524.00 1167
1681054461.4580302 524.00 1173
1681054461.459343 523.00 1179
1681054461.4609914 523.00 1185
1681054461.4622622 523.00 1191
1681054461.4635482 523.00 1197
1681054461.4647732 522.00 1203
1681054461.4660268 521.00 1209
1681054461.467238 520.00 1215
1681054461.5339031 519.00 1221
1681054461.5351636 519.00 1227
1681054461.536382 518.00 1233
1681054461.5376234 517.00 1240
1681054461.5388474 517.00 1246
1681054461.5401618 516.00 1252
1681054461.541385 516.00 1258
1681054461.5425808 515.00 1264
1681054461.5437877 515.00 1270
1681054461.5449903 514.00 1276
1681054461.5462039 514.00 1283
1681054461.5473986 514.00 1289
1681054461.548613 513.00 1295
1681054461.549839 514.00 1301
1681054461.61861 513.00 1308
1681054461.620234 513.00 1314
1681054461.6218233 512.00 1320
1681054461.62324 512.00 1327
1681054461.624625 512.00 1333
1681054461.6260402 510.00 1339
1681054461.6274495 511.00 1345
1681054461.6288161 511.00 1352
1681054461.6302466 511.00 1358
1681054461.6316597 510.00 1364
1681054461.6330302 510.00 1371
1681054461.6344483 509.00 1377
1681054461.635944 509.00 1383
1681054461.7018628 509.00 1389
1681054461.7037334 508.00 1396
1681054461.7051787 508.00 1402
1681054461.7066405 508.00 1409
1681054461.7080233 508.00 1415
1681054461.709426 508.00 1421
1681054461.71084 507.00 1427
1681054461.7121243 507.00 1433
1681054461.713462 507.00 1440
1681054461.7149224 507.00 1446
1681054461.716392 507.00 1453
1681054461.7177424 507.00 1459
1681054461.7190478 506.00 1465
1681054461.7859266 507.00 1471
1681054461.7876124 507.00 1477
1681054461.7891138 507.00 1484
1681054461.7906678 506.00 1490
1681054461.792053 506.00 1497
1681054461.7934337 506.00 1503
1681054461.7947862 506.00 1509
1681054461.7961934 507.00 1515
1681054461.797647 506.00 1521
1681054461.7991662 506.00 1528
1681054461.80064 506.00 1534
1681054461.8020852 506.00 1541
1681054461.8034 506.00 1547
1681054461.804668 506.00 1553
1681054461.8713264 506.00 1559
1681054461.872791 506.00 1565
1681054461.8742435 506.00 1572
1681054461.8756387 506.00 1579
1681054461.8770154 506.00 1585
1681054461.878443 506.00 1591
1681054461.879837 506.00 1597
1681054461.881253 506.00 1603
1681054461.8826516 506.00 1609
1681054461.8839226 506.00 1616
1681054461.885276 506.00 1623
1681054461.8866162 506.00 1629
1681054461.8878725 506.00 1635
1681054461.9547265 506.00 1641
1681054461.9564104 506.00 1647
1681054461.9578574 505.00 1653
1681054461.9592416 506.00 1660
1681054461.9606493 506.00 1667
1681054461.9621243 506.00 1673
1681054461.96351 505.00 1679
1681054461.9649732 505.00 1685
1681054461.9663196 506.00 1691
1681054461.9675767 506.00 1697
1681054461.96883 505.00 1704
1681054461.970134 505.00 1711
1681054461.9714255 505.00 1717
1681054461.9726899 505.00 1723
1681054462.0399315 505.00 1729
1681054462.0414252 505.00 1735
1681054462.0428512 505.00 1741
1681054462.0442429 505.00 1748
1681054462.0457072 505.00 1755
1681054462.0474224 505.00 1761
1681054462.0495636 505.00 1767
1681054462.051207 505.00 1773
1681054462.0526288 505.00 1779
1681054462.0540185 506.00 1785
1681054462.0553815 505.00 1793
1681054462.0567212 505.00 1799
1681054462.0580108 505.00 1805
1681054462.1233578 505.00 1811
1681054462.1248813 505.00 1817
1681054462.1262164 505.00 1823
1681054462.127795 505.00 1829
1681054462.1291955 505.00 1837
1681054462.1306615 505.00 1843
1681054462.132514 505.00 1849
1681054462.133963 507.00 1855
1681054462.1358526 505.00 1861
1681054462.137339 505.00 1867
1681054462.1391962 505.00 1873
1681054462.140567 505.00 1881
1681054462.1422215 505.00 1887
1681054462.14355 505.00 1893
1681054462.2086422 505.00 1899
1681054462.2101767 505.00 1905
1681054462.2116063 505.00 1911
1681054462.212981 505.00 1917
1681054462.2144434 505.00 1925
1681054462.2158618 504.00 1931
1681054462.2172117 505.00 1937
1681054462.2185438 505.00 1943
1681054462.219801 504.00 1949
1681054462.2210627 505.00 1955
1681054462.2223928 508.00 1961
1681054462.2236588 504.00 1969
1681054462.224916 504.00 1975
1681054462.2927032 504.00 1981
1681054462.2942512 504.00 1987
1681054462.2957616 504.00 1993
1681054462.2970896 504.00 1999
1681054462.2985795 504.00 2006
1681054462.3000228 504.00 2013
1681054462.301412 504.00 2019
1681054462.3027134 504.00 2025
1681054462.3039942 504.00 2031
1681054462.305252 504.00 2037
1681054462.3065503 504.00 2043
1681054462.3078444 504.00 2050
1681054462.309117 504.00 2057
1681054462.3760536 504.00 2063
1681054462.3777788 504.00 2069
1681054462.3791983 504.00 2075
1681054462.380595 504.00 2081
1681054462.3820844 504.00 2087
1681054462.3835835 504.00 2094
1681054462.384948 504.00 2101
1681054462.3863804 504.00 2107
1681054462.3877492 504.00 2113
1681054462.3890903 503.00 2119
1681054462.3904226 503.00 2125
1681054462.3917098 504.00 2131
1681054462.3929954 504.00 2138
1681054462.3943186 504.00 2145
1681054462.4613926 504.00 2151
1681054462.462857 504.00 2157
1681054462.4643652 504.00 2163
1681054462.4661431 504.00 2169
1681054462.4675608 504.00 2176
1681054462.4688535 504.00 2182
1681054462.4701343 504.00 2189
1681054462.471449 504.00 2195
1681054462.4727135 504.00 2201
1681054462.474 504.00 2207
1681054462.47525 504.00 2213
1681054462.4765248 504.00 2220
1681054462.4778073 504.00 2226
1681054462.5448508 504.00 2233
1681054462.5468183 511.00 2239
1681054462.548885 504.00 2245
1681054462.5505645 504.00 2251
1681054462.5519688 504.00 2257
1681054462.5533917 504.00 2264
1681054462.5547678 504.00 2270
1681054462.5561337 504.00 2277
1681054462.5575309 504.00 2283
1681054462.5588882 504.00 2289
1681054462.5601475 504.00 2295
1681054462.5614352 503.00 2301
1681054462.5627022 504.00 2308
1681054462.5639632 504.00 2314
1681054462.6300461 504.00 2320
1681054462.6315207 504.00 2327
1681054462.6329181 504.00 2333
1681054462.634337 504.00 2339
1681054462.6355994 504.00 2345
1681054462.6368587 504.00 2352
1681054462.6381514 504.00 2358
1681054462.6394377 504.00 2364
1681054462.641006 504.00 2371
1681054462.642374 504.00 2377
1681054462.6436455 504.00 2383
1681054462.6449268 504.00 2390
1681054462.64621 504.00 2396
1681054462.7142308 504.00 2402
1681054462.7159045 504.00 2409
1681054462.7173567 504.00 2415
1681054462.7187643 504.00 2421
1681054462.720145 504.00 2427
1681054462.721874 504.00 2434
1681054462.7233534 504.00 2440
1681054462.724728 504.00 2446
1681054462.726134 504.00 2453
1681054462.7275012 504.00 2459
1681054462.7287562 504.00 2465
1681054462.7301238 504.00 2471
1681054462.7320178 504.00 2478
1681054462.7975538 504.00 2484
1681054462.799391 504.00 2490
1681054462.8009562 504.00 2496
1681054462.8028555 504.00 2503
1681054462.8044653 504.00 2509
1681054462.8059945 504.00 2515
1681054462.8075314 504.00 2522
1681054462.8089678 504.00 2528
1681054462.810509 504.00 2534
1681054462.8118956 504.00 2540
1681054462.8132489 504.00 2547
1681054462.8150046 504.00 2553
1681054462.8164308 504.00 2560
1681054462.8178236 504.00 2566
1681054462.8827515 504.00 2572
1681054462.8841655 504.00 2578
1681054462.885495 504.00 2584
1681054462.8871357 504.00 2591
1681054462.8884625 504.00 2597
1681054462.889769 504.00 2604
1681054462.8910458 503.00 2610
1681054462.8923244 504.00 2616
1681054462.8935983 504.00 2622
1681054462.8948848 504.00 2628
1681054462.8961413 504.00 2635
1681054462.897473 504.00 2641
1681054462.8987422 504.00 2648
1681054462.9662454 504.00 2654
1681054462.9680607 504.00 2660
1681054462.9696336 504.00 2666
1681054462.9713185 504.00 2672
1681054462.9728503 504.00 2679
1681054462.974281 504.00 2685
1681054462.9756582 506.00 2692
1681054462.9770274 504.00 2698
1681054462.9784691 504.00 2704
1681054462.9798324 504.00 2710
1681054462.9812238 504.00 2716
1681054462.9826524 504.00 2723
1681054462.9840276 504.00 2729
1681054462.9853902 504.00 2736
1681054463.051583 504.00 2742
1681054463.0529027 504.00 2748
1681054463.0542178 504.00 2754
1681054463.0555167 504.00 2760
1681054463.0567825 504.00 2767
1681054463.0580645 504.00 2774
1681054463.0593498 504.00 2780
1681054463.0606172 504.00 2786
1681054463.0619075 506.00 2792
1681054463.0635924 504.00 2798
1681054463.0655847 504.00 2804
1681054463.0670729 504.00 2811
1681054463.0683908 504.00 2818
1681054463.135592 504.00 2824
1681054463.1369915 504.00 2830
1681054463.1384182 504.00 2836
1681054463.139753 503.00 2842
1681054463.1410625 504.00 2848
1681054463.1423452 504.00 2855
1681054463.1436682 504.00 2862
1681054463.144916 504.00 2868
1681054463.1462107 504.00 2874
1681054463.1476333 504.00 2880
1681054463.1488945 504.00 2886
1681054463.1501703 504.00 2892
1681054463.1514091 504.00 2899
1681054463.2189283 504.00 2906
1681054463.2205238 504.00 2912
1681054463.221944 504.00 2918
1681054463.2234602 504.00 2924
1681054463.2249432 504.00 2930
1681054463.2264626 504.00 2936
1681054463.2277987 504.00 2944
1681054463.2291164 504.00 2950
1681054463.230703 504.00 2956
1681054463.2320726 503.00 2962
1681054463.233434 504.00 2968
1681054463.2347753 504.00 2974
1681054463.2361026 504.00 2980
1681054463.2375116 504.00 2988
1681054463.304421 504.00 2994
1681054463.3059373 523.00 3000
1681054463.307349 504.00 3006
1681054463.3086827 504.00 3012
1681054463.3101192 504.00 3018
1681054463.3115249 504.00 3024
1681054463.3128953 504.00 3032
1681054463.314388 504.00 3038
1681054463.3158307 504.00 3044
1681054463.3170662 504.00 3050
1681054463.3185008 504.00 3056
1681054463.3197317 504.00 3062
1681054463.3210094 504.00 3068
1681054463.3876102 504.00 3076
1681054463.389206 504.00 3082
1681054463.3906708 504.00 3088
1681054463.393182 504.00 3094
1681054463.3955116 504.00 3100
1681054463.3971074 504.00 3106
1681054463.3985672 504.00 3112
1681054463.399844 504.00 3120
1681054463.401074 504.00 3126
1681054463.402336 504.00 3132
1681054463.403602 504.00 3138
1681054463.4048402 504.00 3144
1681054463.4060972 504.00 3150
1681054463.407306 504.00 3156
1681054463.4729915 504.00 3164
1681054463.4745257 504.00 3170
1681054463.475832 504.00 3176
1681054463.4771008 504.00 3182
1681054463.47838 504.00 3188
1681054463.4796736 504.00 3194
1681054463.4809484 504.00 3201
1681054463.4822211 503.00 3208
1681054463.4834926 509.00 3214
1681054463.4847395 504.00 3220
1681054463.4860122 503.00 3226
1681054463.4872532 504.00 3232
1681054463.4885476 504.00 3238
1681054463.5564206 504.00 3245
1681054463.5580912 504.00 3252
1681054463.5595007 504.00 3258
1681054463.5610938 504.00 3264
1681054463.5625126 504.00 3270
1681054463.5638864 504.00 3276
1681054463.5652072 504.00 3282
1681054463.5666118 504.00 3289
1681054463.567901 504.00 3296
1681054463.569146 504.00 3302
1681054463.570464 504.00 3308
1681054463.5717225 504.00 3314
1681054463.5729795 504.00 3320
1681054463.6404493 504.00 3326
1681054463.6421287 504.00 3333
1681054463.6435466 504.00 3340
1681054463.6449 504.00 3346
1681054463.646516 504.00 3352
1681054463.6479259 504.00 3358
1681054463.6493607 504.00 3364
1681054463.6507578 504.00 3371
1681054463.6522524 504.00 3377
1681054463.6537297 504.00 3384
1681054463.655081 504.00 3390
1681054463.6563506 500.00 3396
1681054463.6576445 504.00 3402
1681054463.6590655 504.00 3408
1681054463.7257519 504.00 3415
1681054463.7271938 504.00 3421
1681054463.728592 504.00 3428
1681054463.7304091 504.00 3434
1681054463.7318604 504.00 3440
1681054463.73323 504.00 3446
1681054463.7347476 504.00 3452
1681054463.7360842 504.00 3459
1681054463.7374074 504.00 3465
1681054463.7386968 504.00 3472
1681054463.73996 504.00 3478
1681054463.7412045 504.00 3484
1681054463.7427664 504.00 3490
1681054463.8091402 504.00 3496
1681054463.81112 504.00 3503
1681054463.8125594 504.00 3509
1681054463.8140526 504.00 3516
1681054463.8155453 504.00 3522
1681054463.8170035 504.00 3528
1681054463.818319 499.00 3534
1681054463.8195624 502.00 3540
1681054463.820812 504.00 3547
1681054463.8220897 504.00 3553
1681054463.823582 504.00 3560
1681054463.82489 504.00 3566
1681054463.826202 504.00 3572
1681054463.82748 504.00 3578
1681054463.894316 504.00 3585
1681054463.8957212 504.00 3591
1681054463.8972795 504.00 3597
1681054463.8987195 504.00 3604
1681054463.899949 504.00 3610
1681054463.901169 504.00 3616
1681054463.90243 504.00 3622
1681054463.9036474 504.00 3629
1681054463.904876 504.00 3635
1681054463.906135 504.00 3641
1681054463.9073493 504.00 3648
1681054463.90867 504.00 3654
1681054463.909963 504.00 3660
1681054463.9777536 504.00 3666
1681054463.9790654 504.00 3673
1681054463.9804318 504.00 3679
1681054463.981792 504.00 3685
1681054463.982917 504.00 3692
1681054463.9840162 504.00 3698
1681054463.98538 504.00 3704
1681054463.9866216 504.00 3710
1681054463.9877253 504.00 3717
1681054463.9888153 504.00 3723
1681054463.9899523 504.00 3729
1681054463.9910455 503.00 3736
1681054463.9921396 504.00 3742
1681054464.061899 504.00 3748
1681054464.0634375 504.00 3755
1681054464.0648706 504.00 3761
1681054464.0665882 504.00 3767
1681054464.0679705 504.00 3773
1681054464.0691938 503.00 3780
1681054464.070442 504.00 3786
1681054464.0716383 504.00 3792
1681054464.0728269 504.00 3799
1681054464.0740488 503.00 3805
1681054464.0752733 504.00 3811
1681054464.0764763 504.00 3817
1681054464.077891 503.00 3824
1681054464.0792663 504.00 3830
1681054464.1472912 504.00 3836
1681054464.148658 504.00 3843
1681054464.150269 504.00 3849
1681054464.1518023 504.00 3855
1681054464.1535316 504.00 3861
1681054464.154894 504.00 3868
1681054464.1561031 504.00 3874
1681054464.1573145 504.00 3880
1681054464.1585634 504.00 3887
1681054464.159776 504.00 3893
1681054464.1609893 504.00 3899
1681054464.1622314 504.00 3905
1681054464.163449 504.00 3912
1681054464.2306247 504.00 3918
1681054464.2323823 504.00 3924
1681054464.233737 504.00 3931
1681054464.2349606 504.00 3937
1681054464.236161 504.00 3943
1681054464.2373664 504.00 3949
1681054464.2385695 504.00 3956
1681054464.2397685 504.00 3962
1681054464.240992 504.00 3969
1681054464.2422085 504.00 3975
1681054464.2434304 503.00 3981
1681054464.2449133 504.00 3987
1681054464.2461894 504.00 3993
1681054464.2476954 504.00 4000
1681054464.3159335 504.00 4006
1681054464.3177724 504.00 4013
1681054464.3191147 504.00 4019
1681054464.3204281 504.00 4025
1681054464.321767 504.00 4031
1681054464.3230886 504.00 4037
1681054464.3244004 504.00 4044
1681054464.3256512 505.00 4050
1681054464.3268514 504.00 4057
1681054464.32807 504.00 4063
1681054464.3295355 504.00 4069
1681054464.3311644 504.00 4075
1681054464.3323932 504.00 4081
1681054464.3992496 504.00 4088
1681054464.4008074 504.00 4094
1681054464.4022226 504.00 4101
1681054464.4035523 504.00 4107
1681054464.4048617 504.00 4113
1681054464.406201 504.00 4119
1681054464.4075015 504.00 4125
1681054464.4087918 504.00 4132
1681054464.41015 504.00 4139
1681054464.4115193 503.00 4145
1681054464.4127512 504.00 4151
1681054464.4139817 504.00 4157
1681054464.415203 504.00 4163
1681054464.4832215 504.00 4169
1681054464.486109 504.00 4176
1681054464.488915 504.00 4183
1681054464.4917853 504.00 4189
1681054464.4946325 503.00 4195
1681054464.497486 504.00 4201
1681054464.5002437 504.00 4207
1681054464.5113323 504.00 4213
1681054464.514194 504.00 4220
1681054464.5169866 504.00 4227
1681054464.519877 504.00 4233
1681054464.5226867 504.00 4239
1681054464.5254827 504.00 4245
1681054464.5282617 504.00 4251
1681054464.568833 504.00 4257
1681054464.5706477 504.00 4264
1681054464.57244 504.00 4271
1681054464.573939 504.00 4277
1681054464.5751643 504.00 4283
1681054464.5762262 503.00 4289
1681054464.5773702 504.00 4295
1681054464.57856 503.00 4301
1681054464.5805542 504.00 4308
1681054464.5830736 504.00 4315
1681054464.5856183 504.00 4321
1681054464.5880823 504.00 4327
1681054464.5910978 504.00 4333
1681054464.6518996 504.00 4339
1681054464.6528964 504.00 4345
1681054464.6538568 504.00 4353
1681054464.6547313 508.00 4359
1681054464.6555567 504.00 4365
1681054464.6563325 504.00 4371
1681054464.6571074 504.00 4377
1681054464.6579003 504.00 4383
1681054464.658694 504.00 4389
1681054464.6594763 504.00 4397
1681054464.6602447 504.00 4403
1681054464.661013 504.00 4409
1681054464.6618114 504.00 4415
1681054464.662587 504.00 4421
1681054464.73737 504.00 4427
1681054464.7388115 504.00 4433
1681054464.7401557 504.00 4441
1681054464.7416189 504.00 4447
1681054464.7429616 504.00 4453
1681054464.7442992 504.00 4459
1681054464.7456617 504.00 4465
1681054464.7471936 504.00 4471
1681054464.748704 504.00 4477
1681054464.7499628 505.00 4485
1681054464.7511775 504.00 4491
1681054464.7524052 504.00 4497
1681054464.7536397 504.00 4503
1681054464.8207846 504.00 4509
1681054464.8225615 504.00 4515
1681054464.8240654 504.00 4521
1681054464.8254976 504.00 4529
1681054464.8268762 504.00 4535
1681054464.8281271 504.00 4541
1681054464.8294325 504.00 4547
1681054464.830906 503.00 4553
1681054464.832367 504.00 4559
1681054464.8336766 504.00 4566
1681054464.8349438 504.00 4573
1681054464.8362525 504.00 4579
1681054464.8376691 503.00 4585
1681054464.9047785 504.00 4591
1681054464.9064336 504.00 4597
1681054464.9077158 503.00 4603
1681054464.9089818 504.00 4610
1681054464.9102657 504.00 4617
1681054464.911548 504.00 4623
1681054464.913005 504.00 4629
1681054464.9144988 504.00 4635
1681054464.9157665 504.00 4641
1681054464.9170249 504.00 4647
1681054464.9184315 504.00 4654
1681054464.91982 504.00 4661
1681054464.9210835 504.00 4667
1681054464.9223943 504.00 4673
1681054464.9900193 504.00 4679
1681054464.9913585 504.00 4685
1681054464.9926438 504.00 4691
1681054464.9940841 504.00 4698
1681054464.9954655 504.00 4705
1681054464.9967554 504.00 4711
1681054464.9980633 504.00 4717
1681054464.999397 504.00 4723
1681054465.0007596 504.00 4729
1681054465.0020633 503.00 4736
1681054465.0034988 504.00 4742
1681054465.00477 504.00 4749
1681054465.0061793 504.00 4755
1681054465.073275 504.00 4761
1681054465.0741692 504.00 4767
1681054465.0749002 504.00 4773
1681054465.0756395 504.00 4780
1681054465.0762284 504.00 4786
1681054465.07681 504.00 4793
1681054465.0773954 504.00 4799
1681054465.077966 504.00 4805
1681054465.0785396 504.00 4811
1681054465.079106 504.00 4817
1681054465.0796983 504.00 4824
1681054465.0802689 504.00 4830
1681054465.0808446 504.00 4837
1681054465.0813284 504.00 4843
1681054465.158676 503.00 4849
1681054465.1601367 504.00 4855
1681054465.161502 504.00 4861
1681054465.1630676 504.00 4868
1681054465.1645725 504.00 4874
1681054465.1659307 504.00 4881
1681054465.1672385 504.00 4887
1681054465.1685755 504.00 4893
1681054465.169836 504.00 4899
1681054465.1710856 504.00 4905
1681054465.1722832 504.00 4912
1681054465.1735296 504.00 4918
1681054465.174746 504.00 4925
1681054465.2422194 504.00 4931
1681054465.2440329 504.00 4937
1681054465.2455726 504.00 4943
1681054465.246978 504.00 4950
1681054465.248587 504.00 4956
1681054465.2500143 504.00 4962
1681054465.2513814 504.00 4969
1681054465.2527673 504.00 4975
1681054465.2541742 504.00 4981
1681054465.2555668 504.00 4987
1681054465.256942 504.00 4994
1681054465.2583356 504.00 5000
1681054465.2596703 504.00 5006
1681054465.2610183 504.00 5013
1681054465.3275506 504.00 5019
1681054465.3291614 504.00 5025
1681054465.330723 504.00 5031
1681054465.3321202 504.00 5038
1681054465.3335168 504.00 5044
1681054465.3349323 504.00 5050
1681054465.3363168 504.00 5057
1681054465.3376665 504.00 5063
1681054465.3390346 503.00 5069
1681054465.340437 504.00 5075
1681054465.3417332 504.00 5082
1681054465.3431382 504.00 5088
1681054465.344454 504.00 5094
1681054465.4115317 504.00 5101
1681054465.413195 504.00 5107
1681054465.4146547 504.00 5113
1681054465.4160542 504.00 5120
1681054465.417461 505.00 5126
1681054465.4188273 505.00 5132
1681054465.42019 506.00 5138
1681054465.421532 506.00 5145
1681054465.422792 507.00 5151
1681054465.424064 507.00 5157
1681054465.425406 508.00 5164
1681054465.426667 509.00 5170
1681054465.42792 510.00 5176
1681054465.4948497 511.00 5182
1681054465.4967082 511.00 5189
1681054465.498187 512.00 5195
1681054465.4995668 512.00 5201
1681054465.5009868 513.00 5208
1681054465.5024202 514.00 5214
1681054465.5038846 514.00 5220
1681054465.5053337 515.00 5226
1681054465.5067477 515.00 5233
1681054465.5081258 516.00 5239
1681054465.5094686 516.00 5245
1681054465.5108032 517.00 5252
1681054465.5121074 518.00 5258
1681054465.513546 518.00 5264
1681054465.580265 519.00 5270
1681054465.58187 519.00 5277
1681054465.583258 520.00 5283
1681054465.5846648 521.00 5289
1681054465.5860615 522.00 5296
1681054465.587476 522.00 5302
1681054465.588957 523.00 5308
1681054465.5903919 523.00 5314
1681054465.5917547 524.00 5321
1681054465.5931027 524.00 5327
1681054465.5945032 524.00 5334
1681054465.595958 524.00 5340
1681054465.59724 524.00 5346
1681054465.6636183 524.00 5352
1681054465.6651223 525.00 5358
1681054465.666459 525.00 5364
1681054465.667728 526.00 5371
1681054465.668988 526.00 5378
1681054465.6703768 526.00 5384
1681054465.6716268 526.00 5390
1681054465.6728704 526.00 5396
1681054465.674145 527.00 5402
1681054465.675419 528.00 5408
1681054465.6766675 527.00 5415
1681054465.677962 527.00 5422
1681054465.6793945 528.00 5428
1681054465.6806893 528.00 5434
1681054465.7489557 528.00 5440
1681054465.7504368 528.00 5446
1681054465.7517703 528.00 5452
1681054465.7530823 529.00 5459
1681054465.754398 529.00 5466
1681054465.7556849 529.00 5472
1681054465.756967 529.00 5478
1681054465.7582817 529.00 5484
1681054465.7595685 529.00 5490
1681054465.7608597 529.00 5496
1681054465.7621675 529.00 5504
1681054465.7635076 529.00 5510
1681054465.7648218 529.00 5516
1681054465.8329678 530.00 5522
1681054465.8345096 530.00 5528
1681054465.8359594 530.00 5534
1681054465.837421 530.00 5540
1681054465.8388503 530.00 5548
1681054465.8401697 530.00 5554
1681054465.8414786 530.00 5560
1681054465.8427765 530.00 5566
1681054465.8440745 530.00 5572
1681054465.8454595 530.00 5578
1681054465.8468428 530.00 5584
1681054465.8481536 530.00 5592
1681054465.8494766 530.00 5598
1681054465.9163203 530.00 5604
1681054465.9178057 530.00 5610
1681054465.9190607 530.00 5616
1681054465.92028 530.00 5622
1681054465.921523 531.00 5628
1681054465.9227421 531.00 5636
1681054465.9239476 531.00 5642
1681054465.9251595 531.00 5648
1681054465.9264758 531.00 5654
1681054465.9276783 531.00 5660
1681054465.9289181 531.00 5666
1681054465.930189 531.00 5672
1681054465.931387 531.00 5680
1681054465.9326003 531.00 5686
1681054466.0018754 531.00 5692
1681054466.003386 531.00 5698
1681054466.004715 531.00 5704
1681054466.0060568 531.00 5710
1681054466.007477 531.00 5716
1681054466.008785 531.00 5724
1681054466.0101159 531.00 5730
1681054466.0114348 531.00 5736
1681054466.0127947 531.00 5742
1681054466.0142262 531.00 5748
1681054466.0155456 531.00 5754
1681054466.0168452 531.00 5761
1681054466.0181606 531.00 5768
1681054466.0850747 531.00 5774
1681054466.0866828 531.00 5780
1681054466.0880177 531.00 5786
1681054466.0893695 531.00 5792
1681054466.0908186 531.00 5798
1681054466.0921297 531.00 5805
1681054466.093464 531.00 5812
1681054466.0948062 531.00 5818
1681054466.0961888 531.00 5824
1681054466.097515 531.00 5830
1681054466.0988271 532.00 5836
1681054466.1002812 531.00 5842
1681054466.1017647 531.00 5849
1681054466.1030672 531.00 5856
1681054466.1697857 531.00 5862
1681054466.1705399 531.00 5868
1681054466.171397 531.00 5874
1681054466.172284 531.00 5880
1681054466.1731622 531.00 5886
1681054466.174053 531.00 5893
1681054466.1749227 531.00 5900
1681054466.1758258 531.00 5906
1681054466.1769152 531.00 5912
1681054466.178019 531.00 5918
1681054466.179252 531.00 5924
1681054466.1804647 531.00 5931
1681054466.1816313 531.00 5937
1681054466.2544212 531.00 5944
1681054466.255944 531.00 5950
1681054466.2574263 531.00 5956
1681054466.2588713 531.00 5962
1681054466.2602699 531.00 5968
1681054466.2617707 531.00 5975
1681054466.2632973 531.00 5981
1681054466.2646236 531.00 5988
1681054466.2659516 531.00 5994
1681054466.26735 531.00 6000
1681054466.2686572 531.00 6006
1681054466.2700078 531.00 6012
1681054466.2713203 531.00 6019
1681054466.337772 531.00 6025
1681054466.3394732 531.00 6032
1681054466.3409324 531.00 6038
1681054466.3424187 531.00 6044
1681054466.3437607 531.00 6050
1681054466.345065 531.00 6056
1681054466.3464847 531.00 6063
1681054466.3478186 531.00 6069
1681054466.3491323 531.00 6076
1681054466.350491 531.00 6082
1681054466.3517945 531.00 6088
1681054466.3530798 531.00 6094
1681054466.354343 531.00 6100
1681054466.355536 531.00 6107
1681054466.4230592 531.00 6113
1681054466.4244192 531.00 6120
1681054466.4257805 532.00 6126
1681054466.4269812 531.00 6132
1681054466.428176 531.00 6138
1681054466.4294972 532.00 6145
1681054466.4307292 531.00 6151
1681054466.431931 531.00 6157
1681054466.4332197 531.00 6164
1681054466.4344552 531.00 6170
1681054466.4356651 531.00 6176
1681054466.4368722 531.00 6182
1681054466.4381115 531.00 6189
1681054466.5066273 531.00 6195
1681054466.5081918 531.00 6201
1681054466.5095398 531.00 6208
1681054466.5108793 531.00 6214
1681054466.5122526 531.00 6220
1681054466.5136116 531.00 6226
1681054466.5148377 531.00 6233
1681054466.516035 531.00 6239
1681054466.5173721 531.00 6245
1681054466.5186012 532.00 6252
1681054466.5198262 531.00 6258
1681054466.521031 532.00 6264
1681054466.5222723 531.00 6270
1681054466.5234978 531.00 6277
1681054466.5917363 532.00 6283
1681054466.593096 532.00 6289
1681054466.594468 532.00 6296
1681054466.5960448 531.00 6302
1681054466.597429 531.00 6308
1681054466.5988007 532.00 6315
1681054466.600202 532.00 6321
1681054466.6016057 531.00 6327
1681054466.6029105 531.00 6333
1681054466.6042502 531.00 6340
1681054466.6055815 531.00 6346
1681054466.6068468 531.00 6352
1681054466.6081061 532.00 6359
1681054466.6752138 531.00 6365
1681054466.6767895 531.00 6371
1681054466.6782088 532.00 6377
1681054466.6798866 531.00 6384
1681054466.6813264 532.00 6390
1681054466.682663 532.00 6396
1681054466.683969 531.00 6403
1681054466.6852536 532.00 6409
1681054466.6864781 531.00 6415
1681054466.6876793 531.00 6421
1681054466.6888845 531.00 6428
1681054466.690108 531.00 6434
1681054466.69133 532.00 6440
1681054466.759241 532.00 6447
1681054466.761022 531.00 6453
1681054466.762446 532.00 6459
1681054466.7637954 532.00 6465
1681054466.7651253 532.00 6472
1681054466.7664866 531.00 6478
1681054466.7677402 532.00 6484
1681054466.7690375 531.00 6491
1681054466.770316 532.00 6497
1681054466.7715104 532.00 6503
1681054466.772701 532.00 6509
1681054466.7739277 532.00 6516
1681054466.775229 532.00 6522
1681054466.7764318 532.00 6529
1681054466.8445337 532.00 6535
1681054466.8461075 531.00 6541
1681054466.8475664 532.00 6547
1681054466.8488915 531.00 6553
1681054466.8502402 532.00 6560
1681054466.8514965 532.00 6566
1681054466.852697 532.00 6573
1681054466.8539186 532.00 6579
1681054466.8551497 531.00 6585
1681054466.8563652 532.00 6591
1681054466.8575885 532.00 6597
1681054466.8587976 532.00 6604
1681054466.8600147 532.00 6610
1681054466.927986 532.00 6617
1681054466.9297092 532.00 6623
1681054466.9316766 531.00 6629
1681054466.933031 531.00 6635
1681054466.934404 531.00 6641
1681054466.9357104 532.00 6648
1681054466.9370162 532.00 6654
1681054466.9384146 532.00 6661
1681054466.9397523 532.00 6667
1681054466.9409733 532.00 6673
1681054466.942223 532.00 6679
1681054466.9434316 532.00 6685
1681054466.9446585 531.00 6692
1681054466.9459794 532.00 6699
1681054467.0134454 531.00 6705
1681054467.0147388 532.00 6711
1681054467.0159721 532.00 6717
1681054467.017224 531.00 6723
1681054467.0185566 532.00 6729
1681054467.0198743 531.00 6736
1681054467.0211277 532.00 6743
1681054467.0223718 532.00 6749
1681054467.0235658 532.00 6755
1681054467.0247595 532.00 6761
1681054467.0259902 532.00 6767
1681054467.027185 532.00 6773
1681054467.0284286 532.00 6780
1681054467.0966637 531.00 6787
1681054467.098311 532.00 6793
1681054467.0996757 532.00 6799
1681054467.101018 532.00 6805
1681054467.1025116 531.00 6811
1681054467.1038578 532.00 6817
1681054467.105208 531.00 6824
1681054467.106546 532.00 6831
1681054467.1077888 532.00 6837
1681054467.1090226 532.00 6843
1681054467.1102765 531.00 6849
1681054467.1116567 532.00 6855
1681054467.1130955 532.00 6861
1681054467.1806788 531.00 6868
1681054467.182275 531.00 6875
1681054467.1835964 531.00 6881
1681054467.1848671 531.00 6887
1681054467.1861582 532.00 6893
1681054467.1874082 532.00 6899
1681054467.1886754 531.00 6905
1681054467.189954 532.00 6913
1681054467.1912022 532.00 6919
1681054467.1924772 532.00 6925
1681054467.1937413 531.00 6931
1681054467.195023 532.00 6937
1681054467.1965127 532.00 6943
1681054467.1978106 532.00 6949
1681054467.2661526 531.00 6957
1681054467.267668 532.00 6963
1681054467.269048 532.00 6969
1681054467.270506 532.00 6975
1681054467.2718704 532.00 6981
1681054467.2732172 532.00 6987
1681054467.2746277 532.00 6993
1681054467.2759933 532.00 7001
1681054467.2778778 532.00 7007
1681054467.2794664 532.00 7013
1681054467.2807682 532.00 7019
1681054467.2820735 532.00 7025
1681054467.283346 532.00 7031
1681054467.3494554 532.00 7037
1681054467.3510728 532.00 7045
1681054467.3524811 532.00 7051
1681054467.353881 532.00 7057
1681054467.3551328 532.00 7063
1681054467.3565235 531.00 7069
1681054467.3578389 532.00 7075
1681054467.3591156 531.00 7081
1681054467.3604014 532.00 7089
1681054467.361681 532.00 7095
1681054467.3629394 531.00 7101
1681054467.3642375 532.00 7107
1681054467.365547 531.00 7113
1681054467.366796 532.00 7119
1681054467.4348142 532.00 7126
1681054467.4363668 532.00 7133
1681054467.4378874 531.00 7139
1681054467.4392898 532.00 7145
1681054467.440737 532.00 7151
1681054467.4420733 532.00 7157
1681054467.443416 531.00 7163
1681054467.4447877 531.00 7170
1681054467.4463296 532.00 7177
1681054467.4476466 532.00 7183
1681054467.4489412 531.00 7189
1681054467.450289 532.00 7195
1681054467.451689 532.00 7201
1681054467.5181098 532.00 7207
1681054467.5196753 532.00 7214
1681054467.5227816 532.00 7221
1681054467.5243053 532.00 7227
1681054467.5257285 532.00 7233
1681054467.5270622 532.00 7239
1681054467.5284233 532.00 7245
1681054467.5298085 532.00 7251
1681054467.5311196 532.00 7258
1681054467.5324168 532.00 7265
1681054467.5338168 532.00 7271
1681054467.535171 531.00 7277
1681054467.5364728 532.00 7283
1681054467.6022074 531.00 7289
1681054467.603977 531.00 7296
1681054467.6054058 532.00 7302
1681054467.6068213 532.00 7309
1681054467.6082025 531.00 7315
1681054467.6096113 532.00 7321
1681054467.6109896 532.00 7327
1681054467.6124048 532.00 7333
1681054467.6139781 531.00 7340
1681054467.615347 532.00 7346
1681054467.616566 532.00 7353
1681054467.6177976 532.00 7359
1681054467.619004 531.00 7365
1681054467.620215 531.00 7371
1681054467.68741 532.00 7377
1681054467.688848 532.00 7384
1681054467.690273 532.00 7390
1681054467.6916764 532.00 7397
1681054467.6930962 532.00 7403
1681054467.6945093 532.00 7409
1681054467.6960394 532.00 7415
1681054467.697615 531.00 7421
1681054467.6990156 532.00 7428
1681054467.700277 532.00 7434
1681054467.701593 532.00 7441
1681054467.7028558 532.00 7447
1681054467.7040951 532.00 7453
1681054467.7708828 532.00 7459
1681054467.7725224 532.00 7465
1681054467.7739468 532.00 7472
1681054467.7752154 531.00 7478
1681054467.7764611 532.00 7485
1681054467.7780252 532.00 7491
1681054467.7794034 531.00 7497
1681054467.7806935 532.00 7503
1681054467.78199 532.00 7510
1681054467.7832458 532.00 7516
1681054467.7845285 532.00 7522
1681054467.7858036 532.00 7529
1681054467.7870638 532.00 7535
1681054467.78831 532.00 7541
1681054467.856085 532.00 7547
1681054467.857464 532.00 7554
1681054467.8587873 532.00 7560
1681054467.8601732 532.00 7566
1681054467.8618379 532.00 7573
1681054467.8631747 532.00 7579
1681054467.8644884 531.00 7585
1681054467.8658276 532.00 7591
1681054467.867112 532.00 7598
1681054467.8683 531.00 7604
1681054467.8695033 531.00 7610
1681054467.8706992 531.00 7617
1681054467.871888 532.00 7623
1681054467.9395807 531.00 7629
1681054467.9413667 532.00 7635
1681054467.942782 531.00 7642
1681054467.9441864 531.00 7648
1681054467.9457471 532.00 7654
1681054467.9472775 532.00 7661
1681054467.9486034 531.00 7667
1681054467.949967 532.00 7673
1681054467.9512794 532.00 7680
1681054467.952577 532.00 7686
1681054467.9538386 532.00 7692
1681054467.955036 532.00 7698
1681054467.9562378 531.00 7705
1681054468.0235775 531.00 7711
1681054468.0254154 532.00 7717
1681054468.0269291 532.00 7724
1681054468.0284202 532.00 7730
1681054468.0299182 532.00 7736
1681054468.0312364 532.00 7742
1681054468.0325387 531.00 7749
1681054468.0338922 532.00 7755
1681054468.035201 532.00 7761
1681054468.036505 532.00 7768
1681054468.0378504 532.00 7774
1681054468.0390654 531.00 7780
1681054468.0402908 532.00 7786
1681054468.041536 531.00 7793
1681054468.1088588 532.00 7799
1681054468.1102812 532.00 7805
1681054468.1117682 531.00 7812
1681054468.1132338 532.00 7818
1681054468.1145732 532.00 7824
1681054468.11588 532.00 7830
1681054468.117194 532.00 7837
1681054468.1185312 532.00 7843
1681054468.1197562 532.00 7849
1681054468.120955 532.00 7856
1681054468.1222494 531.00 7862
1681054468.1234674 531.00 7868
1681054468.124665 532.00 7874
1681054468.1923354 532.00 7881
1681054468.193954 532.00 7887
1681054468.1953135 532.00 7894
1681054468.1966372 532.00 7900
1681054468.1979604 532.00 7906
1681054468.1992576 532.00 7912
1681054468.2006526 531.00 7918
1681054468.2021732 532.00 7925
1681054468.2034335 532.00 7931
1681054468.2046285 531.00 7938
1681054468.2058594 531.00 7944
1681054468.2070625 532.00 7950
1681054468.2082617 532.00 7956
1681054468.2094786 532.00 7962
1681054468.2778046 531.00 7969
1681054468.2793314 531.00 7975
1681054468.280794 532.00 7982
1681054468.2821233 531.00 7988
1681054468.283425 532.00 7994
1681054468.2847042 532.00 8000
1681054468.286009 532.00 8006
1681054468.2872968 532.00 8013
1681054468.2885766 531.00 8019
1681054468.2898796 532.00 8026
1681054468.2911704 532.00 8032
1681054468.292501 532.00 8038
1681054468.293716 532.00 8044
1681054468.3610067 532.00 8050
1681054468.3627803 531.00 8057
1681054468.3641732 532.00 8064
1681054468.3654895 532.00 8070
1681054468.3667128 531.00 8076
1681054468.3679152 532.00 8082
1681054468.3691149 532.00 8088
1681054468.3703582 532.00 8094
1681054468.3715558 532.00 8101
1681054468.3727481 532.00 8108
1681054468.3739772 532.00 8114
1681054468.3751838 532.00 8120
1681054468.3764107 532.00 8126
1681054468.3777587 532.00 8132
1681054468.4464636 531.00 8138
1681054468.4477801 532.00 8145
1681054468.4489956 531.00 8152
1681054468.4502459 532.00 8158
1681054468.4514532 532.00 8164
1681054468.4526563 532.00 8170
1681054468.453892 532.00 8176
1681054468.455091 531.00 8182
1681054468.4564943 531.00 8189
1681054468.4578636 532.00 8196
1681054468.4591339 531.00 8202
1681054468.4603426 531.00 8208
1681054468.4617646 531.00 8214
1681054468.530324 532.00 8220
1681054468.5317621 532.00 8226
1681054468.5331686 532.00 8233
1681054468.534576 532.00 8240
1681054468.5359728 532.00 8246
1681054468.5375743 532.00 8252
1681054468.5390878 532.00 8258
1681054468.5404186 532.00 8264
1681054468.5416908 532.00 8270
1681054468.5429027 531.00 8278
1681054468.5441134 532.00 8284
1681054468.5453377 532.00 8290
1681054468.5465608 532.00 8296
1681054468.6137521 532.00 8302
1681054468.6153111 532.00 8308
1681054468.6166377 532.00 8314
1681054468.617972 532.00 8322
1681054468.6192782 532.00 8328
1681054468.6205733 532.00 8334
1681054468.621921 531.00 8340
1681054468.6232343 532.00 8346
1681054468.6245327 532.00 8352
1681054468.6258712 532.00 8358
1681054468.6271675 532.00 8366
1681054468.628412 531.00 8372
1681054468.6296751 532.00 8378
1681054468.6308906 532.00 8384
1681054468.6989172 531.00 8390
1681054468.7002153 531.00 8396
1681054468.7017572 532.00 8402
1681054468.703124 531.00 8410
1681054468.7043302 532.00 8416
1681054468.7055807 532.00 8422
1681054468.7068162 532.00 8428
1681054468.7080395 532.00 8434
1681054468.7092474 532.00 8440
1681054468.7104795 532.00 8446
1681054468.7117321 532.00 8454
1681054468.7132008 531.00 8460
1681054468.7144532 531.00 8466
1681054468.7825623 532.00 8472
1681054468.7843723 532.00 8478
1681054468.7858415 532.00 8484
1681054468.7872229 532.00 8491
1681054468.7885647 532.00 8498
1681054468.7898564 532.00 8504
1681054468.7911098 532.00 8510
1681054468.7924004 532.00 8516
1681054468.79371 532.00 8522
1681054468.794978 532.00 8528
1681054468.7963624 532.00 8535
1681054468.797695 532.00 8542
1681054468.7989779 532.00 8548
1681054468.8002257 532.00 8554
1681054468.8678339 532.00 8560
1681054468.8694525 532.00 8566
1681054468.8709817 532.00 8572
1681054468.872429 532.00 8579
1681054468.8738985 532.00 8585
1681054468.8752666 532.00 8592
1681054468.8767483 532.00 8598
1681054468.8782272 532.00 8604
1681054468.8796313 532.00 8610
1681054468.8810048 532.00 8616
1681054468.8824155 532.00 8623
1681054468.883811 532.00 8629
1681054468.8851583 532.00 8636
1681054468.9517798 532.00 8642
1681054468.9532185 532.00 8648
1681054468.954807 532.00 8654
1681054468.956256 532.00 8660
1681054468.9576755 532.00 8667
1681054468.9590492 532.00 8673
1681054468.9604042 531.00 8680
1681054468.9618244 532.00 8686
1681054468.9632347 531.00 8692
1681054468.9646435 532.00 8698
1681054468.9659731 532.00 8705
1681054468.967379 532.00 8711
1681054468.9687 532.00 8717
1681054469.0352132 531.00 8724
1681054469.0368547 532.00 8730
1681054469.038238 532.00 8736
1681054469.039549 532.00 8742
1681054469.0409434 532.00 8749
1681054469.042385 532.00 8755
1681054469.043721 531.00 8761
1681054469.045026 531.00 8768
1681054469.0463524 532.00 8774
1681054469.0476532 532.00 8780
1681054469.048975 532.00 8786
1681054469.0503037 531.00 8793
1681054469.051516 532.00 8799
1681054469.0527232 532.00 8805
1681054469.1204116 532.00 8812
1681054469.121791 532.00 8818
1681054469.1231823 532.00 8824
1681054469.1244419 532.00 8830
1681054469.1257572 532.00 8837
1681054469.1270242 531.00 8843
1681054469.1282825 532.00 8849
1681054469.129749 532.00 8856
1681054469.1310263 532.00 8862
1681054469.1322777 532.00 8868
1681054469.1335654 531.00 8875
1681054469.1348042 532.00 8881
1681054469.136053 532.00 8887
1681054469.2039332 532.00 8893
1681054469.2056308 532.00 8900
1681054469.207041 532.00 8906
1681054469.2084181 532.00 8912
1681054469.2100017 532.00 8919
1681054469.2114081 532.00 8925
1681054469.2127035 531.00 8931
1681054469.2141023 532.00 8937
1681054469.215352 532.00 8944
1681054469.2166352 532.00 8950
1681054469.2179446 532.00 8956
1681054469.2192159 532.00 8963
1681054469.2204802 532.00 8969
1681054469.2218227 532.00 8975
1681054469.289353 532.00 8981
1681054469.2909431 531.00 8988
1681054469.2925334 532.00 8994
1681054469.2939968 531.00 9000
1681054469.2955234 532.00 9007
1681054469.296889 532.00 9013
1681054469.2982686 532.00 9019
1681054469.299592 532.00 9025
1681054469.3008962 531.00 9032
1681054469.3022258 531.00 9038
1681054469.3035288 532.00 9044
1681054469.3048282 532.00 9051
1681054469.306157 532.00 9057
1681054469.3731618 532.00 9063
1681054469.3746705 532.00 9069
1681054469.3760474 532.00 9076
1681054469.3774314 532.00 9082
1681054469.378814 532.00 9089
1681054469.3802445 532.00 9095
1681054469.381627 532.00 9101
1681054469.3829706 531.00 9107
1681054469.3842962 532.00 9113
1681054469.3855982 531.00 9120
1681054469.3868265 532.00 9126
1681054469.388043 532.00 9133
1681054469.3892596 532.00 9139
1681054469.4566941 531.00 9145
1681054469.4584033 532.00 9151
1681054469.459825 531.00 9157
1681054469.461472 532.00 9164
1681054469.462919 532.00 9170
1681054469.464292 532.00 9177
1681054469.4656928 531.00 9183
1681054469.4669633 532.00 9189
1681054469.4683955 532.00 9195
1681054469.4698265 532.00 9201
1681054469.4711306 532.00 9208
1681054469.4724336 532.00 9214
1681054469.473807 532.00 9221
1681054469.4751534 531.00 9227
1681054469.5419767 532.00 9233
1681054469.5433576 532.00 9239
1681054469.5447958 532.00 9245
1681054469.546278 532.00 9252
1681054469.5475724 532.00 9259
1681054469.5488307 531.00 9265
1681054469.550125 532.00 9271
1681054469.5513985 532.00 9277
1681054469.5527327 532.00 9283
1681054469.5540495 532.00 9289
1681054469.555298 531.00 9296
1681054469.5565612 531.00 9303
1681054469.5578163 532.00 9309
1681054469.62548 532.00 9315
1681054469.6271334 532.00 9321
1681054469.628691 531.00 9327
1681054469.6303658 531.00 9333
1681054469.6317794 532.00 9340
1681054469.6332045 531.00 9347
1681054469.6346664 532.00 9353
1681054469.6360295 531.00 9359
1681054469.6372807 531.00 9365
1681054469.6387343 531.00 9371
1681054469.639997 531.00 9377
1681054469.641251 532.00 9384
1681054469.642567 532.00 9391
1681054469.6438208 532.00 9397
1681054469.7108855 532.00 9403
1681054469.7129269 532.00 9409
1681054469.714724 532.00 9415
1681054469.716292 532.00 9421
1681054469.7177234 532.00 9428
1681054469.7191706 532.00 9435
1681054469.7206388 532.00 9441
1681054469.7220626 532.00 9447
1681054469.723463 532.00 9453
1681054469.7248356 532.00 9459
1681054469.726131 532.00 9465
1681054469.7275114 532.00 9473
1681054469.7288845 532.00 9479
1681054469.794071 532.00 9485
1681054469.7956328 532.00 9491
1681054469.7969131 532.00 9497
1681054469.7982247 532.00 9503
1681054469.7995088 531.00 9509
1681054469.8007836 532.00 9517
1681054469.8020961 531.00 9523
1681054469.8033578 532.00 9529
1681054469.8046412 531.00 9535
1681054469.8059363 531.00 9541
1681054469.8072076 532.00 9547
1681054469.8085306 532.00 9553
1681054469.8098214 532.00 9561
1681054469.8780544 531.00 9567
1681054469.880323 532.00 9573
1681054469.8818324 532.00 9579
1681054469.883234 532.00 9585
1681054469.8846254 532.00 9591
1681054469.886076 532.00 9597
1681054469.887508 532.00 9605
1681054469.88889 532.00 9611
1681054469.8901956 532.00 9617
1681054469.891477 532.00 9623
1681054469.8927314 532.00 9629
1681054469.8941603 531.00 9635
1681054469.8954928 531.00 9641
1681054469.8967648 532.00 9649
1681054469.9634204 532.00 9655
1681054469.964836 532.00 9661
1681054469.9662561 532.00 9667
1681054469.9676423 532.00 9673
1681054469.968999 531.00 9679
1681054469.9704401 532.00 9686
1681054469.971732 531.00 9693
1681054469.9729714 532.00 9699
1681054469.9742625 532.00 9705
1681054469.9755335 532.00 9711
1681054469.976772 532.00 9717
1681054469.9781392 532.00 9723
1681054469.9795358 532.00 9730
1681054470.0468814 532.00 9737
1681054470.0485353 532.00 9743
1681054470.0500228 532.00 9749
1681054470.051438 532.00 9755
1681054470.052793 532.00 9761
1681054470.0541701 532.00 9767
1681054470.0554955 532.00 9774
1681054470.0568063 532.00 9781
1681054470.058079 532.00 9787
1681054470.059292 532.00 9793
1681054470.0604978 532.00 9799
1681054470.0617976 532.00 9805
1681054470.063041 532.00 9811
1681054470.0646017 532.00 9818
1681054470.131975 532.00 9825
1681054470.1332307 532.00 9831
1681054470.134524 532.00 9837
1681054470.1357465 531.00 9843
1681054470.1369627 532.00 9849
1681054470.1381958 532.00 9856
1681054470.1393967 532.00 9862
1681054470.140606 532.00 9869
1681054470.141865 532.00 9875
1681054470.143207 531.00 9881
1681054470.14467 532.00 9887
1681054470.14594 532.00 9893
1681054470.1471553 531.00 9900
