1681070972.225929 498.00 1
1681070972.345967 498.00 50
1681070972.3474414 498.00 52
1681070972.3486888 498.00 53
1681070972.3498976 498.00 56
1681070972.351091 498.00 61
1681070972.3523035 498.00 65
1681070972.353502 498.00 70
1681070972.3546898 498.00 75
1681070972.3558836 498.00 80
1681070972.3570862 498.00 86
1681070972.3582692 498.00 90
1681070972.359525 498.00 95
1681070972.3609338 498.00 100
1681070972.3622057 498.00 106
1681070972.36345 498.00 111
1681070972.3647506 498.00 116
1681070972.4298246 498.00 122
1681070972.4313622 498.00 128
1681070972.4326828 498.00 134
1681070972.433949 498.00 139
1681070972.4352038 498.00 145
1681070972.4364948 498.00 150
1681070972.4378157 498.00 156
1681070972.4390907 498.00 161
1681070972.440412 498.00 167
1681070972.4416955 498.00 173
1681070972.4430206 504.00 179
1681070972.4445224 498.00 184
1681070972.4458096 498.00 190
1681070972.4470694 498.00 195
1681070972.4483697 498.00 201
1681070972.449608 498.00 206
1681070972.5146313 498.00 212
1681070972.5152056 498.00 218
1681070972.5157597 498.00 224
1681070972.5163589 498.00 229
1681070972.5169134 498.00 235
1681070972.5174615 498.00 241
1681070972.5180068 498.00 246
1681070972.518553 498.00 252
1681070972.519095 498.00 259
1681070972.5196388 498.00 264
1681070972.5201976 499.00 270
1681070972.520751 499.00 276
1681070972.521304 495.00 281
1681070972.5218863 498.00 287
1681070972.5987115 497.00 293
1681070972.600402 498.00 299
1681070972.6017146 498.00 305
1681070972.6030006 498.00 310
1681070972.6042857 498.00 316
1681070972.6055672 502.00 322
1681070972.6068304 498.00 327
1681070972.6080897 498.00 333
1681070972.609373 498.00 339
1681070972.6106954 498.00 345
1681070972.61235 496.00 351
1681070972.6136918 498.00 357
1681070972.6149879 498.00 362
1681070972.616281 498.00 368
1681070972.6174836 498.00 374
1681070972.6837826 498.00 379
1681070972.6851408 498.00 386
1681070972.6864214 498.00 391
1681070972.6877213 496.00 397
1681070972.6890504 498.00 403
1681070972.690257 498.00 408
1681070972.691415 498.00 414
1681070972.6927404 498.00 420
1681070972.6940327 498.00 425
1681070972.6952007 498.00 432
1681070972.6963868 499.00 438
1681070972.6975644 501.00 443
1681070972.6987278 498.00 449
1681070972.6998904 498.00 455
1681070972.767172 498.00 460
1681070972.7687113 498.00 466
1681070972.7699955 501.00 473
1681070972.7712595 498.00 478
1681070972.7726378 498.00 484
1681070972.7738574 498.00 489
1681070972.7751162 493.00 495
1681070972.776326 498.00 501
1681070972.777558 498.00 506
1681070972.7787158 498.00 513
1681070972.779928 498.00 519
1681070972.7811563 498.00 524
1681070972.782322 498.00 530
1681070972.783544 498.00 536
1681070972.7847579 498.00 541
1681070972.8523417 498.00 547
1681070972.8537054 498.00 553
1681070972.8550076 498.00 559
1681070972.8563125 498.00 565
1681070972.8576024 496.00 570
1681070972.8589108 498.00 576
1681070972.8604214 498.00 582
1681070972.861752 498.00 587
1681070972.8630254 498.00 593
1681070972.8643124 498.00 600
1681070972.8655944 498.00 605
1681070972.8668692 498.00 611
1681070972.8682098 498.00 617
1681070972.8694968 491.00 622
1681070972.9356267 498.00 628
1681070972.9372563 498.00 634
1681070972.9386551 498.00 640
1681070972.940014 498.00 646
1681070972.9413893 498.00 651
1681070972.9427533 498.00 657
1681070972.9441264 498.00 663
1681070972.9454675 497.00 668
1681070972.9469488 496.00 674
1681070972.9483654 495.00 680
1681070972.949744 496.00 686
1681070972.9510748 495.00 692
1681070972.9524233 496.00 698
1681070972.953833 494.00 703
1681070972.9551725 495.00 709
1681070973.0202513 496.00 715
1681070973.0218508 497.00 720
1681070973.0232365 495.00 727
1681070973.0246518 496.00 733
1681070973.0259926 495.00 738
1681070973.0273356 495.00 744
1681070973.0288205 496.00 749
1681070973.030313 496.00 755
1681070973.0316842 496.00 761
1681070973.0330868 496.00 766
1681070973.0344255 496.00 773
1681070973.0356748 495.00 779
1681070973.0369694 495.00 784
1681070973.03819 496.00 790
1681070973.039403 496.00 796
1681070973.1054857 495.00 801
1681070973.1073098 495.00 807
1681070973.108856 496.00 814
1681070973.1102083 499.00 819
1681070973.1117606 495.00 825
1681070973.1131566 496.00 831
1681070973.114495 496.00 836
1681070973.1158469 499.00 842
1681070973.1172132 498.00 847
1681070973.1185255 498.00 854
1681070973.1198642 498.00 860
1681070973.1212163 498.00 865
1681070973.1227036 498.00 871
1681070973.124043 498.00 877
1681070973.1887498 498.00 882
1681070973.1903474 499.00 888
1681070973.1916587 498.00 894
1681070973.1930857 498.00 900
1681070973.194523 498.00 906
1681070973.1958063 498.00 911
1681070973.1971316 498.00 917
1681070973.1984026 498.00 923
1681070973.1996708 498.00 928
1681070973.200963 498.00 934
1681070973.2022648 498.00 941
1681070973.203558 499.00 946
1681070973.2049274 498.00 952
1681070973.2062287 498.00 958
1681070973.2075038 498.00 963
1681070973.273865 498.00 969
1681070973.2755277 498.00 975
1681070973.2773862 498.00 980
1681070973.2788272 495.00 987
1681070973.2801182 498.00 993
1681070973.2813978 498.00 998
1681070973.2827175 498.00 1004
1681070973.2840538 498.00 1010
1681070973.2853868 498.00 1016
1681070973.2866907 498.00 1022
1681070973.2883723 498.00 1029
1681070973.289719 498.00 1035
1681070973.2910292 498.00 1041
1681070973.2923522 498.00 1047
1681070973.3582485 498.00 1053
1681070973.3596404 498.00 1059
1681070973.3618293 498.00 1065
1681070973.364307 498.00 1072
1681070973.3665247 498.00 1078
1681070973.3687897 498.00 1084
1681070973.3710585 498.00 1090
1681070973.3733785 498.00 1096
1681070973.375786 498.00 1102
1681070973.3780856 498.00 1108
1681070973.3803804 498.00 1115
1681070973.382652 498.00 1121
1681070973.3840783 498.00 1127
1681070973.386029 498.00 1132
1681070973.443305 498.00 1138
1681070973.446152 498.00 1144
1681070973.448852 498.00 1150
1681070973.4508584 498.00 1157
1681070973.452709 498.00 1163
1681070973.4542937 498.00 1169
1681070973.4556434 498.00 1175
1681070973.456817 498.00 1181
1681070973.4579477 498.00 1187
1681070973.4590898 498.00 1193
1681070973.4601748 498.00 1201
1681070973.4615092 498.00 1207
1681070973.4634955 498.00 1213
1681070973.5257423 498.00 1219
1681070973.5277655 498.00 1225
1681070973.5292137 498.00 1231
1681070973.5304534 498.00 1238
1681070973.5316691 498.00 1245
1681070973.5329108 498.00 1251
1681070973.53423 498.00 1257
1681070973.5354545 498.00 1263
1681070973.536722 498.00 1269
1681070973.5379357 498.00 1275
1681070973.5391486 498.00 1282
1681070973.5403843 498.00 1289
1681070973.5416076 498.00 1295
1681070973.5428407 498.00 1301
1681070973.611161 498.00 1307
1681070973.612584 498.00 1313
1681070973.6139314 498.00 1319
1681070973.6152854 499.00 1326
1681070973.61666 498.00 1333
1681070973.6179895 498.00 1339
1681070973.6193025 498.00 1345
1681070973.6206326 495.00 1351
1681070973.6219544 498.00 1357
1681070973.6232805 498.00 1363
1681070973.6246214 498.00 1370
1681070973.6260602 498.00 1377
1681070973.6274207 498.00 1383
1681070973.6945477 498.00 1389
1681070973.6963167 498.00 1395
1681070973.697795 498.00 1401
1681070973.699121 498.00 1408
1681070973.700577 498.00 1414
1681070973.7018874 498.00 1421
1681070973.7031898 498.00 1427
1681070973.7045095 497.00 1433
1681070973.7058222 498.00 1439
1681070973.7071326 499.00 1445
1681070973.7084587 496.00 1452
1681070973.7099988 498.00 1458
1681070973.7113748 498.00 1465
1681070973.712721 498.00 1471
1681070973.7798345 504.00 1477
1681070973.7812817 498.00 1483
1681070973.7826364 498.00 1489
1681070973.7839627 498.00 1496
1681070973.78532 499.00 1502
1681070973.7866468 498.00 1509
1681070973.7879684 498.00 1515
1681070973.78934 498.00 1521
1681070973.7906785 498.00 1527
1681070973.7921257 498.00 1533
1681070973.7936125 498.00 1540
1681070973.7948477 497.00 1546
1681070973.7960615 499.00 1553
1681070973.863877 498.00 1559
1681070973.865446 498.00 1565
1681070973.866786 500.00 1571
1681070973.8681183 498.00 1577
1681070973.8694448 498.00 1584
1681070973.8707862 498.00 1590
1681070973.8722215 502.00 1597
1681070973.8735855 498.00 1603
1681070973.8749702 498.00 1609
1681070973.8763943 498.00 1615
1681070973.8777494 498.00 1622
1681070973.8790638 498.00 1628
1681070973.8803892 498.00 1634
1681070973.9472673 498.00 1641
1681070973.9488752 499.00 1647
1681070973.9502292 498.00 1653
1681070973.951574 498.00 1659
1681070973.9529178 498.00 1666
1681070973.954245 498.00 1672
1681070973.955629 498.00 1678
1681070973.9570394 498.00 1685
1681070973.9583871 498.00 1691
1681070973.9597843 498.00 1697
1681070973.9611504 498.00 1703
1681070973.9624746 498.00 1710
1681070973.9638112 498.00 1716
1681070973.965169 498.00 1722
1681070974.0326288 498.00 1729
1681070974.0340424 498.00 1735
1681070974.0353158 492.00 1741
1681070974.0365486 498.00 1747
1681070974.0380163 498.00 1754
1681070974.039349 498.00 1760
1681070974.0406213 498.00 1766
1681070974.041845 498.00 1773
1681070974.0431795 498.00 1779
1681070974.04451 498.00 1785
1681070974.0457478 498.00 1792
1681070974.046968 498.00 1798
1681070974.048197 498.00 1804
1681070974.1159754 498.00 1810
1681070974.1177511 498.00 1817
1681070974.119179 498.00 1823
1681070974.1206796 498.00 1829
1681070974.122089 498.00 1836
1681070974.1233864 498.00 1842
1681070974.124738 498.00 1848
1681070974.1260662 498.00 1854
1681070974.1274803 498.00 1861
1681070974.1288657 498.00 1867
1681070974.130189 498.00 1873
1681070974.1315265 498.00 1880
1681070974.132858 498.00 1886
1681070974.1341672 498.00 1892
1681070974.2014143 498.00 1898
1681070974.2028024 498.00 1905
1681070974.204164 498.00 1911
1681070974.2055233 498.00 1917
1681070974.206864 498.00 1924
1681070974.2082014 498.00 1930
1681070974.2095938 498.00 1936
1681070974.2109373 498.00 1942
1681070974.2122812 498.00 1949
1681070974.2136023 498.00 1955
1681070974.21489 498.00 1961
1681070974.216098 498.00 1968
1681070974.2173452 498.00 1974
1681070974.2846863 498.00 1980
1681070974.2862656 498.00 1986
1681070974.287613 498.00 1993
1681070974.2889636 498.00 1999
1681070974.2902892 498.00 2006
1681070974.2916007 501.00 2012
1681070974.292958 498.00 2018
1681070974.2941902 499.00 2024
1681070974.295403 498.00 2030
1681070974.2966433 498.00 2037
1681070974.2978609 498.00 2043
1681070974.29907 498.00 2050
1681070974.3003092 498.00 2056
1681070974.3687634 498.00 2062
1681070974.370352 498.00 2068
1681070974.3717022 498.00 2074
1681070974.373066 498.00 2081
1681070974.3743896 499.00 2087
1681070974.3758864 498.00 2094
1681070974.3772483 498.00 2100
1681070974.3785646 498.00 2106
1681070974.3798976 498.00 2112
1681070974.3812466 498.00 2118
1681070974.3825698 498.00 2125
1681070974.383877 498.00 2131
1681070974.3852167 498.00 2138
1681070974.386595 498.00 2144
1681070974.454099 498.00 2150
1681070974.455515 498.00 2156
1681070974.4568853 498.00 2162
1681070974.458219 498.00 2169
1681070974.4597733 498.00 2176
1681070974.4611692 498.00 2182
1681070974.4625177 496.00 2188
1681070974.4638424 498.00 2194
1681070974.465171 498.00 2200
1681070974.4664826 498.00 2206
1681070974.467807 498.00 2213
1681070974.4691713 498.00 2220
1681070974.4704866 498.00 2226
1681070974.5375133 498.00 2232
1681070974.539285 498.00 2238
1681070974.540686 498.00 2244
1681070974.5421555 498.00 2250
1681070974.5436242 498.00 2257
1681070974.544984 499.00 2264
1681070974.546301 498.00 2270
1681070974.547616 498.00 2276
1681070974.5489569 498.00 2282
1681070974.5502942 498.00 2288
1681070974.551684 507.00 2294
1681070974.5530398 498.00 2301
1681070974.554355 498.00 2308
1681070974.5556889 499.00 2314
1681070974.622825 498.00 2320
1681070974.6242256 498.00 2326
1681070974.6256337 498.00 2332
1681070974.6271214 498.00 2338
1681070974.6285102 498.00 2345
1681070974.6298344 498.00 2352
1681070974.6311555 498.00 2358
1681070974.6326735 507.00 2364
1681070974.6340227 498.00 2370
1681070974.6353602 498.00 2376
1681070974.6367273 498.00 2382
1681070974.638147 498.00 2390
1681070974.6395445 498.00 2396
1681070974.706177 498.00 2402
1681070974.7079604 498.00 2408
1681070974.709637 498.00 2414
1681070974.7110062 498.00 2420
1681070974.7123637 498.00 2426
1681070974.7136953 498.00 2434
1681070974.7152803 498.00 2440
1681070974.7166626 498.00 2446
1681070974.7180054 498.00 2452
1681070974.7193305 498.00 2458
1681070974.7208083 499.00 2464
1681070974.7221556 498.00 2470
1681070974.7234678 498.00 2478
1681070974.790199 506.00 2484
1681070974.7918835 498.00 2490
1681070974.7934592 498.00 2496
1681070974.7948132 499.00 2502
1681070974.7962997 498.00 2508
1681070974.7976964 498.00 2514
1681070974.7990813 498.00 2522
1681070974.800429 498.00 2528
1681070974.801829 498.00 2534
1681070974.8032272 498.00 2540
1681070974.8045769 498.00 2546
1681070974.8058946 498.00 2552
1681070974.8073187 498.00 2558
1681070974.8088627 498.00 2566
1681070974.8757539 498.00 2572
1681070974.877442 498.00 2578
1681070974.8789482 498.00 2584
1681070974.8804727 498.00 2590
1681070974.8819478 498.00 2596
1681070974.8833148 498.00 2603
1681070974.8847857 498.00 2610
1681070974.886093 498.00 2616
1681070974.887393 498.00 2622
1681070974.888719 498.00 2628
1681070974.8900385 498.00 2634
1681070974.891396 498.00 2640
1681070974.8929484 498.00 2647
1681070974.9589007 498.00 2653
1681070974.9607093 498.00 2660
1681070974.962072 498.00 2666
1681070974.9634516 498.00 2672
1681070974.9648182 498.00 2678
1681070974.9661374 496.00 2684
1681070974.967447 498.00 2691
1681070974.9687917 498.00 2697
1681070974.9701025 498.00 2704
1681070974.9714391 498.00 2710
1681070974.9727893 498.00 2716
1681070974.9741032 498.00 2722
1681070974.9755545 498.00 2728
1681070974.9770112 498.00 2735
1681070975.044079 498.00 2742
1681070975.0455375 498.00 2748
1681070975.0470386 498.00 2754
1681070975.0484679 499.00 2760
1681070975.049879 498.00 2766
1681070975.0512626 498.00 2772
1681070975.0527856 498.00 2779
1681070975.054399 498.00 2786
1681070975.0558164 498.00 2792
1681070975.0573087 494.00 2798
1681070975.058737 498.00 2804
1681070975.0602086 498.00 2810
1681070975.0615444 498.00 2817
1681070975.1275568 498.00 2823
1681070975.1290586 498.00 2829
1681070975.130306 498.00 2836
1681070975.1315405 498.00 2842
1681070975.1328287 498.00 2848
1681070975.1340504 498.00 2854
1681070975.1352654 498.00 2861
1681070975.1364949 498.00 2867
1681070975.1377623 498.00 2873
1681070975.13897 498.00 2880
1681070975.1402042 498.00 2886
1681070975.1414711 498.00 2892
1681070975.1428516 498.00 2898
1681070975.211549 498.00 2905
1681070975.2131252 497.00 2911
1681070975.2144592 498.00 2917
1681070975.215723 498.00 2924
1681070975.2172828 498.00 2930
1681070975.2188134 498.00 2936
1681070975.2201455 498.00 2942
1681070975.221444 498.00 2949
1681070975.2227051 498.00 2955
1681070975.2239554 498.00 2961
1681070975.2255013 498.00 2968
1681070975.226793 498.00 2974
1681070975.2280633 498.00 2980
1681070975.2293549 498.00 2987
1681070975.297045 498.00 2993
1681070975.298778 498.00 2999
1681070975.300603 498.00 3005
1681070975.3020205 498.00 3012
1681070975.3033814 498.00 3018
1681070975.3048062 498.00 3024
1681070975.3061612 498.00 3031
1681070975.3075259 498.00 3037
1681070975.3089638 498.00 3043
1681070975.3103342 498.00 3049
1681070975.312002 498.00 3056
1681070975.3134782 498.00 3062
1681070975.314845 498.00 3068
1681070975.3803482 498.00 3075
1681070975.382228 498.00 3081
1681070975.383751 500.00 3087
1681070975.3852632 498.00 3093
1681070975.386697 500.00 3100
1681070975.3880382 498.00 3106
1681070975.3894057 498.00 3112
1681070975.3907087 498.00 3119
1681070975.3923285 498.00 3125
1681070975.3937173 498.00 3131
1681070975.395073 498.00 3137
1681070975.3964458 498.00 3144
1681070975.3977904 498.00 3150
1681070975.3991294 498.00 3156
1681070975.465525 498.00 3163
1681070975.4669123 498.00 3169
1681070975.468243 498.00 3175
1681070975.4695663 498.00 3181
1681070975.4708552 498.00 3188
1681070975.4721687 498.00 3194
1681070975.4734597 498.00 3201
1681070975.47482 499.00 3207
1681070975.4763522 498.00 3213
1681070975.4777224 498.00 3219
1681070975.4790392 498.00 3225
1681070975.4803152 498.00 3232
1681070975.4815283 498.00 3238
1681070975.5490503 498.00 3245
1681070975.5505898 498.00 3251
1681070975.5519109 498.00 3257
1681070975.5532463 498.00 3263
1681070975.554538 498.00 3269
1681070975.5558393 498.00 3276
1681070975.557156 498.00 3282
1681070975.558534 498.00 3289
1681070975.5600688 498.00 3295
1681070975.5614316 498.00 3301
1681070975.5627372 498.00 3307
1681070975.5640292 498.00 3313
1681070975.5653746 498.00 3320
1681070975.6330273 498.00 3326
1681070975.6347845 498.00 3333
1681070975.6362612 498.00 3339
1681070975.6377192 498.00 3345
1681070975.6390934 498.00 3351
1681070975.6403975 498.00 3357
1681070975.641901 498.00 3364
1681070975.643324 499.00 3371
1681070975.64467 498.00 3377
1681070975.6459677 498.00 3383
1681070975.647266 498.00 3389
1681070975.6485732 498.00 3395
1681070975.6498654 498.00 3401
1681070975.65116 498.00 3408
1681070975.7183297 501.00 3415
1681070975.7196848 498.00 3421
1681070975.7210271 498.00 3427
1681070975.7225404 498.00 3433
1681070975.7239609 498.00 3439
1681070975.7254546 498.00 3445
1681070975.7268894 498.00 3452
1681070975.7282207 498.00 3459
1681070975.7295413 498.00 3465
1681070975.7307785 501.00 3471
1681070975.732054 498.00 3477
1681070975.7334642 489.00 3483
1681070975.7347124 498.00 3489
1681070975.8018746 498.00 3496
1681070975.803707 498.00 3503
1681070975.8051674 498.00 3509
1681070975.8065343 498.00 3515
1681070975.8080459 498.00 3521
1681070975.8095357 498.00 3527
1681070975.8108485 498.00 3533
1681070975.8121674 498.00 3540
1681070975.8134754 500.00 3547
1681070975.8147683 498.00 3553
1681070975.8160899 498.00 3559
1681070975.8174543 498.00 3565
1681070975.818749 499.00 3571
1681070975.82004 498.00 3577
1681070975.886966 498.00 3585
1681070975.8883367 498.00 3591
1681070975.889656 498.00 3597
1681070975.8910265 498.00 3603
1681070975.8924632 498.00 3609
1681070975.8938832 498.00 3615
1681070975.8951807 498.00 3621
1681070975.8965166 503.00 3629
1681070975.8978393 498.00 3635
1681070975.899177 498.00 3641
1681070975.9004946 498.00 3647
1681070975.9017913 498.00 3653
1681070975.9030886 498.00 3659
1681070975.9704647 498.00 3665
1681070975.9722896 498.00 3673
1681070975.9738622 499.00 3679
1681070975.9753315 498.00 3685
1681070975.976774 498.00 3691
1681070975.9782917 498.00 3697
1681070975.9797115 498.00 3703
1681070975.9811182 498.00 3709
1681070975.9824705 498.00 3717
1681070975.9838533 498.00 3723
1681070975.9852765 498.00 3729
1681070975.986648 498.00 3735
1681070975.9879928 498.00 3741
1681070975.9893873 498.00 3747
1681070976.055867 497.00 3753
1681070976.0574172 498.00 3761
1681070976.0591571 498.00 3767
1681070976.0605671 498.00 3773
1681070976.062183 498.00 3779
1681070976.0635998 498.00 3785
1681070976.064937 498.00 3791
1681070976.0662384 498.00 3798
1681070976.0675428 495.00 3805
1681070976.068864 498.00 3811
1681070976.0701697 501.00 3817
1681070976.071469 498.00 3823
1681070976.0729446 498.00 3829
1681070976.139839 498.00 3835
1681070976.1413062 498.00 3842
1681070976.1427886 497.00 3849
1681070976.1441956 498.00 3855
1681070976.1455812 499.00 3861
1681070976.1469114 498.00 3867
1681070976.1482027 498.00 3873
1681070976.1494615 489.00 3879
1681070976.150732 502.00 3886
1681070976.1519814 498.00 3893
1681070976.1533954 499.00 3899
1681070976.1547022 498.00 3905
1681070976.1560261 498.00 3911
1681070976.22324 498.00 3917
1681070976.2253256 498.00 3923
1681070976.2267385 499.00 3930
1681070976.2280633 499.00 3937
1681070976.2293894 498.00 3943
1681070976.230694 496.00 3949
1681070976.2319925 498.00 3955
1681070976.2333288 498.00 3961
1681070976.2346365 498.00 3968
1681070976.2359376 498.00 3974
1681070976.2375863 498.00 3981
1681070976.238913 498.00 3987
1681070976.240267 498.00 3993
1681070976.2415907 498.00 3999
1681070976.3085222 498.00 4005
1681070976.3098903 498.00 4012
1681070976.3112116 498.00 4018
1681070976.312571 498.00 4025
1681070976.313885 498.00 4031
1681070976.3151767 498.00 4037
1681070976.316485 498.00 4043
1681070976.3177783 498.00 4049
1681070976.319422 498.00 4056
1681070976.3207839 498.00 4062
1681070976.3221214 498.00 4069
1681070976.3234553 498.00 4075
1681070976.3248005 498.00 4081
1681070976.3919172 498.00 4087
1681070976.393635 498.00 4093
1681070976.3950467 498.00 4100
1681070976.3964477 498.00 4106
1681070976.3978617 498.00 4113
1681070976.3992383 498.00 4119
1681070976.4008226 498.00 4125
1681070976.4022064 500.00 4131
1681070976.4035733 498.00 4137
1681070976.404999 498.00 4144
1681070976.4063766 498.00 4150
1681070976.4077883 498.00 4157
1681070976.409219 498.00 4163
1681070976.410637 498.00 4169
1681070976.4771643 498.00 4175
1681070976.478528 498.00 4182
1681070976.47986 498.00 4188
1681070976.4812176 499.00 4194
1681070976.4825292 498.00 4201
1681070976.4838667 498.00 4207
1681070976.4852052 498.00 4213
1681070976.486508 498.00 4219
1681070976.487816 498.00 4226
1681070976.4891868 498.00 4232
1681070976.4904902 498.00 4238
1681070976.491798 498.00 4245
1681070976.4931395 498.00 4251
1681070976.5611231 498.00 4257
1681070976.5624745 498.00 4263
1681070976.563811 498.00 4270
1681070976.565367 498.00 4276
1681070976.5668757 498.00 4282
1681070976.568234 498.00 4289
1681070976.569574 498.00 4295
1681070976.5708945 498.00 4301
1681070976.5722115 498.00 4307
1681070976.5735273 498.00 4314
1681070976.5750077 498.00 4320
1681070976.5768054 498.00 4326
1681070976.5782838 498.00 4333
1681070976.6447575 498.00 4339
1681070976.646316 498.00 4345
1681070976.6476462 498.00 4352
1681070976.6490152 498.00 4358
1681070976.6503265 498.00 4364
1681070976.6516337 498.00 4370
1681070976.6529586 498.00 4377
1681070976.6542637 498.00 4383
1681070976.655565 498.00 4389
1681070976.656881 498.00 4396
1681070976.6586497 498.00 4402
1681070976.660014 498.00 4408
1681070976.6613517 498.00 4414
1681070976.662671 498.00 4421
1681070976.7298596 498.00 4427
1681070976.7312784 498.00 4433
1681070976.7326148 498.00 4440
1681070976.7339184 498.00 4446
1681070976.7352192 498.00 4452
1681070976.736545 498.00 4458
1681070976.737873 498.00 4465
1681070976.739336 498.00 4471
1681070976.7409008 498.00 4477
1681070976.7422378 498.00 4484
1681070976.743573 498.00 4490
1681070976.744907 498.00 4496
1681070976.7462122 498.00 4502
1681070976.813452 498.00 4509
1681070976.8150299 498.00 4515
1681070976.8163798 498.00 4521
1681070976.8177636 498.00 4528
1681070976.8191457 498.00 4534
1681070976.8204553 498.00 4540
1681070976.8220952 498.00 4546
1681070976.8234785 498.00 4553
1681070976.824841 498.00 4559
1681070976.8261597 498.00 4566
1681070976.8274891 498.00 4572
1681070976.8288152 498.00 4578
1681070976.8301165 498.00 4584
1681070976.83142 498.00 4590
1681070976.8986392 498.00 4597
1681070976.8999918 494.00 4603
1681070976.9013383 498.00 4610
1681070976.9026403 498.00 4616
1681070976.9043298 498.00 4622
1681070976.9056973 498.00 4628
1681070976.9070222 498.00 4634
1681070976.908392 498.00 4641
1681070976.9097164 498.00 4647
1681070976.9110327 498.00 4654
1681070976.9123578 498.00 4660
1681070976.9136784 498.00 4666
1681070976.915276 498.00 4672
1681070976.9826617 498.00 4678
1681070976.9840348 507.00 4685
1681070976.9854233 498.00 4691
1681070976.9868355 498.00 4698
1681070976.988159 498.00 4704
1681070976.989472 498.00 4710
1681070976.9907663 498.00 4716
1681070976.9920676 498.00 4722
1681070976.993381 498.00 4729
1681070976.9946723 498.00 4736
1681070976.995957 498.00 4742
1681070976.9972508 499.00 4748
1681070976.998544 498.00 4754
1681070977.066117 498.00 4760
1681070977.0676847 498.00 4766
1681070977.0693483 498.00 4773
1681070977.0707748 498.00 4780
1681070977.0721483 498.00 4786
1681070977.0735188 498.00 4792
1681070977.0751762 498.00 4798
1681070977.0765314 498.00 4804
1681070977.077834 498.00 4810
1681070977.079135 498.00 4817
1681070977.0807126 498.00 4824
1681070977.0820587 498.00 4830
1681070977.083266 498.00 4836
1681070977.0844843 498.00 4842
1681070977.15142 498.00 4848
1681070977.152805 498.00 4854
1681070977.1541667 498.00 4861
1681070977.1554797 498.00 4868
1681070977.1568003 498.00 4874
1681070977.158095 498.00 4880
1681070977.1597626 498.00 4886
1681070977.161131 498.00 4892
1681070977.1626844 498.00 4898
1681070977.1641538 498.00 4905
1681070977.1654766 498.00 4912
1681070977.1667945 498.00 4918
1681070977.168118 498.00 4924
1681070977.2348056 498.00 4930
1681070977.2364194 498.00 4936
1681070977.2378476 498.00 4942
1681070977.2392254 498.00 4950
1681070977.2406664 498.00 4956
1681070977.2421756 498.00 4962
1681070977.2439137 498.00 4968
1681070977.2453518 498.00 4974
1681070977.2467375 498.00 4980
1681070977.2480695 498.00 4986
1681070977.249338 498.00 4994
1681070977.2505744 498.00 5000
1681070977.251834 498.00 5006
1681070977.2531157 498.00 5012
1681070977.320033 498.00 5018
1681070977.3214066 498.00 5024
1681070977.3227103 498.00 5030
1681070977.3240025 498.00 5038
1681070977.3254988 498.00 5044
1681070977.326887 498.00 5050
1681070977.3282082 498.00 5056
1681070977.3295457 498.00 5062
1681070977.3308523 498.00 5068
1681070977.3321655 498.00 5074
1681070977.3336396 498.00 5082
1681070977.3349555 498.00 5088
1681070977.336273 498.00 5094
1681070977.4036078 498.00 5100
1681070977.4053383 499.00 5106
1681070977.406786 498.00 5112
1681070977.4083881 498.00 5118
1681070977.4099636 498.00 5126
1681070977.4113984 498.00 5132
1681070977.4128594 498.00 5138
1681070977.4143136 499.00 5144
1681070977.4157846 498.00 5150
1681070977.4172447 498.00 5156
1681070977.418572 498.00 5163
1681070977.4198656 498.00 5170
1681070977.4211943 498.00 5176
1681070977.4874885 498.00 5182
1681070977.489117 498.00 5188
1681070977.4905305 498.00 5194
1681070977.4918756 498.00 5200
1681070977.4932551 498.00 5207
1681070977.4946105 498.00 5214
1681070977.495945 498.00 5220
1681070977.4973059 498.00 5226
1681070977.498639 499.00 5232
1681070977.499958 498.00 5238
1681070977.501365 498.00 5244
1681070977.5026128 498.00 5251
1681070977.5035038 498.00 5258
1681070977.5044048 498.00 5264
1681070977.5727563 498.00 5270
1681070977.5741467 498.00 5276
1681070977.5755277 498.00 5282
1681070977.5769913 498.00 5288
1681070977.5784209 498.00 5295
1681070977.5797305 498.00 5302
1681070977.5810604 498.00 5308
1681070977.5825028 498.00 5314
1681070977.5838306 498.00 5320
1681070977.5851753 498.00 5326
1681070977.586473 498.00 5332
1681070977.5878205 498.00 5339
1681070977.58915 498.00 5346
1681070977.6562543 498.00 5352
1681070977.6578424 498.00 5358
1681070977.6592078 498.00 5364
1681070977.6605964 498.00 5370
1681070977.661925 499.00 5377
1681070977.6632416 498.00 5383
1681070977.664613 498.00 5390
1681070977.66593 498.00 5396
1681070977.6672544 498.00 5402
1681070977.6685207 498.00 5408
1681070977.669775 498.00 5414
1681070977.6709983 498.00 5421
1681070977.6722429 499.00 5427
1681070977.6734724 498.00 5434
1681070977.741641 498.00 5440
1681070977.7431304 498.00 5446
1681070977.7444851 498.00 5452
1681070977.7458375 498.00 5458
1681070977.747148 498.00 5465
1681070977.748735 498.00 5471
1681070977.7501965 498.00 5478
1681070977.7515113 498.00 5484
1681070977.7528615 498.00 5490
1681070977.7541625 498.00 5496
1681070977.7554653 498.00 5502
1681070977.7567701 498.00 5509
1681070977.7581906 498.00 5515
1681070977.825084 498.00 5522
1681070977.8266225 498.00 5528
1681070977.8279462 498.00 5534
1681070977.8292835 498.00 5540
1681070977.8308585 498.00 5547
1681070977.8323374 498.00 5553
1681070977.8336549 498.00 5559
1681070977.834955 498.00 5566
1681070977.836278 498.00 5572
1681070977.8375835 498.00 5578
1681070977.8388524 498.00 5584
1681070977.840166 498.00 5591
1681070977.8413944 498.00 5597
1681070977.9089947 498.00 5603
1681070977.9105904 498.00 5610
1681070977.9119732 498.00 5616
1681070977.913368 498.00 5622
1681070977.914759 498.00 5628
1681070977.9161334 498.00 5635
1681070977.917469 498.00 5641
1681070977.918793 498.00 5647
1681070977.9201517 498.00 5654
1681070977.9214816 498.00 5660
1681070977.922823 498.00 5666
1681070977.924394 498.00 5672
1681070977.925825 498.00 5679
1681070977.9271777 498.00 5685
1681070977.994224 498.00 5691
1681070977.995621 498.00 5698
1681070977.9970236 498.00 5704
1681070977.998368 498.00 5710
1681070977.9997127 498.00 5716
1681070978.001081 498.00 5723
1681070978.0024068 498.00 5729
1681070978.00374 498.00 5735
1681070978.0051494 498.00 5742
1681070978.006452 498.00 5748
1681070978.0076509 498.00 5754
1681070978.0088928 498.00 5761
1681070978.0100896 498.00 5767
1681070978.0777261 498.00 5773
1681070978.0793996 498.00 5779
1681070978.0809271 498.00 5786
1681070978.0822735 498.00 5792
1681070978.0836167 498.00 5798
1681070978.084994 498.00 5805
1681070978.0863478 498.00 5811
1681070978.0877764 498.00 5817
1681070978.0891287 498.00 5823
1681070978.0904226 498.00 5829
1681070978.0917213 498.00 5836
1681070978.0930336 498.00 5842
1681070978.0943232 498.00 5849
1681070978.0956283 498.00 5855
1681070978.1629887 498.00 5861
1681070978.1645043 498.00 5867
1681070978.1659517 498.00 5873
1681070978.1673117 498.00 5880
1681070978.1687562 498.00 5886
1681070978.1701143 498.00 5893
1681070978.1715364 498.00 5899
1681070978.172864 498.00 5905
1681070978.1741495 498.00 5911
1681070978.1754813 498.00 5917
1681070978.1768103 498.00 5924
1681070978.178265 498.00 5931
1681070978.1795743 498.00 5937
1681070978.246505 498.00 5943
1681070978.2482948 498.00 5949
1681070978.2498212 498.00 5955
1681070978.2512631 498.00 5961
1681070978.2526536 498.00 5968
1681070978.2539911 498.00 5975
1681070978.2553103 498.00 5981
1681070978.2566876 498.00 5987
1681070978.2580223 498.00 5993
1681070978.2593372 498.00 5999
1681070978.2607293 498.00 6005
1681070978.262066 498.00 6012
1681070978.2634137 498.00 6019
1681070978.3305545 498.00 6025
1681070978.3323255 498.00 6031
1681070978.3338673 498.00 6037
1681070978.3352869 498.00 6043
1681070978.336814 498.00 6049
1681070978.3381588 498.00 6056
1681070978.3394852 498.00 6063
1681070978.3408647 498.00 6069
1681070978.342209 498.00 6075
1681070978.3435204 498.00 6081
1681070978.3449 499.00 6087
1681070978.3462374 499.00 6093
1681070978.3475702 498.00 6100
1681070978.3489192 498.00 6107
1681070978.4158278 498.00 6113
1681070978.4172847 498.00 6119
1681070978.4185991 498.00 6125
1681070978.419897 498.00 6131
1681070978.4212391 498.00 6137
1681070978.4225435 498.00 6145
1681070978.4238398 498.00 6151
1681070978.4251716 498.00 6157
1681070978.4264636 498.00 6163
1681070978.4278815 498.00 6169
1681070978.4292722 498.00 6175
1681070978.430576 498.00 6181
1681070978.4318655 498.00 6189
1681070978.4991918 498.00 6195
1681070978.500992 499.00 6201
1681070978.5024672 499.00 6207
1681070978.5038955 498.00 6213
1681070978.5053432 498.00 6219
1681070978.5067697 498.00 6225
1681070978.5083747 498.00 6233
1681070978.5099843 498.00 6239
1681070978.5114586 498.00 6245
1681070978.5128548 498.00 6251
1681070978.514157 498.00 6257
1681070978.51545 498.00 6263
1681070978.5167751 498.00 6269
1681070978.5180762 498.00 6277
1681070978.5845304 498.00 6283
1681070978.5858717 498.00 6289
1681070978.5870752 499.00 6295
1681070978.5883696 498.00 6301
1681070978.589583 498.00 6307
1681070978.5908558 498.00 6313
1681070978.5922046 498.00 6321
1681070978.5934741 498.00 6327
1681070978.594741 498.00 6333
1681070978.5959508 498.00 6339
1681070978.5971906 498.00 6345
1681070978.5983849 498.00 6351
1681070978.599576 498.00 6358
1681070978.6678715 498.00 6365
1681070978.669447 498.00 6371
1681070978.670773 498.00 6377
1681070978.672074 498.00 6383
1681070978.6734946 498.00 6389
1681070978.6750212 498.00 6395
1681070978.6763701 498.00 6402
1681070978.6776032 498.00 6409
1681070978.6789346 498.00 6415
1681070978.6801586 498.00 6421
1681070978.6813684 498.00 6427
1681070978.6825535 498.00 6433
1681070978.6837409 498.00 6439
1681070978.7519324 498.00 6446
1681070978.7535503 498.00 6453
1681070978.75487 498.00 6459
1681070978.7561848 498.00 6465
1681070978.7577746 498.00 6471
1681070978.759109 498.00 6477
1681070978.760434 498.00 6483
1681070978.761733 498.00 6490
1681070978.762917 498.00 6497
1681070978.7641215 498.00 6503
1681070978.765337 498.00 6509
1681070978.766578 498.00 6515
1681070978.7677732 498.00 6521
1681070978.7690115 498.00 6528
1681070978.837229 498.00 6534
1681070978.8387098 498.00 6541
1681070978.8400276 498.00 6547
1681070978.8413553 498.00 6553
1681070978.8426511 498.00 6559
1681070978.8439324 499.00 6565
1681070978.8452237 498.00 6572
1681070978.8465083 498.00 6578
1681070978.847786 499.00 6585
1681070978.849082 498.00 6591
1681070978.850366 498.00 6597
1681070978.8516772 498.00 6603
1681070978.852987 498.00 6609
1681070978.9206185 498.00 6616
1681070978.9221597 498.00 6622
1681070978.9234786 498.00 6629
1681070978.9251785 498.00 6635
1681070978.9265065 498.00 6641
1681070978.9278488 499.00 6647
1681070978.9293883 498.00 6653
1681070978.93087 498.00 6660
1681070978.9322467 498.00 6666
1681070978.9335814 498.00 6673
1681070978.9348752 498.00 6679
1681070978.936187 498.00 6685
1681070978.9374988 499.00 6691
1681070978.9387965 498.00 6697
1681070979.005786 498.00 6704
1681070979.007287 498.00 6710
1681070979.008795 498.00 6717
1681070979.010075 498.00 6723
1681070979.0114725 498.00 6729
1681070979.0128255 498.00 6735
1681070979.014135 498.00 6742
1681070979.0154378 498.00 6748
1681070979.016758 498.00 6754
1681070979.01806 498.00 6761
1681070979.0193508 498.00 6767
1681070979.020669 498.00 6773
1681070979.0220737 498.00 6779
1681070979.0894818 498.00 6786
1681070979.0912461 498.00 6792
1681070979.0927186 498.00 6798
1681070979.0940802 498.00 6805
1681070979.0953977 498.00 6811
1681070979.0967185 498.00 6817
1681070979.0980208 498.00 6823
1681070979.0992599 498.00 6830
1681070979.1004708 498.00 6836
1681070979.101732 498.00 6842
1681070979.1030016 498.00 6849
1681070979.1043105 498.00 6855
1681070979.1055226 498.00 6861
1681070979.106735 498.00 6867
1681070979.174592 498.00 6874
1681070979.1759539 498.00 6880
1681070979.1773162 498.00 6886
1681070979.1786237 498.00 6893
1681070979.1799214 498.00 6899
1681070979.1812563 498.00 6905
1681070979.1825488 498.00 6912
1681070979.183839 498.00 6918
1681070979.1851583 498.00 6924
1681070979.1864758 498.00 6930
1681070979.1878884 498.00 6937
1681070979.189998 498.00 6943
1681070979.1915543 498.00 6949
1681070979.2586105 498.00 6956
1681070979.260266 498.00 6962
1681070979.261766 498.00 6968
1681070979.2631726 498.00 6974
1681070979.2645457 498.00 6981
1681070979.2659194 498.00 6987
1681070979.2672703 498.00 6993
1681070979.268662 498.00 7000
1681070979.269989 498.00 7006
1681070979.271307 498.00 7012
1681070979.2726655 498.00 7018
1681070979.2739844 498.00 7025
1681070979.275306 498.00 7031
1681070979.3420274 498.00 7037
1681070979.3437126 498.00 7044
1681070979.3451474 498.00 7050
1681070979.3464422 498.00 7056
1681070979.3478322 498.00 7062
1681070979.3494601 498.00 7069
1681070979.3508158 498.00 7075
1681070979.3521333 498.00 7081
1681070979.3534548 498.00 7088
1681070979.3547585 498.00 7094
1681070979.3560593 498.00 7100
1681070979.3575957 498.00 7106
1681070979.3592186 498.00 7113
1681070979.360721 498.00 7119
1681070979.4274104 498.00 7126
1681070979.4289792 498.00 7132
1681070979.4305859 498.00 7138
1681070979.4321923 498.00 7144
1681070979.4335597 498.00 7150
1681070979.4348652 498.00 7157
1681070979.4362752 498.00 7163
1681070979.4375823 498.00 7170
1681070979.4388754 498.00 7176
1681070979.4402788 498.00 7182
1681070979.4422388 498.00 7188
1681070979.4437058 498.00 7194
1681070979.445056 498.00 7201
1681070979.5108619 498.00 7207
1681070979.5125625 498.00 7214
1681070979.513888 498.00 7220
1681070979.5168889 498.00 7226
1681070979.5182986 498.00 7232
1681070979.519616 498.00 7238
1681070979.5209348 498.00 7245
1681070979.5222356 498.00 7251
1681070979.523537 498.00 7258
1681070979.5248568 498.00 7264
1681070979.5261402 498.00 7270
1681070979.5274246 498.00 7276
1681070979.5287216 498.00 7282
1681070979.5300047 498.00 7289
1681070979.595986 498.00 7296
1681070979.5973883 498.00 7302
1681070979.5987039 498.00 7308
1681070979.5999997 498.00 7314
1681070979.601313 498.00 7320
1681070979.6026063 498.00 7326
1681070979.6039505 498.00 7333
1681070979.6054237 498.00 7340
1681070979.606915 498.00 7346
1681070979.6083562 498.00 7352
1681070979.6097407 498.00 7358
1681070979.6111393 498.00 7364
1681070979.612468 498.00 7370
1681070979.6800728 498.00 7377
1681070979.6815379 498.00 7384
1681070979.6828504 498.00 7390
1681070979.6841612 498.00 7396
1681070979.6854632 498.00 7402
1681070979.6871378 498.00 7408
1681070979.6886337 498.00 7414
1681070979.6899672 498.00 7421
1681070979.6916192 498.00 7428
1681070979.6930826 498.00 7434
1681070979.6944332 498.00 7440
1681070979.6957395 498.00 7446
1681070979.6970637 498.00 7452
1681070979.7635884 498.00 7458
1681070979.765289 499.00 7465
1681070979.766628 498.00 7472
1681070979.7679353 498.00 7478
1681070979.769644 498.00 7484
1681070979.7716634 498.00 7490
1681070979.7730658 499.00 7496
1681070979.7743802 498.00 7502
1681070979.7756798 498.00 7510
1681070979.7769883 498.00 7516
1681070979.778277 498.00 7522
1681070979.7795653 498.00 7528
1681070979.7808757 498.00 7534
1681070979.7822285 498.00 7540
1681070979.8488238 498.00 7546
1681070979.8501897 498.00 7554
1681070979.8515072 498.00 7560
1681070979.85302 498.00 7566
1681070979.8547883 498.00 7572
1681070979.8561282 498.00 7578
1681070979.8575 498.00 7584
1681070979.8588736 499.00 7590
1681070979.86025 498.00 7598
1681070979.861624 498.00 7604
1681070979.8630953 498.00 7610
1681070979.8645382 498.00 7616
1681070979.8659165 498.00 7622
1681070979.9322693 498.00 7628
1681070979.9340267 498.00 7634
1681070979.935437 498.00 7642
1681070979.9368732 498.00 7648
1681070979.9382367 498.00 7654
1681070979.939577 498.00 7660
1681070979.9410143 498.00 7666
1681070979.9423687 498.00 7672
1681070979.9437394 498.00 7678
1681070979.9452567 498.00 7686
1681070979.9466903 498.00 7692
1681070979.9480526 498.00 7698
1681070979.949448 498.00 7704
1681070979.9508214 498.00 7710
1681070980.0173988 498.00 7716
1681070980.018937 498.00 7723
1681070980.0204384 498.00 7730
1681070980.0219052 498.00 7736
1681070980.023226 498.00 7742
1681070980.0245953 498.00 7748
1681070980.0259154 498.00 7754
1681070980.0272584 498.00 7760
1681070980.0286384 498.00 7767
1681070980.0299582 498.00 7774
1681070980.0312812 498.00 7780
1681070980.032643 498.00 7786
1681070980.0339713 498.00 7792
1681070980.1014566 498.00 7798
1681070980.1028569 498.00 7804
1681070980.1042318 498.00 7811
1681070980.1055753 498.00 7818
1681070980.1069233 498.00 7824
1681070980.108296 498.00 7830
1681070980.1096969 498.00 7836
1681070980.1110322 498.00 7842
1681070980.1123984 498.00 7848
1681070980.1137452 498.00 7855
1681070980.115076 498.00 7862
1681070980.1164193 498.00 7868
1681070980.117759 498.00 7874
1681070980.1849577 498.00 7880
1681070980.1865563 498.00 7886
1681070980.1879272 498.00 7892
1681070980.1893296 498.00 7899
1681070980.1907444 498.00 7906
1681070980.1921027 498.00 7912
1681070980.1934738 498.00 7918
1681070980.1948085 498.00 7924
1681070980.1961493 498.00 7930
1681070980.197475 498.00 7937
1681070980.198802 498.00 7943
1681070980.2001438 498.00 7950
1681070980.2014754 498.00 7956
1681070980.2028122 498.00 7962
1681070980.2703278 498.00 7968
1681070980.2717307 498.00 7974
1681070980.2730947 498.00 7981
1681070980.2743962 498.00 7987
1681070980.275756 498.00 7994
1681070980.2771966 498.00 8000
1681070980.2785046 498.00 8006
1681070980.279789 498.00 8012
1681070980.2812922 498.00 8018
1681070980.2831557 498.00 8025
1681070980.2847855 498.00 8031
1681070980.2861066 498.00 8038
1681070980.287562 498.00 8044
1681070980.3536167 498.00 8050
1681070980.3553784 498.00 8056
1681070980.3569531 498.00 8062
1681070980.358581 498.00 8069
1681070980.3598998 498.00 8075
1681070980.36122 498.00 8082
1681070980.3625188 498.00 8088
1681070980.3639507 498.00 8094
1681070980.3654933 498.00 8100
1681070980.3668303 498.00 8107
1681070980.3681405 498.00 8113
1681070980.369446 498.00 8119
1681070980.3707485 498.00 8126
1681070980.3720467 498.00 8132
1681070980.438875 498.00 8138
1681070980.4405959 498.00 8144
1681070980.44194 498.00 8151
1681070980.443257 498.00 8157
1681070980.4445808 498.00 8163
1681070980.4460804 498.00 8170
1681070980.447555 498.00 8176
1681070980.448902 498.00 8182
1681070980.4501996 498.00 8188
1681070980.4514928 498.00 8195
1681070980.4527981 498.00 8201
1681070980.4540877 498.00 8207
1681070980.4553745 498.00 8214
1681070980.52235 498.00 8220
1681070980.5240128 498.00 8226
1681070980.5254328 498.00 8232
1681070980.5267904 498.00 8239
1681070980.5281758 498.00 8245
1681070980.5295155 498.00 8251
1681070980.5308464 498.00 8258
1681070980.5321984 498.00 8264
1681070980.533529 498.00 8270
1681070980.534851 498.00 8276
1681070980.536196 498.00 8283
1681070980.5375354 498.00 8289
1681070980.5389502 498.00 8295
1681070980.6064374 498.00 8302
1681070980.6083694 498.00 8308
1681070980.609772 498.00 8314
1681070980.6112826 498.00 8321
1681070980.6126516 498.00 8327
1681070980.6139495 498.00 8333
1681070980.6152477 498.00 8339
1681070980.6165743 498.00 8346
1681070980.6178703 498.00 8352
1681070980.6191692 498.00 8358
1681070980.6204867 498.00 8365
1681070980.6218843 498.00 8371
1681070980.6236176 498.00 8377
1681070980.6258235 498.00 8383
1681070980.692402 498.00 8390
1681070980.695153 498.00 8396
1681070980.6978242 498.00 8402
1681070980.7005205 498.00 8409
1681070980.7031522 498.00 8415
1681070980.7075062 498.00 8421
1681070980.7110605 498.00 8427
1681070980.7128694 498.00 8434
1681070980.7145085 498.00 8440
1681070980.7159982 498.00 8446
1681070980.717305 498.00 8453
1681070980.718428 498.00 8459
1681070980.719519 498.00 8465
1681070980.7750268 498.00 8471
1681070980.7760465 498.00 8478
1681070980.7769551 498.00 8484
1681070980.777782 498.00 8491
1681070980.7786007 498.00 8497
1681070980.7794106 498.00 8503
1681070980.7802286 498.00 8509
1681070980.7810411 498.00 8515
1681070980.7818487 498.00 8522
1681070980.7826555 498.00 8528
1681070980.7836244 498.00 8535
1681070980.7844715 498.00 8541
1681070980.7852867 498.00 8547
1681070980.7860966 498.00 8553
1681070980.8605173 498.00 8559
1681070980.862092 498.00 8566
1681070980.863411 498.00 8572
1681070980.8647332 498.00 8579
1681070980.866042 498.00 8585
1681070980.8673325 498.00 8591
1681070980.8686504 498.00 8597
1681070980.8699458 498.00 8603
1681070980.871234 498.00 8610
1681070980.8725488 498.00 8616
1681070980.8738577 498.00 8623
1681070980.8751612 498.00 8629
1681070980.8764884 498.00 8635
1681070980.9438195 498.00 8641
1681070980.945392 498.00 8647
1681070980.9467149 498.00 8654
1681070980.9480138 498.00 8660
1681070980.9493346 498.00 8667
1681070980.9506128 498.00 8673
1681070980.9518957 498.00 8679
1681070980.9531968 498.00 8685
1681070980.9544206 498.00 8691
1681070980.9555953 498.00 8698
1681070980.9567952 498.00 8705
1681070980.957983 498.00 8711
1681070980.9591734 498.00 8717
1681070981.0278485 498.00 8723
1681070981.0296626 498.00 8729
1681070981.0310218 498.00 8735
1681070981.0323904 498.00 8742
1681070981.0337405 498.00 8749
1681070981.0350904 498.00 8755
1681070981.0364373 498.00 8761
1681070981.0377867 498.00 8767
1681070981.039147 498.00 8773
1681070981.0406265 498.00 8779
1681070981.04197 498.00 8786
1681070981.0432935 498.00 8793
1681070981.0446033 498.00 8799
1681070981.045929 498.00 8805
1681070981.1131186 498.00 8811
1681070981.1145408 498.00 8817
1681070981.1159198 498.00 8823
1681070981.117295 498.00 8830
1681070981.1186311 498.00 8837
1681070981.1199481 498.00 8843
1681070981.1213026 498.00 8849
1681070981.1226828 498.00 8855
1681070981.124052 498.00 8861
1681070981.1254287 498.00 8867
1681070981.1267645 498.00 8875
1681070981.128087 498.00 8881
1681070981.1294656 498.00 8887
1681070981.1965473 498.00 8893
1681070981.1980922 498.00 8899
1681070981.199427 498.00 8905
1681070981.2007723 498.00 8911
1681070981.202078 498.00 8919
1681070981.203372 498.00 8925
1681070981.204785 498.00 8931
1681070981.2063851 498.00 8937
1681070981.207976 498.00 8943
1681070981.2093415 498.00 8949
1681070981.21065 498.00 8955
1681070981.2119508 498.00 8963
1681070981.2132854 498.00 8969
1681070981.2145762 498.00 8975
1681070981.2819216 498.00 8981
1681070981.2833962 498.00 8987
1681070981.2848492 498.00 8993
1681070981.2862122 499.00 8999
1681070981.2875483 498.00 9007
1681070981.2889166 498.00 9013
1681070981.290285 498.00 9019
1681070981.2916403 498.00 9025
1681070981.292992 498.00 9031
1681070981.2943156 498.00 9037
1681070981.2956529 498.00 9043
1681070981.2970135 498.00 9050
1681070981.2983758 498.00 9057
1681070981.3652816 498.00 9063
1681070981.366891 498.00 9069
1681070981.3682961 498.00 9075
1681070981.3698785 498.00 9081
1681070981.3712437 498.00 9088
1681070981.3726444 498.00 9094
1681070981.3740203 498.00 9101
1681070981.3754053 498.00 9107
1681070981.3768106 498.00 9113
1681070981.3781195 498.00 9119
1681070981.3794258 498.00 9125
1681070981.3809674 498.00 9132
1681070981.3823035 498.00 9138
1681070981.449292 498.00 9145
1681070981.4509478 498.00 9151
1681070981.4525821 498.00 9157
1681070981.4539208 498.00 9163
1681070981.455225 498.00 9169
1681070981.4566007 498.00 9176
1681070981.4579408 498.00 9182
1681070981.4592326 498.00 9189
1681070981.4605417 498.00 9195
1681070981.461853 498.00 9201
1681070981.4635522 498.00 9207
1681070981.4649422 498.00 9213
1681070981.4662704 498.00 9220
1681070981.4676495 498.00 9226
1681070981.534545 498.00 9233
1681070981.5358877 498.00 9239
1681070981.5372806 498.00 9245
1681070981.5387273 498.00 9251
1681070981.5401666 498.00 9257
1681070981.5414786 498.00 9264
1681070981.5427754 498.00 9270
1681070981.5442812 498.00 9277
1681070981.5458074 498.00 9283
1681070981.5471208 498.00 9289
1681070981.548441 498.00 9295
1681070981.5498128 499.00 9302
1681070981.551205 498.00 9308
1681070981.6180377 498.00 9314
1681070981.619796 498.00 9321
1681070981.6212695 498.00 9327
1681070981.6227005 498.00 9333
1681070981.6241045 498.00 9339
1681070981.6254947 498.00 9346
1681070981.6270502 498.00 9352
1681070981.6284149 498.00 9358
1681070981.6297376 498.00 9365
1681070981.6310387 498.00 9371
1681070981.6326509 498.00 9377
1681070981.633984 498.00 9383
1681070981.6352804 498.00 9390
1681070981.6365874 498.00 9396
1681070981.7033117 498.00 9402
1681070981.7048 498.00 9409
1681070981.7062254 498.00 9415
1681070981.707913 498.00 9421
1681070981.7095037 498.00 9427
1681070981.7110486 498.00 9434
1681070981.7124488 498.00 9440
1681070981.7138739 498.00 9446
1681070981.715186 498.00 9453
1681070981.7165067 498.00 9459
1681070981.7178123 498.00 9465
1681070981.7191067 498.00 9472
1681070981.7204328 498.00 9478
1681070981.7867925 498.00 9484
1681070981.788482 498.00 9490
1681070981.7900248 498.00 9497
1681070981.7914128 498.00 9503
1681070981.793563 498.00 9509
1681070981.795504 498.00 9516
1681070981.7968795 498.00 9522
1681070981.7981937 498.00 9528
1681070981.7994928 498.00 9534
1681070981.8008149 498.00 9541
1681070981.802139 498.00 9547
1681070981.8035326 498.00 9553
1681070981.804874 498.00 9560
1681070981.8707561 498.00 9566
1681070981.8726213 498.00 9572
1681070981.8740718 498.00 9578
1681070981.8754196 498.00 9585
1681070981.876793 498.00 9591
1681070981.8781245 498.00 9597
1681070981.8794425 498.00 9604
1681070981.8808148 498.00 9610
1681070981.8821604 498.00 9616
1681070981.8834808 498.00 9622
1681070981.8848755 498.00 9629
1681070981.8862143 498.00 9635
1681070981.8875372 498.00 9641
1681070981.8888903 498.00 9648
1681070981.9560964 498.00 9654
1681070981.958037 498.00 9660
1681070981.9595017 498.00 9666
1681070981.9609892 498.00 9673
1681070981.9625242 498.00 9679
1681070981.9639463 498.00 9686
1681070981.9653423 498.00 9692
1681070981.9667068 498.00 9698
1681070981.968197 498.00 9704
1681070981.9696395 498.00 9710
1681070981.9709578 498.00 9717
1681070981.972277 498.00 9723
1681070981.9735887 498.00 9730
1681070982.0395398 498.00 9736
1681070982.041359 498.00 9742
1681070982.0427277 498.00 9748
1681070982.0441282 498.00 9754
1681070982.0454745 498.00 9761
1681070982.04677 498.00 9767
1681070982.0480566 498.00 9774
1681070982.049359 498.00 9780
1681070982.0507176 498.00 9786
1681070982.0520458 498.00 9792
1681070982.0533588 498.00 9798
1681070982.0546455 498.00 9805
1681070982.0559683 498.00 9811
1681070982.0573118 498.00 9818
1681070982.1244557 498.00 9824
1681070982.1254382 498.00 9830
1681070982.1264148 498.00 9836
1681070982.1273518 498.00 9842
1681070982.1282969 498.00 9849
1681070982.1290667 498.00 9856
1681070982.1297808 498.00 9862
1681070982.1304932 498.00 9868
1681070982.1312134 498.00 9874
1681070982.131954 498.00 9880
1681070982.1327298 498.00 9886
1681070982.133448 498.00 9893
1681070982.1340601 498.00 9900
1681070982.2082002 498.00 9906
1681070982.209738 498.00 9912
1681070982.2110608 498.00 9918
1681070982.212381 498.00 9924
1681070982.2136862 498.00 9930
1681070982.2150826 498.00 9937
1681070982.2164667 498.00 9944
1681070982.2177916 498.00 9950
1681070982.2190871 498.00 9956
1681070982.2204 498.00 9962
1681070982.2217412 498.00 9968
1681070982.2232487 498.00 9974
1681070982.224592 498.00 9981
1681070982.2259 498.00 9988
1681070982.2933676 498.00 9994
1681070982.2947369 498.00 10000
1681070982.296086 498.00 10006
1681070982.2974503 498.00 10013
1681070982.29882 498.00 10019
1681070982.3001616 498.00 10025
1681070982.3014822 498.00 10033
1681070982.3027854 498.00 10039
1681070982.304089 498.00 10045
1681070982.3055646 498.00 10051
1681070982.3070133 498.00 10058
1681070982.3083692 498.00 10064
1681070982.3097036 499.00 10071
1681070982.3776276 498.00 10078
1681070982.379 498.00 10084
1681070982.3804042 498.00 10090
1681070982.3817675 498.00 10097
1681070982.383084 498.00 10103
1681070982.3844137 498.00 10109
1681070982.3857775 498.00 10117
1681070982.3870995 498.00 10123
1681070982.3884857 498.00 10129
1681070982.3900306 498.00 10136
1681070982.3913991 498.00 10142
1681070982.392775 498.00 10148
1681070982.3940597 498.00 10155
1681070982.4618537 498.00 10162
1681070982.4632838 498.00 10168
1681070982.4646792 498.00 10174
1681070982.4660194 498.00 10181
1681070982.4674366 498.00 10187
1681070982.4687881 498.00 10193
1681070982.470102 498.00 10201
1681070982.471416 498.00 10207
1681070982.4729862 498.00 10213
1681070982.4744945 498.00 10220
1681070982.4758267 498.00 10226
1681070982.4772193 498.00 10232
1681070982.4785416 498.00 10238
1681070982.5457685 498.00 10246
1681070982.5466988 498.00 10252
1681070982.5476058 498.00 10258
1681070982.548582 498.00 10265
1681070982.5497081 498.00 10271
1681070982.5508335 498.00 10277
1681070982.5519707 498.00 10285
1681070982.553198 498.00 10291
1681070982.5543785 498.00 10297
1681070982.5555072 498.00 10304
1681070982.556685 498.00 10310
1681070982.5578094 498.00 10316
1681070982.5589306 498.00 10322
1681070982.630537 498.00 10330
1681070982.631953 498.00 10336
1681070982.633369 498.00 10342
1681070982.6347516 498.00 10349
1681070982.6361206 498.00 10355
1681070982.6374702 498.00 10361
1681070982.6388347 498.00 10369
1681070982.6401997 498.00 10375
1681070982.6415389 498.00 10381
1681070982.642867 498.00 10388
1681070982.6442423 498.00 10394
1681070982.645597 498.00 10400
1681070982.6469495 498.00 10406
1681070982.7147622 498.00 10414
1681070982.7161908 498.00 10420
1681070982.717547 498.00 10426
1681070982.7188683 498.00 10433
1681070982.7201948 498.00 10439
1681070982.7215471 498.00 10445
1681070982.722862 498.00 10452
1681070982.7242079 498.00 10459
1681070982.7255373 498.00 10465
1681070982.7268593 498.00 10472
1681070982.7281938 498.00 10478
1681070982.729576 498.00 10484
1681070982.7309294 498.00 10490
1681070982.7989507 498.00 10498
1681070982.8003669 498.00 10504
1681070982.801707 498.00 10510
1681070982.8030195 498.00 10517
1681070982.8043454 498.00 10523
1681070982.8056664 498.00 10529
1681070982.8069854 498.00 10536
1681070982.808319 498.00 10543
1681070982.8096604 498.00 10549
1681070982.8109791 498.00 10556
1681070982.8123338 498.00 10562
1681070982.8136673 498.00 10568
1681070982.8149745 498.00 10574
1681070982.8831623 498.00 10582
1681070982.8846915 498.00 10588
1681070982.886025 498.00 10594
1681070982.8873374 498.00 10601
1681070982.8886828 498.00 10607
1681070982.890099 498.00 10613
1681070982.8914595 498.00 10620
1681070982.8928244 498.00 10627
1681070982.8941603 498.00 10633
1681070982.8954854 498.00 10640
1681070982.896834 498.00 10646
1681070982.8981586 498.00 10652
1681070982.8994818 498.00 10659
1681070982.9674706 498.00 10665
1681070982.9688814 498.00 10672
1681070982.9702265 498.00 10678
1681070982.9715688 498.00 10685
1681070982.9729471 498.00 10691
1681070982.9743662 498.00 10697
1681070982.9756873 498.00 10704
1681070982.977042 498.00 10711
1681070982.9783728 498.00 10717
1681070982.9797015 498.00 10724
1681070982.9810462 498.00 10730
1681070982.982372 498.00 10736
1681070982.983688 498.00 10743
1681070983.051068 498.00 10749
1681070983.0526843 498.00 10756
1681070983.0540292 498.00 10762
1681070983.0553823 498.00 10769
1681070983.0569272 498.00 10775
1681070983.0586867 498.00 10781
1681070983.0600283 498.00 10788
1681070983.061398 498.00 10795
1681070983.062705 498.00 10801
1681070983.064008 498.00 10808
1681070983.0653598 498.00 10814
1681070983.0666847 498.00 10820
1681070983.0680206 498.00 10827
1681070983.135424 498.00 10833
1681070983.1372247 498.00 10840
1681070983.1387246 498.00 10846
1681070983.1404443 498.00 10853
1681070983.141825 498.00 10859
1681070983.14314 498.00 10865
1681070983.1444752 498.00 10872
1681070983.1457965 498.00 10878
1681070983.147119 498.00 10885
1681070983.148496 498.00 10892
1681070983.150126 498.00 10898
1681070983.1515021 498.00 10904
1681070983.152873 498.00 10911
1681070983.219742 498.00 10917
1681070983.2215235 498.00 10924
1681070983.223117 498.00 10930
1681070983.2245295 498.00 10937
1681070983.225866 498.00 10943
1681070983.2272723 498.00 10949
1681070983.2287486 498.00 10956
1681070983.2300937 498.00 10962
1681070983.231412 498.00 10969
1681070983.232924 498.00 10976
1681070983.234259 498.00 10982
1681070983.235525 498.00 10988
1681070983.2367792 498.00 10995
1681070983.3039632 498.00 11001
1681070983.3056862 498.00 11008
1681070983.3071513 498.00 11014
1681070983.3085232 498.00 11021
1681070983.3098922 498.00 11027
1681070983.3112395 498.00 11033
1681070983.3125992 498.00 11040
1681070983.3139257 498.00 11046
1681070983.3155937 498.00 11053
1681070983.3169842 498.00 11060
1681070983.318322 498.00 11066
1681070983.3196406 498.00 11072
1681070983.3210132 498.00 11079
1681070983.3882816 498.00 11085
1681070983.3900192 498.00 11091
1681070983.3915129 498.00 11098
1681070983.392968 498.00 11105
1681070983.394284 498.00 11111
1681070983.3955922 498.00 11117
1681070983.3969202 498.00 11124
1681070983.398465 498.00 11130
1681070983.3999782 498.00 11137
1681070983.4013453 498.00 11144
1681070983.4026804 498.00 11150
1681070983.404008 498.00 11156
1681070983.4053814 498.00 11163
1681070983.4725943 498.00 11169
1681070983.4743445 498.00 11175
1681070983.4758937 498.00 11183
1681070983.4773862 498.00 11189
1681070983.4788313 498.00 11195
1681070983.4803333 498.00 11201
1681070983.4818685 498.00 11208
1681070983.4832563 498.00 11214
1681070983.4847016 498.00 11220
1681070983.486116 498.00 11228
1681070983.487575 498.00 11234
1681070983.489063 498.00 11240
1681070983.4905212 498.00 11247
1681070983.5566802 498.00 11253
1681070983.5583053 498.00 11259
1681070983.559717 498.00 11267
1681070983.5611427 498.00 11273
1681070983.5625029 498.00 11279
1681070983.5638855 498.00 11285
1681070983.565303 498.00 11292
1681070983.5667095 498.00 11298
1681070983.5680752 498.00 11304
1681070983.5693905 498.00 11312
1681070983.5707774 498.00 11318
1681070983.5721552 498.00 11324
1681070983.5736473 498.00 11331
1681070983.6409717 498.00 11337
1681070983.6427815 498.00 11343
1681070983.6443594 498.00 11351
1681070983.6459138 498.00 11357
1681070983.6473837 498.00 11363
1681070983.6488388 498.00 11369
1681070983.650226 498.00 11376
1681070983.6516259 498.00 11382
1681070983.6530516 498.00 11388
1681070983.6544425 498.00 11396
1681070983.6558402 498.00 11402
1681070983.6572602 498.00 11408
1681070983.6586678 498.00 11415
1681070983.7252457 498.00 11421
1681070983.7270596 498.00 11427
1681070983.728565 498.00 11435
1681070983.7299917 498.00 11441
1681070983.7313647 498.00 11447
1681070983.7327764 498.00 11453
1681070983.7341359 498.00 11460
1681070983.735492 498.00 11466
1681070983.7370982 498.00 11472
1681070983.738893 499.00 11480
1681070983.7403836 498.00 11486
1681070983.741802 498.00 11492
1681070983.743184 498.00 11499
1681070983.8095431 498.00 11505
1681070983.8111684 498.00 11511
1681070983.812622 498.00 11518
1681070983.8139954 498.00 11525
1681070983.8153656 498.00 11531
1681070983.8167892 498.00 11537
1681070983.818148 498.00 11544
1681070983.8195648 498.00 11550
1681070983.8209727 498.00 11556
1681070983.8226175 498.00 11564
1681070983.824175 498.00 11570
1681070983.825602 498.00 11576
1681070983.8269777 498.00 11583
1681070983.828386 498.00 11589
1681070983.89503 498.00 11595
1681070983.8964202 498.00 11602
1681070983.897746 498.00 11609
1681070983.899056 498.00 11615
1681070983.900373 498.00 11621
1681070983.9016871 498.00 11628
1681070983.9033563 498.00 11634
1681070983.904859 498.00 11640
1681070983.9062095 498.00 11648
1681070983.9075356 498.00 11654
1681070983.9088638 498.00 11660
1681070983.9101756 498.00 11667
1681070983.911483 498.00 11673
1681070983.979227 498.00 11679
1681070983.9806187 498.00 11686
1681070983.9819455 498.00 11693
1681070983.9832566 498.00 11699
1681070983.9846408 498.00 11705
1681070983.9862869 498.00 11712
1681070983.9876657 498.00 11718
1681070983.9890199 498.00 11724
1681070983.9903529 498.00 11731
1681070983.9916744 498.00 11738
1681070983.9929802 498.00 11744
1681070983.9941883 498.00 11751
1681070983.9953964 498.00 11757
1681070984.0635753 498.00 11763
1681070984.0650263 498.00 11770
1681070984.06647 498.00 11777
1681070984.0680635 498.00 11783
1681070984.0694256 498.00 11790
1681070984.0707462 498.00 11796
1681070984.0720623 498.00 11802
1681070984.0733929 498.00 11808
1681070984.0746953 498.00 11815
1681070984.0759993 498.00 11822
1681070984.0774257 498.00 11828
1681070984.0789704 498.00 11835
1681070984.080356 498.00 11841
1681070984.1480362 498.00 11847
1681070984.149486 498.00 11854
1681070984.1508179 498.00 11860
1681070984.1521645 498.00 11867
1681070984.1536329 498.00 11874
1681070984.1554577 498.00 11880
1681070984.1580288 498.00 11886
1681070984.1598794 498.00 11892
1681070984.161282 498.00 11899
1681070984.1626208 498.00 11906
1681070984.1639423 498.00 11912
1681070984.16541 498.00 11919
1681070984.1667717 498.00 11925
