1681054707.3690145 504.00 1
1681054707.4894454 505.00 50
1681054707.491022 505.00 52
1681054707.4923034 504.00 53
1681054707.493609 505.00 56
1681054707.4948404 505.00 61
1681054707.4959989 505.00 65
1681054707.4971526 505.00 70
1681054707.4983516 505.00 75
1681054707.499688 505.00 80
1681054707.5008507 505.00 86
1681054707.5020475 504.00 90
1681054707.5032036 505.00 95
1681054707.5043652 505.00 100
1681054707.5055656 505.00 105
1681054707.5067446 505.00 110
1681054707.5079014 505.00 115
1681054707.5090609 505.00 120
1681054707.57445 504.00 125
1681054707.5757143 505.00 131
1681054707.5769346 505.00 136
1681054707.5782125 504.00 141
1681054707.5794525 505.00 147
1681054707.580689 510.00 152
1681054707.5818937 504.00 157
1681054707.5830464 504.00 163
1681054707.5841932 505.00 168
1681054707.5853422 505.00 175
1681054707.586625 504.00 180
1681054707.5878317 505.00 186
1681054707.5891328 505.00 191
1681054707.5903196 504.00 197
1681054707.5914824 502.00 202
1681054707.657917 502.00 208
1681054707.6594381 502.00 214
1681054707.660703 502.00 220
1681054707.6619916 502.00 225
1681054707.6631649 508.00 230
1681054707.6643105 502.00 236
1681054707.665459 502.00 241
1681054707.6666331 501.00 247
1681054707.6677847 501.00 253
1681054707.668935 502.00 259
1681054707.6701014 502.00 265
1681054707.6713572 502.00 271
1681054707.6726882 502.00 276
1681054707.6738956 501.00 282
1681054707.6750822 502.00 288
1681054707.7423532 502.00 293
1681054707.7437506 502.00 300
1681054707.7449327 502.00 305
1681054707.746163 502.00 311
1681054707.7473314 502.00 317
1681054707.7484932 502.00 322
1681054707.7496655 502.00 328
1681054707.7508247 502.00 334
1681054707.752053 502.00 339
1681054707.7532427 507.00 346
1681054707.7544453 502.00 352
1681054707.7558923 502.00 357
1681054707.7571602 502.00 363
1681054707.7583683 502.00 369
1681054707.7595308 502.00 374
1681054707.827503 502.00 380
1681054707.8289056 502.00 387
1681054707.8302894 502.00 392
1681054707.831611 502.00 398
1681054707.8329372 496.00 403
1681054707.8344257 502.00 409
1681054707.8358858 502.00 415
1681054707.8371263 506.00 420
1681054707.838451 502.00 427
1681054707.8397934 502.00 433
1681054707.841024 502.00 438
1681054707.8422694 502.00 444
1681054707.8434682 502.00 450
1681054707.8447108 502.00 455
1681054707.9109068 502.00 461
1681054707.9124467 502.00 467
1681054707.9137857 501.00 473
1681054707.9150872 502.00 479
1681054707.9163966 502.00 484
1681054707.9177618 502.00 490
1681054707.918985 500.00 496
1681054707.9201398 504.00 501
1681054707.9213252 502.00 507
1681054707.92263 502.00 514
1681054707.9238584 502.00 520
1681054707.925021 502.00 525
1681054707.9262319 502.00 531
1681054707.9273968 502.00 536
1681054707.9285636 502.00 542
1681054707.9959843 502.00 548
1681054707.9973466 502.00 553
1681054707.9987411 502.00 560
1681054708.0000134 502.00 566
1681054708.0012786 502.00 571
1681054708.0025609 502.00 577
1681054708.0038164 512.00 582
1681054708.005075 507.00 588
1681054708.006371 502.00 594
1681054708.0076413 502.00 600
1681054708.00891 502.00 606
1681054708.0101125 504.00 612
1681054708.0112603 502.00 617
1681054708.012408 502.00 623
1681054708.0794113 502.00 629
1681054708.0809944 502.00 634
1681054708.0823483 502.00 641
1681054708.0836654 502.00 647
1681054708.084948 502.00 652
1681054708.086706 502.00 658
1681054708.0879354 502.00 663
1681054708.0891235 502.00 669
1681054708.0903277 502.00 675
1681054708.0914996 502.00 680
1681054708.092706 502.00 687
1681054708.0940235 502.00 693
1681054708.0952318 502.00 698
1681054708.0964308 502.00 704
1681054708.0976532 502.00 710
1681054708.164527 502.00 715
1681054708.165778 504.00 721
1681054708.1669624 508.00 728
1681054708.1681175 504.00 733
1681054708.1692715 505.00 739
1681054708.1704817 505.00 744
1681054708.1716552 505.00 750
1681054708.1730316 504.00 756
1681054708.1742737 498.00 761
1681054708.1754346 504.00 768
1681054708.1765845 504.00 774
1681054708.1777768 504.00 779
1681054708.178954 504.00 785
1681054708.1801095 503.00 791
1681054708.1812556 504.00 796
1681054708.2492166 504.00 802
1681054708.250799 504.00 808
1681054708.2521718 504.00 814
1681054708.253568 504.00 820
1681054708.255237 504.00 825
1681054708.2567108 503.00 831
1681054708.258056 503.00 837
1681054708.2593513 503.00 842
1681054708.2606096 503.00 848
1681054708.2618828 503.00 855
1681054708.2631414 503.00 860
1681054708.2643993 503.00 866
1681054708.2656837 503.00 872
1681054708.2669187 503.00 877
1681054708.3323941 503.00 883
1681054708.333983 503.00 889
1681054708.335385 503.00 894
1681054708.3366928 502.00 901
1681054708.3380394 503.00 907
1681054708.3393178 503.00 912
1681054708.3405688 503.00 918
1681054708.3418033 504.00 923
1681054708.3429613 503.00 929
1681054708.3441265 503.00 935
1681054708.3452797 503.00 941
1681054708.3464603 503.00 947
1681054708.3477066 503.00 953
1681054708.3488765 503.00 958
1681054708.3501031 503.00 964
1681054708.4175425 503.00 970
1681054708.4189386 503.00 975
1681054708.4203024 503.00 982
1681054708.421775 503.00 988
1681054708.4232075 503.00 993
1681054708.4245834 501.00 999
1681054708.4259875 499.00 1005
1681054708.427348 503.00 1011
1681054708.4289713 504.00 1017
1681054708.4304118 503.00 1024
1681054708.4317982 503.00 1030
1681054708.4331057 503.00 1036
1681054708.4344747 503.00 1042
1681054708.4357436 503.00 1047
1681054708.5018823 503.00 1053
1681054708.503299 503.00 1059
1681054708.5053546 503.00 1065
1681054708.5077777 503.00 1072
1681054708.5098653 503.00 1078
1681054708.511366 503.00 1084
1681054708.5128727 507.00 1090
1681054708.5143673 503.00 1097
1681054708.515788 503.00 1103
1681054708.5170965 503.00 1110
1681054708.5184371 503.00 1116
1681054708.5196402 503.00 1122
1681054708.5208547 503.00 1128
1681054708.585175 503.00 1135
1681054708.5867808 503.00 1141
1681054708.588117 503.00 1147
1681054708.5894556 502.00 1154
1681054708.5910525 503.00 1160
1681054708.5923727 503.00 1166
1681054708.5937173 503.00 1172
1681054708.5950358 503.00 1178
1681054708.5963316 503.00 1185
1681054708.597647 503.00 1191
1681054708.598887 503.00 1198
1681054708.6000862 503.00 1204
1681054708.6012905 502.00 1210
1681054708.6025271 504.00 1216
1681054708.6704204 503.00 1222
1681054708.6718984 503.00 1229
1681054708.6732 503.00 1235
1681054708.6746056 503.00 1242
1681054708.6758296 503.00 1248
1681054708.677044 503.00 1254
1681054708.6782832 503.00 1260
1681054708.679488 503.00 1266
1681054708.680679 502.00 1273
1681054708.6818986 503.00 1280
1681054708.6831214 503.00 1286
1681054708.6843233 503.00 1292
1681054708.6855595 503.00 1298
1681054708.753979 503.00 1304
1681054708.7556906 503.00 1310
1681054708.757152 503.00 1317
1681054708.7584352 503.00 1324
1681054708.7596507 503.00 1330
1681054708.760849 503.00 1336
1681054708.7620785 503.00 1342
1681054708.7632816 503.00 1348
1681054708.7645166 503.00 1354
1681054708.7659235 503.00 1361
1681054708.7672853 503.00 1368
1681054708.7685368 504.00 1374
1681054708.7697577 503.00 1380
1681054708.7709599 503.00 1386
1681054708.839319 503.00 1392
1681054708.8408039 503.00 1398
1681054708.8420863 503.00 1405
1681054708.8432972 503.00 1412
1681054708.844529 503.00 1418
1681054708.8457506 503.00 1424
1681054708.8470113 503.00 1430
1681054708.848355 503.00 1436
1681054708.8498645 503.00 1442
1681054708.8512201 503.00 1449
1681054708.8524306 503.00 1456
1681054708.8537211 504.00 1462
1681054708.8552575 503.00 1468
1681054708.922513 503.00 1474
1681054708.92406 503.00 1480
1681054708.9253516 503.00 1486
1681054708.9266338 503.00 1494
1681054708.9278395 502.00 1500
1681054708.9291894 503.00 1506
1681054708.9306374 502.00 1512
1681054708.9318562 503.00 1518
1681054708.9330823 503.00 1524
1681054708.9343708 522.00 1530
1681054708.9357073 503.00 1538
1681054708.9369426 503.00 1544
1681054708.9382782 503.00 1550
1681054709.0066361 503.00 1556
1681054709.0083055 503.00 1562
1681054709.009756 503.00 1568
1681054709.011079 503.00 1574
1681054709.0123842 503.00 1582
1681054709.013807 503.00 1588
1681054709.0152485 503.00 1594
1681054709.0166903 503.00 1600
1681054709.0179794 503.00 1606
1681054709.0191984 503.00 1612
1681054709.020453 503.00 1618
1681054709.0218287 503.00 1626
1681054709.0230627 505.00 1632
1681054709.0242612 503.00 1638
1681054709.0918565 503.00 1644
1681054709.0932112 503.00 1650
1681054709.0945628 503.00 1656
1681054709.0958579 503.00 1662
1681054709.0973632 503.00 1670
1681054709.0987225 503.00 1676
1681054709.1000476 503.00 1682
1681054709.101268 503.00 1688
1681054709.1026368 503.00 1694
1681054709.10386 503.00 1700
1681054709.1050563 503.00 1707
1681054709.106269 503.00 1714
1681054709.10748 503.00 1720
1681054709.1754093 503.00 1726
1681054709.1771011 503.00 1732
1681054709.1786945 503.00 1738
1681054709.1800525 503.00 1744
1681054709.1814384 503.00 1751
1681054709.182858 503.00 1758
1681054709.1841598 503.00 1764
1681054709.1854527 503.00 1770
1681054709.1867838 503.00 1776
1681054709.1880808 503.00 1782
1681054709.1894288 503.00 1788
1681054709.1907601 503.00 1795
1681054709.1922264 503.00 1802
1681054709.1935596 503.00 1808
1681054709.2605476 503.00 1814
1681054709.2622285 503.00 1820
1681054709.2635622 503.00 1826
1681054709.2648647 503.00 1832
1681054709.2663693 503.00 1839
1681054709.2677488 503.00 1846
1681054709.2691305 503.00 1852
1681054709.2704659 503.00 1858
1681054709.2717307 503.00 1864
1681054709.2729285 503.00 1870
1681054709.2741892 503.00 1876
1681054709.2753956 503.00 1883
1681054709.2765796 503.00 1890
1681054709.3440058 503.00 1896
1681054709.3456562 503.00 1902
1681054709.3470042 501.00 1908
1681054709.3484044 503.00 1914
1681054709.3497112 503.00 1921
1681054709.350931 503.00 1927
1681054709.3521655 503.00 1934
1681054709.3534682 503.00 1940
1681054709.3547568 503.00 1946
1681054709.3560672 503.00 1952
1681054709.35737 503.00 1958
1681054709.3586197 503.00 1965
1681054709.359819 502.00 1971
1681054709.428049 512.00 1978
1681054709.4296758 503.00 1984
1681054709.4310546 503.00 1990
1681054709.4323905 503.00 1996
1681054709.4337542 503.00 2002
1681054709.4351375 503.00 2009
1681054709.4364867 503.00 2015
1681054709.4378495 503.00 2022
1681054709.4391906 503.00 2028
1681054709.4405105 503.00 2034
1681054709.4418619 503.00 2040
1681054709.4431934 503.00 2046
1681054709.444491 503.00 2053
1681054709.4457633 503.00 2059
1681054709.513285 503.00 2066
1681054709.5147555 503.00 2072
1681054709.5161397 503.00 2078
1681054709.517522 503.00 2084
1681054709.5188923 503.00 2091
1681054709.5202234 503.00 2097
1681054709.5216172 504.00 2103
1681054709.5229502 502.00 2110
1681054709.5242965 503.00 2116
1681054709.5255399 503.00 2122
1681054709.5267801 503.00 2128
1681054709.5280192 503.00 2135
1681054709.5292509 503.00 2141
1681054709.5968163 502.00 2147
1681054709.5984488 503.00 2154
1681054709.5997937 503.00 2160
1681054709.6011732 503.00 2166
1681054709.602518 505.00 2172
1681054709.6038697 503.00 2179
1681054709.6053958 503.00 2185
1681054709.6067793 502.00 2191
1681054709.60808 503.00 2198
1681054709.609379 502.00 2204
1681054709.610829 503.00 2210
1681054709.612074 503.00 2216
1681054709.6132767 503.00 2223
1681054709.6145494 503.00 2229
1681054709.6820183 503.00 2235
1681054709.6834173 503.00 2242
1681054709.6847374 503.00 2248
1681054709.6860874 503.00 2254
1681054709.687452 503.00 2260
1681054709.6888862 503.00 2267
1681054709.6901488 503.00 2273
1681054709.6913574 503.00 2279
1681054709.6925519 503.00 2286
1681054709.6937795 503.00 2292
1681054709.6949942 503.00 2298
1681054709.696236 503.00 2305
1681054709.697443 503.00 2311
1681054709.7654512 503.00 2317
1681054709.7670658 503.00 2323
1681054709.7683918 503.00 2330
1681054709.7697291 503.00 2336
1681054709.7712407 503.00 2342
1681054709.7726943 501.00 2349
1681054709.7740574 503.00 2355
1681054709.7753987 502.00 2361
1681054709.7768164 493.00 2367
1681054709.778143 503.00 2374
1681054709.7794278 503.00 2380
1681054709.780624 502.00 2386
1681054709.7818463 503.00 2393
1681054709.8494685 502.00 2399
1681054709.851148 505.00 2405
1681054709.8525124 503.00 2411
1681054709.8538778 503.00 2418
1681054709.8552241 502.00 2424
1681054709.8565884 503.00 2430
1681054709.8579588 503.00 2437
1681054709.8592193 502.00 2443
1681054709.8604379 503.00 2449
1681054709.8616905 503.00 2455
1681054709.8629124 503.00 2462
1681054709.8641284 503.00 2468
1681054709.8653595 503.00 2475
1681054709.8666298 503.00 2481
1681054709.934738 503.00 2487
1681054709.9361072 503.00 2493
1681054709.9376316 502.00 2499
1681054709.9390543 503.00 2506
1681054709.9403877 502.00 2512
1681054709.941788 502.00 2519
1681054709.943066 502.00 2525
1681054709.9442601 502.00 2531
1681054709.9454694 502.00 2537
1681054709.9467127 502.00 2543
1681054709.94791 502.00 2550
1681054709.9491017 502.00 2556
1681054709.950361 502.00 2563
1681054710.0182176 502.00 2569
1681054710.019826 502.00 2575
1681054710.0213664 502.00 2581
1681054710.0227542 502.00 2587
1681054710.02406 502.00 2594
1681054710.0253675 502.00 2600
1681054710.0267181 502.00 2607
1681054710.0279486 502.00 2613
1681054710.0291364 502.00 2619
1681054710.0303338 502.00 2625
1681054710.031516 502.00 2631
1681054710.032714 502.00 2638
1681054710.0339315 502.00 2644
1681054710.035137 502.00 2651
1681054710.1035016 507.00 2657
1681054710.10498 502.00 2663
1681054710.1063714 502.00 2669
1681054710.1077607 502.00 2675
1681054710.1090922 502.00 2682
1681054710.1104164 502.00 2689
1681054710.1117194 502.00 2695
1681054710.1130233 502.00 2701
1681054710.114366 502.00 2707
1681054710.1156616 501.00 2713
1681054710.1169045 502.00 2719
1681054710.1181195 502.00 2726
1681054710.1193218 502.00 2733
1681054710.1870525 502.00 2739
1681054710.1887965 502.00 2745
1681054710.1902287 502.00 2751
1681054710.1915863 503.00 2757
1681054710.1929595 502.00 2763
1681054710.194366 502.00 2770
1681054710.1957803 502.00 2777
1681054710.197227 502.00 2783
1681054710.1986227 502.00 2789
1681054710.1999083 502.00 2795
1681054710.20119 502.00 2801
1681054710.202466 502.00 2807
1681054710.2037365 502.00 2814
1681054710.2707984 502.00 2821
1681054710.2715406 502.00 2827
1681054710.2721128 502.00 2833
1681054710.2726855 502.00 2839
1681054710.2732732 502.00 2845
1681054710.2739682 502.00 2851
1681054710.2745345 502.00 2859
1681054710.2750947 502.00 2865
1681054710.2756639 502.00 2871
1681054710.276218 502.00 2877
1681054710.27677 502.00 2883
1681054710.2773252 502.00 2889
1681054710.277902 502.00 2895
1681054710.278458 502.00 2903
1681054710.3560731 502.00 2909
1681054710.3573108 502.00 2915
1681054710.3585503 502.00 2921
1681054710.359874 502.00 2927
1681054710.3611107 503.00 2933
1681054710.3623836 502.00 2939
1681054710.3635852 502.00 2947
1681054710.3647761 502.00 2953
1681054710.366016 503.00 2959
1681054710.3672118 499.00 2965
1681054710.3683999 502.00 2971
1681054710.3696213 502.00 2977
1681054710.370829 502.00 2983
1681054710.4396021 502.00 2991
1681054710.441139 502.00 2997
1681054710.4425392 502.00 3003
1681054710.4438534 502.00 3009
1681054710.445542 502.00 3015
1681054710.4468944 502.00 3021
1681054710.4482002 502.00 3027
1681054710.4495325 502.00 3035
1681054710.4508476 499.00 3041
1681054710.452084 502.00 3047
1681054710.453279 502.00 3053
1681054710.4545348 502.00 3059
1681054710.4557502 502.00 3065
1681054710.4569488 502.00 3072
1681054710.5249057 502.00 3079
1681054710.526435 502.00 3085
1681054710.5277636 502.00 3091
1681054710.5291338 502.00 3097
1681054710.5304892 502.00 3103
1681054710.5317967 502.00 3109
1681054710.5330896 502.00 3116
1681054710.5344164 502.00 3123
1681054710.5357125 503.00 3129
1681054710.5370252 502.00 3135
1681054710.5384283 502.00 3141
1681054710.5398993 502.00 3147
1681054710.541147 502.00 3153
1681054710.6083853 502.00 3160
1681054710.6099591 502.00 3167
1681054710.6112874 502.00 3173
1681054710.612586 502.00 3179
1681054710.6139302 502.00 3185
1681054710.6152966 502.00 3191
1681054710.6166127 502.00 3197
1681054710.617923 502.00 3204
1681054710.6192548 502.00 3211
1681054710.6205218 502.00 3217
1681054710.6217375 502.00 3223
1681054710.6229382 502.00 3229
1681054710.6241267 502.00 3235
1681054710.6253211 502.00 3241
1681054710.6936498 502.00 3248
1681054710.6951158 502.00 3255
1681054710.6964917 502.00 3261
1681054710.6979148 502.00 3267
1681054710.6994176 502.00 3273
1681054710.7008488 502.00 3279
1681054710.7022445 502.00 3286
1681054710.703616 502.00 3292
1681054710.7050304 502.00 3299
1681054710.7062778 502.00 3305
1681054710.707558 502.00 3311
1681054710.7088256 502.00 3317
1681054710.7101226 503.00 3323
1681054710.7777832 502.00 3330
1681054710.7791965 502.00 3336
1681054710.7805176 502.00 3343
1681054710.7821236 502.00 3349
1681054710.7835536 502.00 3355
1681054710.7848482 502.00 3361
1681054710.7861745 504.00 3367
1681054710.7875633 502.00 3374
1681054710.7891266 502.00 3380
1681054710.7904992 502.00 3387
1681054710.7916963 502.00 3393
1681054710.7928874 502.00 3399
1681054710.7940958 502.00 3405
1681054710.8611155 502.00 3411
1681054710.8627264 502.00 3418
1681054710.8640475 502.00 3424
1681054710.865603 502.00 3431
1681054710.8673651 502.00 3437
1681054710.86873 502.00 3443
1681054710.8701184 502.00 3449
1681054710.8715844 502.00 3456
1681054710.872881 502.00 3462
1681054710.8742254 508.00 3468
1681054710.8754256 502.00 3475
1681054710.8766596 502.00 3481
1681054710.87819 502.00 3487
1681054710.8797157 502.00 3493
1681054710.9465632 503.00 3500
1681054710.9484336 502.00 3506
1681054710.9497848 502.00 3512
1681054710.9511213 502.00 3519
1681054710.9524288 502.00 3525
1681054710.9537442 503.00 3531
1681054710.955253 502.00 3537
1681054710.9565456 502.00 3544
1681054710.9585495 502.00 3550
1681054710.9602995 502.00 3556
1681054710.961716 502.00 3563
1681054710.9630356 502.00 3569
1681054710.9642532 502.00 3575
1681054711.0297852 502.00 3581
1681054711.0313463 502.00 3588
1681054711.03267 502.00 3594
1681054711.034012 502.00 3600
1681054711.0353029 502.00 3607
1681054711.0365875 502.00 3613
1681054711.0381315 502.00 3619
1681054711.039593 502.00 3625
1681054711.0409694 502.00 3632
1681054711.0422792 502.00 3638
1681054711.0435202 502.00 3644
1681054711.0448136 502.00 3651
1681054711.0460956 502.00 3657
1681054711.0473397 502.00 3663
1681054711.1150832 502.00 3670
1681054711.116506 502.00 3676
1681054711.1179163 502.00 3682
1681054711.1194026 502.00 3688
1681054711.12079 502.00 3695
1681054711.1221824 502.00 3701
1681054711.1235452 502.00 3707
1681054711.1248763 502.00 3714
1681054711.1263607 502.00 3720
1681054711.1276455 502.00 3726
1681054711.128887 502.00 3732
1681054711.130152 502.00 3739
1681054711.1314182 502.00 3745
1681054711.199164 502.00 3751
1681054711.2004786 502.00 3758
1681054711.2018092 502.00 3764
1681054711.203171 502.00 3770
1681054711.204427 502.00 3776
1681054711.205756 502.00 3783
1681054711.2070506 502.00 3789
1681054711.208307 499.00 3795
1681054711.2095444 502.00 3802
1681054711.2107496 502.00 3808
1681054711.2120295 502.00 3814
1681054711.21326 502.00 3820
1681054711.2145336 502.00 3827
1681054711.282599 502.00 3833
1681054711.2842963 502.00 3840
1681054711.2856562 503.00 3846
1681054711.28709 502.00 3852
1681054711.2884223 502.00 3858
1681054711.2897315 502.00 3864
1681054711.2909937 502.00 3871
1681054711.2922337 502.00 3877
1681054711.2934556 503.00 3884
1681054711.294754 502.00 3890
1681054711.2959912 502.00 3896
1681054711.2973413 502.00 3902
1681054711.298672 502.00 3908
1681054711.2999501 503.00 3915
1681054711.367748 502.00 3921
1681054711.3691437 502.00 3928
1681054711.37067 502.00 3934
1681054711.37221 502.00 3940
1681054711.3734708 502.00 3946
1681054711.3747666 502.00 3952
1681054711.376146 502.00 3958
1681054711.3777654 503.00 3965
1681054711.3791769 502.00 3972
1681054711.3804224 502.00 3978
1681054711.381825 502.00 3984
1681054711.3831766 502.00 3990
1681054711.3844187 502.00 3996
1681054711.4512866 501.00 4002
1681054711.4529488 503.00 4009
1681054711.4543989 502.00 4016
1681054711.455792 502.00 4022
1681054711.457282 502.00 4028
1681054711.458798 502.00 4034
1681054711.460153 502.00 4040
1681054711.461576 502.00 4047
1681054711.462994 502.00 4054
1681054711.4643264 502.00 4060
1681054711.4656272 502.00 4066
1681054711.4669008 502.00 4072
1681054711.4681513 502.00 4078
1681054711.4693875 502.00 4084
1681054711.5366223 502.00 4090
1681054711.5382555 502.00 4098
1681054711.5397508 502.00 4104
1681054711.5411043 502.00 4110
1681054711.5424516 502.00 4116
1681054711.5437472 505.00 4122
1681054711.5450375 502.00 4128
1681054711.5463493 502.00 4135
1681054711.5476377 502.00 4142
1681054711.548924 502.00 4148
1681054711.550245 502.00 4154
1681054711.5516398 502.00 4160
1681054711.5529664 502.00 4166
1681054711.620529 502.00 4172
1681054711.6219382 502.00 4178
1681054711.6232674 502.00 4186
1681054711.6245713 502.00 4192
1681054711.625885 502.00 4198
1681054711.6272063 502.00 4204
1681054711.628524 502.00 4210
1681054711.6298366 502.00 4216
1681054711.6311347 502.00 4222
1681054711.63243 502.00 4230
1681054711.633741 502.00 4236
1681054711.6349459 502.00 4242
1681054711.6361604 502.00 4248
1681054711.703967 502.00 4254
1681054711.7056303 502.00 4260
1681054711.7070642 502.00 4267
1681054711.7084372 502.00 4274
1681054711.7097108 502.00 4280
1681054711.7109988 502.00 4286
1681054711.7122545 502.00 4292
1681054711.713726 502.00 4298
1681054711.7150009 502.00 4304
1681054711.7162907 502.00 4311
1681054711.7175684 502.00 4318
1681054711.7188637 502.00 4324
1681054711.72013 502.00 4330
1681054711.7213879 502.00 4336
1681054711.7891967 503.00 4342
1681054711.7905927 507.00 4348
1681054711.7918425 502.00 4355
1681054711.7930942 502.00 4362
1681054711.7943797 502.00 4368
1681054711.7956262 502.00 4374
1681054711.7969089 502.00 4380
1681054711.7982008 507.00 4386
1681054711.7994335 503.00 4392
1681054711.800635 502.00 4399
1681054711.801857 502.00 4406
1681054711.803146 502.00 4412
1681054711.8043883 502.00 4418
1681054711.8726346 502.00 4424
1681054711.8736289 502.00 4430
1681054711.874425 502.00 4436
1681054711.8752246 502.00 4443
1681054711.8760169 502.00 4450
1681054711.8769722 502.00 4456
1681054711.8780236 502.00 4462
1681054711.8789878 502.00 4468
1681054711.8799415 502.00 4474
1681054711.880886 502.00 4481
1681054711.881857 502.00 4487
1681054711.8828096 502.00 4494
1681054711.8837616 502.00 4500
1681054711.8847106 502.00 4506
1681054711.9581351 502.00 4512
1681054711.9596252 502.00 4518
1681054711.961053 502.00 4525
1681054711.962384 502.00 4531
1681054711.9636621 502.00 4538
1681054711.9649415 502.00 4544
1681054711.9662542 502.00 4550
1681054711.967543 502.00 4556
1681054711.9688387 502.00 4562
1681054711.9701514 502.00 4569
1681054711.9716017 502.00 4575
1681054711.9736621 502.00 4582
1681054711.9760282 502.00 4588
1681054712.041364 502.00 4594
1681054712.0429516 502.00 4600
1681054712.0442803 502.00 4606
1681054712.0456052 502.00 4613
1681054712.0469177 502.00 4619
1681054712.0485048 502.00 4626
1681054712.0498378 502.00 4632
1681054712.051158 503.00 4638
1681054712.0524783 502.00 4644
1681054712.0538807 502.00 4651
1681054712.0553133 502.00 4657
1681054712.0570197 502.00 4663
1681054712.058416 502.00 4670
1681054712.125359 502.00 4676
1681054712.1262004 502.00 4682
1681054712.1269763 502.00 4688
1681054712.1277337 502.00 4695
1681054712.128487 503.00 4701
1681054712.1292515 502.00 4707
1681054712.1300395 502.00 4714
1681054712.1307952 502.00 4720
1681054712.1316693 502.00 4726
1681054712.1327271 502.00 4732
1681054712.1336784 502.00 4739
1681054712.1346092 502.00 4745
1681054712.135533 501.00 4751
1681054712.1365445 502.00 4758
1681054712.2105963 502.00 4764
1681054712.2118602 502.00 4770
1681054712.213095 503.00 4776
1681054712.2143834 502.00 4783
1681054712.2155812 503.00 4789
1681054712.2167647 502.00 4795
1681054712.2179842 502.00 4802
1681054712.2191777 502.00 4808
1681054712.2203794 502.00 4814
1681054712.2215881 502.00 4820
1681054712.2227862 502.00 4827
1681054712.223982 502.00 4833
1681054712.2252052 502.00 4839
1681054712.2941508 502.00 4846
1681054712.2955842 502.00 4852
1681054712.2968242 502.00 4858
1681054712.2981613 502.00 4865
1681054712.2993667 502.00 4871
1681054712.3005986 502.00 4877
1681054712.3018112 502.00 4883
1681054712.3030052 499.00 4890
1681054712.3042536 502.00 4896
1681054712.3054748 490.00 4902
1681054712.3067183 502.00 4909
1681054712.3079035 502.00 4915
1681054712.3090844 502.00 4921
1681054712.3102891 502.00 4927
1681054712.3794496 502.00 4934
1681054712.3808565 502.00 4940
1681054712.3832564 502.00 4946
1681054712.3855429 502.00 4953
1681054712.387369 502.00 4959
1681054712.3889186 502.00 4965
1681054712.3904083 502.00 4971
1681054712.3919034 502.00 4978
1681054712.3932595 502.00 4984
1681054712.394641 502.00 4990
1681054712.3959801 502.00 4997
1681054712.3972192 502.00 5003
1681054712.3984873 502.00 5009
1681054712.4629378 511.00 5015
1681054712.464555 502.00 5022
1681054712.4661522 502.00 5028
1681054712.4675255 502.00 5035
1681054712.4688854 502.00 5041
1681054712.470177 502.00 5047
1681054712.4714339 502.00 5053
1681054712.4726994 502.00 5059
1681054712.4739704 502.00 5066
1681054712.475206 502.00 5072
1681054712.4765718 502.00 5079
1681054712.477887 503.00 5085
1681054712.4791481 502.00 5091
1681054712.5469215 502.00 5097
1681054712.548529 502.00 5103
1681054712.5498877 503.00 5110
1681054712.5511906 503.00 5116
1681054712.552486 502.00 5123
1681054712.5537817 504.00 5129
1681054712.5550616 505.00 5135
1681054712.5563436 505.00 5141
1681054712.5576024 505.00 5147
1681054712.5587728 506.00 5154
1681054712.559946 507.00 5160
1681054712.56112 508.00 5167
1681054712.5625756 508.00 5173
1681054712.5641809 509.00 5179
1681054712.632144 510.00 5185
1681054712.633524 511.00 5191
1681054712.6348379 512.00 5198
1681054712.6361356 512.00 5204
1681054712.6374238 512.00 5211
1681054712.6387012 513.00 5217
1681054712.6398757 514.00 5223
1681054712.6410499 515.00 5229
1681054712.6422713 515.00 5235
1681054712.6434658 516.00 5242
1681054712.6446466 516.00 5249
1681054712.6458447 517.00 5255
1681054712.6470838 518.00 5261
1681054712.7156682 519.00 5267
1681054712.7173216 519.00 5273
1681054712.7186632 520.00 5279
1681054712.7199316 521.00 5286
1681054712.7211664 521.00 5293
1681054712.7223961 522.00 5299
1681054712.7236192 522.00 5305
1681054712.7250574 523.00 5311
1681054712.726325 523.00 5317
1681054712.7275226 523.00 5323
1681054712.7287178 524.00 5330
1681054712.7299993 524.00 5337
1681054712.7312732 524.00 5343
1681054712.732464 524.00 5349
1681054712.8008368 525.00 5355
1681054712.8022313 525.00 5361
1681054712.8034596 525.00 5367
1681054712.8046682 525.00 5374
1681054712.8058987 526.00 5381
1681054712.8070939 526.00 5387
1681054712.8082762 526.00 5393
1681054712.8094592 526.00 5399
1681054712.810675 527.00 5405
1681054712.8118553 527.00 5411
1681054712.8130362 527.00 5419
1681054712.8142555 527.00 5425
1681054712.8154511 527.00 5431
1681054712.884246 528.00 5437
1681054712.885689 528.00 5443
1681054712.8869033 528.00 5449
1681054712.8882155 528.00 5455
1681054712.8894174 528.00 5463
1681054712.8906322 529.00 5469
1681054712.8918216 529.00 5475
1681054712.8930132 529.00 5481
1681054712.8942213 529.00 5487
1681054712.895403 529.00 5493
1681054712.8966012 529.00 5499
1681054712.8978083 529.00 5507
1681054712.8990002 529.00 5513
1681054712.968372 529.00 5519
1681054712.9702172 530.00 5525
1681054712.9716644 529.00 5531
1681054712.9732585 529.00 5537
1681054712.9746544 530.00 5543
1681054712.9760172 530.00 5551
1681054712.977368 530.00 5557
1681054712.978778 530.00 5563
1681054712.9801497 530.00 5569
1681054712.9815078 530.00 5575
1681054712.9828923 530.00 5581
1681054712.9842515 530.00 5587
1681054712.9856005 530.00 5595
1681054712.9868762 530.00 5601
1681054713.053859 546.00 5607
1681054713.0553887 530.00 5613
1681054713.0567007 530.00 5619
1681054713.0580163 530.00 5625
1681054713.05933 530.00 5632
1681054713.0606253 530.00 5639
1681054713.0619302 531.00 5645
1681054713.0632198 531.00 5651
1681054713.0645216 531.00 5657
1681054713.0658205 531.00 5663
1681054713.0671856 531.00 5669
1681054713.06849 531.00 5676
1681054713.0698338 531.00 5683
1681054713.1370413 531.00 5689
1681054713.1385787 531.00 5695
1681054713.1400406 531.00 5701
1681054713.141242 531.00 5707
1681054713.1424727 531.00 5713
1681054713.143663 531.00 5720
1681054713.1448498 531.00 5727
1681054713.1460674 531.00 5733
1681054713.1472597 531.00 5739
1681054713.1486952 531.00 5745
1681054713.150081 531.00 5751
1681054713.1512895 531.00 5757
1681054713.152497 531.00 5764
1681054713.1539953 531.00 5771
1681054713.2222528 531.00 5777
1681054713.223494 531.00 5783
1681054713.224694 531.00 5789
1681054713.2259219 531.00 5795
1681054713.2271197 531.00 5801
1681054713.2283025 531.00 5808
1681054713.2295048 531.00 5815
1681054713.230717 531.00 5821
1681054713.2319028 531.00 5827
1681054713.2331185 531.00 5833
1681054713.2343476 531.00 5839
1681054713.2355788 531.00 5846
1681054713.236928 531.00 5852
1681054713.305724 531.00 5859
1681054713.3071427 531.00 5865
1681054713.3083525 531.00 5871
1681054713.3096595 531.00 5877
1681054713.3109114 531.00 5883
1681054713.3121006 531.00 5890
1681054713.313302 531.00 5896
1681054713.3145418 531.00 5903
1681054713.315735 531.00 5909
1681054713.3169205 531.00 5915
1681054713.318138 531.00 5921
1681054713.3193352 531.00 5927
1681054713.320533 531.00 5934
1681054713.3898323 532.00 5940
1681054713.3916662 531.00 5947
1681054713.3930001 531.00 5953
1681054713.3943434 531.00 5959
1681054713.395658 531.00 5965
1681054713.3969462 531.00 5971
1681054713.3982515 531.00 5978
1681054713.3995347 531.00 5984
1681054713.4014752 531.00 5991
1681054713.4038088 531.00 5997
1681054713.40577 531.00 6003
1681054713.4071565 531.00 6009
1681054713.4084823 531.00 6016
1681054713.4098225 531.00 6022
1681054713.4750547 531.00 6028
1681054713.4764729 531.00 6035
1681054713.4778607 531.00 6041
1681054713.479123 531.00 6047
1681054713.4803834 531.00 6053
1681054713.481645 531.00 6060
1681054713.4829233 531.00 6066
1681054713.4842844 531.00 6072
1681054713.485582 531.00 6079
1681054713.4868712 531.00 6085
1681054713.488123 531.00 6091
1681054713.4893844 531.00 6097
1681054713.4906943 531.00 6104
1681054713.5585368 531.00 6110
1681054713.5600712 531.00 6116
1681054713.5613759 531.00 6123
1681054713.562703 531.00 6129
1681054713.5639913 531.00 6135
1681054713.5651994 531.00 6141
1681054713.5664034 531.00 6148
1681054713.5675752 531.00 6154
1681054713.5687754 531.00 6160
1681054713.5700493 531.00 6167
1681054713.571274 531.00 6173
1681054713.572464 531.00 6179
1681054713.5736845 531.00 6185
1681054713.5748892 531.00 6192
1681054713.643876 531.00 6198
1681054713.6452289 531.00 6204
1681054713.6465852 531.00 6211
1681054713.647938 531.00 6217
1681054713.649232 531.00 6223
1681054713.6505744 531.00 6230
1681054713.651857 531.00 6236
1681054713.6532044 531.00 6242
1681054713.6545477 531.00 6248
1681054713.6558015 531.00 6255
1681054713.6570303 531.00 6261
1681054713.6582391 531.00 6267
1681054713.6594317 531.00 6274
1681054713.7271888 531.00 6280
1681054713.7287602 531.00 6286
1681054713.7301586 531.00 6292
1681054713.7314894 531.00 6299
1681054713.7327945 531.00 6305
1681054713.7341208 531.00 6311
1681054713.735417 531.00 6318
1681054713.7367644 531.00 6324
1681054713.7381997 531.00 6330
1681054713.7393942 531.00 6336
1681054713.7405832 531.00 6343
1681054713.7417836 531.00 6349
1681054713.7429795 531.00 6355
1681054713.7442098 531.00 6362
1681054713.812051 531.00 6368
1681054713.812777 531.00 6374
1681054713.8135626 531.00 6380
1681054713.8142972 531.00 6387
1681054713.8149965 531.00 6393
1681054713.8157258 531.00 6400
1681054713.8163967 531.00 6406
1681054713.816961 531.00 6412
1681054713.817535 531.00 6418
1681054713.8181083 531.00 6424
1681054713.8186681 531.00 6431
1681054713.8192236 547.00 6437
1681054713.8197796 531.00 6444
1681054713.8962758 531.00 6450
1681054713.897548 531.00 6456
1681054713.8987553 531.00 6462
1681054713.899953 532.00 6468
1681054713.901163 532.00 6475
1681054713.902453 532.00 6481
1681054713.9036663 532.00 6488
1681054713.904945 532.00 6494
1681054713.9061563 532.00 6500
1681054713.9073513 532.00 6506
1681054713.9085546 532.00 6512
1681054713.9097588 532.00 6519
1681054713.9109643 532.00 6525
1681054713.9799948 532.00 6532
1681054713.981641 532.00 6538
1681054713.982955 532.00 6544
1681054713.9843698 532.00 6550
1681054713.9857187 532.00 6556
1681054713.9871671 532.00 6563
1681054713.9887516 532.00 6569
1681054713.9902444 531.00 6576
1681054713.9915478 532.00 6582
1681054713.9928377 548.00 6588
1681054713.994166 532.00 6594
1681054713.9954638 532.00 6600
1681054713.9967582 532.00 6607
1681054713.9980145 532.00 6614
1681054714.0651753 532.00 6620
1681054714.066588 532.00 6626
1681054714.0679495 532.00 6632
1681054714.0693684 532.00 6638
1681054714.0708432 532.00 6644
1681054714.0721571 532.00 6651
1681054714.0737057 532.00 6658
1681054714.075127 548.00 6664
1681054714.0764184 532.00 6670
1681054714.0776393 532.00 6676
1681054714.0788434 532.00 6682
1681054714.0800443 532.00 6688
1681054714.0812316 532.00 6695
1681054714.1486843 532.00 6702
1681054714.1502762 532.00 6708
1681054714.1515782 532.00 6714
1681054714.1530104 532.00 6720
1681054714.1544251 532.00 6726
1681054714.1560156 533.00 6732
1681054714.1574001 532.00 6739
1681054714.1587472 532.00 6746
1681054714.1600451 533.00 6752
1681054714.1613657 533.00 6758
1681054714.1626947 533.00 6764
1681054714.1639366 533.00 6770
1681054714.1651206 533.00 6776
1681054714.1663737 533.00 6784
1681054714.2332582 533.00 6790
1681054714.2339268 533.00 6796
1681054714.234495 533.00 6802
1681054714.235296 533.00 6808
1681054714.2359915 533.00 6814
1681054714.2366147 533.00 6820
1681054714.2371798 533.00 6828
1681054714.23776 533.00 6834
1681054714.238319 533.00 6840
1681054714.2388825 533.00 6846
1681054714.2394392 533.00 6852
1681054714.2399945 533.00 6858
1681054714.24055 533.00 6864
1681054714.3178418 533.00 6872
1681054714.3191144 533.00 6878
1681054714.3203406 533.00 6884
1681054714.3217485 533.00 6890
1681054714.3229692 533.00 6896
1681054714.3241615 533.00 6902
1681054714.325351 533.00 6908
1681054714.3265579 533.00 6916
1681054714.327744 533.00 6922
1681054714.3289378 533.00 6928
1681054714.330149 533.00 6934
1681054714.3313448 533.00 6940
1681054714.3325322 533.00 6946
1681054714.401397 533.00 6952
1681054714.4031947 533.00 6960
1681054714.4045875 533.00 6966
1681054714.4060028 533.00 6972
1681054714.4073966 533.00 6978
1681054714.4087796 533.00 6984
1681054714.4101672 533.00 6990
1681054714.4115202 533.00 6996
1681054714.4127955 533.00 7004
1681054714.4140608 533.00 7010
1681054714.4152932 533.00 7016
1681054714.4165492 534.00 7022
1681054714.4178412 533.00 7028
1681054714.4190946 533.00 7034
1681054714.4869137 533.00 7041
1681054714.4884942 533.00 7048
1681054714.4899442 533.00 7054
1681054714.4913168 533.00 7060
1681054714.4926705 533.00 7066
1681054714.4940693 533.00 7072
1681054714.49542 533.00 7078
1681054714.4967022 533.00 7085
1681054714.4979625 533.00 7092
1681054714.499164 533.00 7098
1681054714.500435 533.00 7104
1681054714.501725 533.00 7110
1681054714.5030062 533.00 7116
1681054714.570122 533.00 7122
1681054714.571668 533.00 7129
1681054714.5729895 533.00 7135
1681054714.5743265 533.00 7142
1681054714.5756283 533.00 7148
1681054714.576952 533.00 7154
1681054714.5782077 533.00 7160
1681054714.5794854 533.00 7166
1681054714.5807354 533.00 7173
1681054714.5819268 533.00 7179
1681054714.5831025 533.00 7186
1681054714.5842745 533.00 7192
1681054714.585799 533.00 7198
1681054714.5875545 533.00 7204
1681054714.655296 533.00 7211
1681054714.6566982 533.00 7217
1681054714.659695 533.00 7223
1681054714.661106 533.00 7230
1681054714.6624453 533.00 7236
1681054714.6637065 533.00 7242
1681054714.6649518 533.00 7248
1681054714.6663485 533.00 7255
1681054714.6676998 533.00 7261
1681054714.668916 533.00 7267
1681054714.6704543 533.00 7274
1681054714.6716607 533.00 7280
1681054714.672851 533.00 7286
1681054714.739419 533.00 7292
1681054714.7408395 533.00 7299
1681054714.7421803 533.00 7305
1681054714.7434795 533.00 7311
1681054714.7447774 534.00 7318
1681054714.7460916 533.00 7324
1681054714.7473865 533.00 7330
1681054714.748687 533.00 7336
1681054714.7502854 533.00 7343
1681054714.7517278 533.00 7349
1681054714.7534046 533.00 7355
1681054714.7547667 533.00 7362
1681054714.7560253 533.00 7368
1681054714.8229578 534.00 7374
1681054714.824642 534.00 7380
1681054714.8261173 533.00 7387
1681054714.8274987 534.00 7393
1681054714.829307 533.00 7399
1681054714.8310893 533.00 7406
1681054714.8326418 533.00 7412
1681054714.8340576 533.00 7418
1681054714.8360226 533.00 7425
1681054714.8378928 533.00 7431
1681054714.8393598 534.00 7437
1681054714.8407316 533.00 7443
1681054714.8420918 533.00 7450
1681054714.8434906 533.00 7456
1681054714.9080358 533.00 7462
1681054714.9095278 533.00 7469
1681054714.911036 533.00 7475
1681054714.9125192 533.00 7481
1681054714.9139483 533.00 7487
1681054714.9153311 533.00 7494
1681054714.9167104 533.00 7500
1681054714.9181104 533.00 7506
1681054714.9194825 533.00 7513
1681054714.9208713 533.00 7519
1681054714.9222841 533.00 7525
1681054714.9236822 533.00 7531
1681054714.9250307 533.00 7538
1681054714.9914887 533.00 7544
1681054714.9930882 533.00 7550
1681054714.9945126 533.00 7557
1681054714.9958797 533.00 7563
1681054714.9972258 533.00 7569
1681054714.9986267 533.00 7575
1681054714.9999683 533.00 7582
1681054715.0013387 533.00 7588
1681054715.0028706 533.00 7595
1681054715.0041254 533.00 7601
1681054715.0053797 533.00 7607
1681054715.0066593 533.00 7613
1681054715.007928 533.00 7619
1681054715.0091612 533.00 7626
1681054715.0778542 533.00 7632
1681054715.08026 533.00 7639
1681054715.0825894 534.00 7645
1681054715.0848916 533.00 7651
1681054715.0871925 533.00 7657
1681054715.089404 533.00 7663
1681054715.0924556 533.00 7670
1681054715.0950854 533.00 7676
1681054715.0980475 533.00 7683
1681054715.1005602 533.00 7689
1681054715.102417 533.00 7695
1681054715.1040306 533.00 7701
1681054715.1056883 533.00 7707
1681054715.159991 534.00 7714
1681054715.161148 533.00 7720
1681054715.1622405 533.00 7727
1681054715.163291 533.00 7733
1681054715.1643393 533.00 7739
1681054715.1653814 533.00 7745
1681054715.1664362 533.00 7751
1681054715.1674767 533.00 7758
1681054715.1685169 533.00 7764
1681054715.1693525 533.00 7771
1681054715.1700444 534.00 7777
1681054715.170637 533.00 7783
1681054715.1711826 533.00 7789
1681054715.2442262 534.00 7795
1681054715.24592 533.00 7802
1681054715.247304 533.00 7809
1681054715.248652 533.00 7815
1681054715.2503002 533.00 7821
1681054715.2519116 533.00 7827
1681054715.2532082 533.00 7833
1681054715.254493 533.00 7839
1681054715.255761 533.00 7846
1681054715.2569942 534.00 7853
1681054715.2582638 534.00 7859
1681054715.2595036 533.00 7865
1681054715.2607715 533.00 7871
1681054715.262139 533.00 7877
1681054715.3295445 533.00 7883
1681054715.3308682 533.00 7890
1681054715.3321283 533.00 7897
1681054715.3333743 533.00 7903
1681054715.3346884 533.00 7909
1681054715.3359473 533.00 7915
1681054715.337209 533.00 7921
1681054715.3384936 533.00 7927
1681054715.3397741 533.00 7934
1681054715.3410578 533.00 7941
1681054715.3423407 533.00 7947
1681054715.3436618 533.00 7953
1681054715.3449135 533.00 7959
1681054715.412968 533.00 7965
1681054715.4146187 533.00 7971
1681054715.415987 533.00 7979
1681054715.417348 533.00 7985
1681054715.4188313 533.00 7991
1681054715.4201994 533.00 7997
1681054715.4215667 534.00 8003
1681054715.4228342 533.00 8009
1681054715.4240713 533.00 8015
1681054715.4253778 534.00 8023
1681054715.426689 533.00 8029
1681054715.4279237 533.00 8035
1681054715.4291563 533.00 8041
1681054715.4304252 533.00 8047
1681054715.4983292 534.00 8053
1681054715.4998372 533.00 8059
1681054715.5012562 533.00 8067
1681054715.5027447 533.00 8073
1681054715.5041525 533.00 8079
1681054715.5055737 533.00 8085
1681054715.5071578 533.00 8091
1681054715.5085764 533.00 8097
1681054715.5099957 533.00 8103
1681054715.5112972 534.00 8111
1681054715.5126119 533.00 8117
1681054715.5139534 533.00 8123
1681054715.5152497 533.00 8129
1681054715.581731 533.00 8135
1681054715.5834856 533.00 8141
1681054715.5849924 533.00 8147
1681054715.586408 533.00 8155
1681054715.5878997 533.00 8161
1681054715.5892816 533.00 8167
1681054715.5907176 533.00 8173
1681054715.59208 533.00 8179
1681054715.5934243 533.00 8185
1681054715.5948334 534.00 8192
1681054715.5961788 533.00 8199
1681054715.5975342 533.00 8205
1681054715.5988917 533.00 8211
1681054715.6657126 533.00 8217
1681054715.6673727 533.00 8223
1681054715.6688578 533.00 8229
1681054715.67029 533.00 8236
1681054715.6716697 533.00 8243
1681054715.67303 533.00 8249
1681054715.6743433 533.00 8255
1681054715.6756122 533.00 8261
1681054715.6768203 533.00 8267
1681054715.678115 533.00 8273
1681054715.6793523 534.00 8280
1681054715.6806176 533.00 8287
1681054715.6818914 533.00 8293
1681054715.6831539 533.00 8299
1681054715.7510357 533.00 8305
1681054715.752737 533.00 8311
1681054715.754344 533.00 8317
1681054715.7558377 533.00 8324
1681054715.7571998 533.00 8331
1681054715.7586248 533.00 8337
1681054715.7599916 533.00 8343
1681054715.761358 533.00 8349
1681054715.762782 533.00 8355
1681054715.764137 533.00 8361
1681054715.7654996 533.00 8368
1681054715.7667983 533.00 8375
1681054715.768063 533.00 8381
1681054715.8344243 533.00 8387
1681054715.8360798 533.00 8393
1681054715.8374753 533.00 8399
1681054715.839005 533.00 8406
1681054715.8404782 533.00 8412
1681054715.8419094 533.00 8419
1681054715.8432941 533.00 8425
1681054715.8446772 533.00 8431
1681054715.8460855 534.00 8437
1681054715.8473766 533.00 8443
1681054715.8487496 533.00 8450
1681054715.8500414 533.00 8456
1681054715.8513021 533.00 8463
1681054715.8527179 533.00 8469
1681054715.9196694 533.00 8475
1681054715.9210799 533.00 8481
1681054715.9225187 533.00 8487
1681054715.9239156 533.00 8494
1681054715.9252582 533.00 8500
1681054715.9266326 533.00 8507
1681054715.9279988 533.00 8513
1681054715.9293485 533.00 8519
1681054715.9306395 533.00 8525
1681054715.9320717 533.00 8531
1681054715.933375 533.00 8538
1681054715.934659 533.00 8544
1681054715.9359322 534.00 8551
1681054716.0030785 533.00 8557
1681054716.0046177 533.00 8563
1681054716.0059617 533.00 8569
1681054716.0072675 533.00 8576
1681054716.0085676 533.00 8582
1681054716.009878 533.00 8588
1681054716.0111601 533.00 8595
1681054716.0124388 533.00 8601
1681054716.0138385 534.00 8607
1681054716.0151358 533.00 8613
1681054716.0164423 533.00 8620
1681054716.0177336 533.00 8626
1681054716.0190208 533.00 8632
1681054716.0871842 533.00 8639
1681054716.0887713 533.00 8645
1681054716.0901184 533.00 8651
1681054716.091413 533.00 8657
1681054716.0927038 533.00 8664
1681054716.0942936 533.00 8670
1681054716.09563 533.00 8676
1681054716.0969236 533.00 8683
1681054716.098267 533.00 8689
1681054716.099688 533.00 8695
1681054716.1009128 533.00 8701
1681054716.1021929 533.00 8708
1681054716.1034217 533.00 8714
1681054716.104611 533.00 8720
1681054716.1725073 533.00 8727
1681054716.1739085 533.00 8733
1681054716.1752315 533.00 8739
1681054716.1765995 533.00 8745
1681054716.1780074 533.00 8752
1681054716.1792638 533.00 8758
1681054716.1804492 533.00 8764
1681054716.1816614 533.00 8771
1681054716.1830192 533.00 8777
1681054716.184335 533.00 8783
1681054716.185782 533.00 8790
1681054716.1870112 533.00 8796
1681054716.1882071 533.00 8802
1681054716.2560103 533.00 8808
1681054716.2576098 533.00 8815
1681054716.2589407 533.00 8821
1681054716.2602606 533.00 8827
1681054716.261606 533.00 8834
1681054716.2629337 533.00 8840
1681054716.264218 533.00 8846
1681054716.2655182 533.00 8852
1681054716.2671432 533.00 8859
1681054716.2685003 533.00 8865
1681054716.2699325 533.00 8871
1681054716.2712936 533.00 8878
1681054716.2727456 533.00 8884
1681054716.274108 533.00 8890
1681054716.3410988 533.00 8896
1681054716.342499 533.00 8903
1681054716.3438172 533.00 8909
1681054716.3451376 533.00 8915
1681054716.3465526 533.00 8922
1681054716.3478749 533.00 8928
1681054716.3491764 533.00 8934
1681054716.3504946 533.00 8940
1681054716.3517919 534.00 8947
1681054716.353165 533.00 8953
1681054716.354403 533.00 8960
1681054716.3555927 533.00 8966
1681054716.356798 533.00 8972
1681054716.424588 533.00 8978
1681054716.426212 533.00 8984
1681054716.4276428 533.00 8991
1681054716.4289482 533.00 8997
1681054716.4302833 533.00 9004
1681054716.431571 533.00 9010
1681054716.432975 533.00 9016
1681054716.4343688 533.00 9022
1681054716.4357784 533.00 9028
1681054716.437091 533.00 9035
1681054716.4383729 533.00 9041
1681054716.4396174 533.00 9048
1681054716.4408596 533.00 9054
1681054716.5086741 533.00 9060
1681054716.5102885 533.00 9066
1681054716.5116115 533.00 9072
1681054716.5129185 533.00 9079
1681054716.5142453 533.00 9085
1681054716.5155416 533.00 9092
1681054716.5168397 533.00 9098
1681054716.518162 533.00 9104
1681054716.5194292 533.00 9110
1681054716.520715 533.00 9116
1681054716.5219622 533.00 9123
1681054716.5231605 533.00 9129
1681054716.5243614 533.00 9136
1681054716.5255713 533.00 9142
1681054716.593857 534.00 9148
1681054716.5952342 533.00 9154
1681054716.5965507 533.00 9160
1681054716.5979006 533.00 9167
1681054716.5992239 533.00 9174
1681054716.6006348 533.00 9180
1681054716.6020067 533.00 9186
1681054716.6033418 533.00 9192
1681054716.604605 533.00 9198
1681054716.6057997 533.00 9204
1681054716.6069942 533.00 9211
1681054716.6081836 533.00 9218
1681054716.6093965 533.00 9224
1681054716.6773493 533.00 9230
1681054716.6789484 533.00 9236
1681054716.6802652 533.00 9242
1681054716.6815798 533.00 9248
1681054716.683001 533.00 9255
1681054716.6842701 533.00 9262
1681054716.6855624 533.00 9268
1681054716.686772 534.00 9274
1681054716.6879575 533.00 9280
1681054716.6891437 533.00 9286
1681054716.690367 534.00 9292
1681054716.6915612 533.00 9299
1681054716.6927555 533.00 9306
1681054716.6939812 533.00 9312
1681054716.7625992 533.00 9318
1681054716.7640407 533.00 9324
1681054716.7654061 533.00 9330
1681054716.7670546 533.00 9336
1681054716.7684467 533.00 9344
1681054716.7697985 533.00 9350
1681054716.7710986 533.00 9356
1681054716.772394 534.00 9362
1681054716.7737198 533.00 9368
1681054716.775168 533.00 9374
1681054716.7764678 533.00 9380
1681054716.7777457 533.00 9388
1681054716.7789474 533.00 9394
1681054716.846045 533.00 9400
1681054716.8476264 533.00 9406
1681054716.8490055 533.00 9412
1681054716.8505213 533.00 9418
1681054716.8520849 533.00 9424
1681054716.8534071 533.00 9432
1681054716.8547122 533.00 9438
1681054716.8559084 533.00 9444
1681054716.8572073 533.00 9450
1681054716.8584077 533.00 9456
1681054716.8595915 533.00 9462
1681054716.8607762 533.00 9468
1681054716.8619738 534.00 9476
1681054716.8632145 533.00 9482
1681054716.931449 533.00 9488
1681054716.9328063 533.00 9494
1681054716.9342074 534.00 9500
1681054716.9355307 533.00 9506
1681054716.9368412 533.00 9512
1681054716.9381685 533.00 9520
1681054716.9394662 533.00 9526
1681054716.9407303 533.00 9532
1681054716.9420333 533.00 9538
1681054716.9432786 533.00 9544
1681054716.944576 533.00 9550
1681054716.9458072 533.00 9556
1681054716.9470367 533.00 9564
1681054717.0153158 533.00 9570
1681054717.0166636 533.00 9576
1681054717.0180302 533.00 9582
1681054717.0193768 533.00 9588
1681054717.0206847 533.00 9594
1681054717.022039 533.00 9601
1681054717.0233872 533.00 9608
1681054717.0246687 533.00 9614
1681054717.0259297 533.00 9620
1681054717.0271444 533.00 9626
1681054717.0283625 533.00 9632
1681054717.0296504 533.00 9638
1681054717.0309532 533.00 9645
1681054717.09862 533.00 9652
1681054717.099157 533.00 9658
1681054717.0995781 533.00 9664
1681054717.0999942 533.00 9670
1681054717.1004076 533.00 9676
1681054717.1008215 533.00 9682
1681054717.1012323 534.00 9689
1681054717.1016989 533.00 9696
1681054717.1021223 533.00 9702
1681054717.1025395 533.00 9708
1681054717.1029563 533.00 9714
1681054717.103375 534.00 9720
1681054717.103793 533.00 9726
1681054717.104234 533.00 9733
1681054717.1842265 533.00 9740
1681054717.1858654 533.00 9746
1681054717.187264 533.00 9752
1681054717.18862 533.00 9758
1681054717.1899977 533.00 9764
1681054717.1912498 533.00 9771
1681054717.192492 533.00 9777
1681054717.1937816 534.00 9784
1681054717.1950445 533.00 9790
1681054717.1962814 533.00 9796
1681054717.1975365 534.00 9802
1681054717.1989315 533.00 9808
1681054717.2001674 533.00 9815
1681054717.267496 533.00 9821
1681054717.2691786 533.00 9828
1681054717.2708747 533.00 9834
1681054717.2727165 533.00 9840
1681054717.2741625 533.00 9846
1681054717.2755256 533.00 9852
1681054717.276898 533.00 9859
1681054717.278288 533.00 9865
1681054717.2796495 533.00 9872
1681054717.28094 533.00 9878
1681054717.2824259 533.00 9884
1681054717.2841098 533.00 9890
1681054717.2858002 533.00 9896
1681054717.2871952 533.00 9903
1681054717.3527024 534.00 9909
1681054717.35417 533.00 9916
1681054717.3555603 533.00 9922
1681054717.3569493 533.00 9928
1681054717.358357 533.00 9934
1681054717.3597624 533.00 9940
1681054717.361129 533.00 9947
1681054717.3625128 533.00 9953
1681054717.364007 533.00 9960
1681054717.3654087 533.00 9966
1681054717.3668213 533.00 9972
1681054717.3681316 533.00 9978
1681054717.369412 533.00 9985
1681054717.4367938 533.00 9991
1681054717.4382918 533.00 9997
1681054717.439736 533.00 10004
1681054717.4411714 533.00 10010
1681054717.4426298 533.00 10016
1681054717.4439943 533.00 10022
1681054717.4454114 533.00 10030
1681054717.446832 533.00 10036
1681054717.4481962 533.00 10042
1681054717.44956 533.00 10049
1681054717.4509592 533.00 10055
1681054717.4523685 533.00 10061
1681054717.4536815 533.00 10068
1681054717.5204496 533.00 10075
1681054717.5223126 533.00 10081
1681054717.523894 533.00 10088
1681054717.525465 533.00 10094
1681054717.5270443 533.00 10100
1681054717.5285025 533.00 10106
1681054717.5300314 533.00 10114
1681054717.5314152 533.00 10120
1681054717.5328202 533.00 10126
1681054717.5342143 533.00 10133
1681054717.5356328 533.00 10139
1681054717.5371146 533.00 10145
1681054717.5385299 533.00 10152
1681054717.604738 533.00 10159
1681054717.6065245 533.00 10165
1681054717.6079428 534.00 10172
1681054717.609329 533.00 10178
1681054717.61076 533.00 10184
1681054717.6121252 533.00 10190
1681054717.6134048 533.00 10198
1681054717.6147056 533.00 10204
1681054717.6159518 534.00 10210
1681054717.6172497 533.00 10217
1681054717.618789 533.00 10223
1681054717.6200995 533.00 10229
1681054717.62137 533.00 10236
1681054717.6889596 533.00 10243
1681054717.6906624 533.00 10249
1681054717.6920516 533.00 10256
1681054717.6934352 533.00 10262
1681054717.694857 533.00 10268
1681054717.696243 533.00 10274
1681054717.697665 533.00 10281
1681054717.6990452 533.00 10288
1681054717.7004108 534.00 10294
1681054717.7018447 533.00 10301
1681054717.7032433 533.00 10307
1681054717.70451 533.00 10313
1681054717.7058153 533.00 10320
1681054717.7732255 534.00 10327
1681054717.7749512 533.00 10333
1681054717.7763443 533.00 10340
1681054717.7777295 533.00 10346
1681054717.779119 533.00 10352
1681054717.7804787 533.00 10358
1681054717.7820435 533.00 10365
1681054717.7835507 533.00 10372
1681054717.785072 533.00 10378
1681054717.7865186 533.00 10385
1681054717.7879207 533.00 10391
1681054717.7892373 533.00 10397
1681054717.7905402 533.00 10404
1681054717.8574383 533.00 10411
1681054717.8592958 533.00 10417
1681054717.8607533 533.00 10424
1681054717.8621855 533.00 10430
1681054717.863601 533.00 10436
1681054717.8650327 533.00 10442
1681054717.8664694 533.00 10449
1681054717.8678865 533.00 10456
1681054717.869344 533.00 10462
1681054717.8707993 533.00 10469
1681054717.8721845 533.00 10475
1681054717.8735662 533.00 10481
1681054717.874866 533.00 10488
1681054717.9417377 533.00 10494
1681054717.9433641 533.00 10501
1681054717.9448187 533.00 10508
1681054717.9462974 533.00 10514
1681054717.9477146 533.00 10520
1681054717.9491007 533.00 10527
1681054717.9505193 533.00 10533
1681054717.95198 533.00 10540
1681054717.9533775 533.00 10546
1681054717.9548247 533.00 10553
1681054717.9562118 533.00 10559
1681054717.957632 533.00 10565
1681054717.9590156 534.00 10572
1681054718.0260465 533.00 10578
1681054718.0277271 533.00 10585
1681054718.029145 533.00 10592
1681054718.0305634 533.00 10598
1681054718.0319467 533.00 10604
1681054718.0333164 533.00 10611
1681054718.0350347 533.00 10617
1681054718.0363572 533.00 10624
1681054718.0376923 533.00 10630
1681054718.039002 533.00 10637
1681054718.040301 533.00 10643
1681054718.0416658 533.00 10649
1681054718.0429432 533.00 10656
1681054718.1101887 534.00 10662
1681054718.111707 533.00 10669
1681054718.1129987 533.00 10676
1681054718.1143343 533.00 10682
1681054718.1155999 533.00 10688
1681054718.1169002 534.00 10695
1681054718.1183112 533.00 10701
1681054718.1197228 533.00 10707
1681054718.121014 533.00 10714
1681054718.1223316 533.00 10721
1681054718.1236048 533.00 10727
1681054718.1248932 533.00 10733
1681054718.1262004 533.00 10740
1681054718.194598 534.00 10746
1681054718.1962507 533.00 10753
1681054718.1977348 533.00 10760
1681054718.1991417 533.00 10766
1681054718.2006283 533.00 10772
1681054718.2021816 533.00 10779
1681054718.2037256 533.00 10785
1681054718.2051067 533.00 10791
1681054718.2065125 533.00 10798
1681054718.2078137 533.00 10805
1681054718.2090847 533.00 10811
1681054718.2103822 533.00 10817
1681054718.2116764 534.00 10824
1681054718.2129471 533.00 10830
