1681069669.8964906 495.00 1
1681069670.0163445 495.00 50
1681069670.017905 495.00 52
1681069670.0193253 495.00 54
1681069670.020688 495.00 56
1681069670.02199 495.00 61
1681069670.0232363 495.00 65
1681069670.024505 495.00 70
1681069670.0257983 495.00 75
1681069670.0271559 495.00 80
1681069670.028467 495.00 86
1681069670.0297475 495.00 91
1681069670.0310092 494.00 96
1681069670.0323143 495.00 101
1681069670.0336385 495.00 106
1681069670.0349042 495.00 112
1681069670.0361564 494.00 117
1681069670.1003084 494.00 123
1681069670.1020265 494.00 129
1681069670.1034937 494.00 135
1681069670.1049361 494.00 140
1681069670.106358 494.00 146
1681069670.107686 494.00 151
1681069670.1090894 494.00 157
1681069670.1104403 494.00 162
1681069670.1117618 494.00 168
1681069670.1131186 494.00 174
1681069670.114422 494.00 180
1681069670.1157186 494.00 185
1681069670.1170776 494.00 190
1681069670.1183708 494.00 196
1681069670.1197093 494.00 202
1681069670.1846368 493.00 207
1681069670.18654 494.00 214
1681069670.1880767 494.00 220
1681069670.1895952 494.00 225
1681069670.1910298 493.00 231
1681069670.192479 494.00 236
1681069670.1939416 494.00 242
1681069670.1952558 496.00 248
1681069670.1965902 492.00 253
1681069670.1978903 494.00 260
1681069670.199245 494.00 266
1681069670.2006855 494.00 271
1681069670.2020433 494.00 277
1681069670.203357 494.00 283
1681069670.2047207 494.00 288
1681069670.2700212 495.00 294
1681069670.2715142 495.00 301
1681069670.273055 494.00 306
1681069670.2743824 495.00 312
1681069670.2757072 495.00 318
1681069670.2770789 495.00 323
1681069670.278391 495.00 329
1681069670.2797058 496.00 334
1681069670.2810385 495.00 340
1681069670.282389 495.00 347
1681069670.2836502 495.00 352
1681069670.2850294 495.00 358
1681069670.286356 495.00 364
1681069670.2875865 495.00 369
1681069670.3531337 495.00 375
1681069670.3550854 495.00 381
1681069670.3566134 495.00 387
1681069670.3581166 495.00 393
1681069670.35957 495.00 399
1681069670.3611143 495.00 404
1681069670.3629878 496.00 410
1681069670.3644464 495.00 415
1681069670.3657672 495.00 421
1681069670.3670948 495.00 428
1681069670.3684127 495.00 433
1681069670.3697178 495.00 439
1681069670.3710458 495.00 445
1681069670.3723578 495.00 450
1681069670.3736665 496.00 456
1681069670.4375892 495.00 462
1681069670.439173 495.00 467
1681069670.4405706 495.00 474
1681069670.4418938 495.00 480
1681069670.4435902 495.00 485
1681069670.4450111 495.00 491
1681069670.4463224 495.00 496
1681069670.4476242 496.00 502
1681069670.4488823 495.00 508
1681069670.450102 495.00 514
1681069670.4512944 495.00 520
1681069670.452527 495.00 526
1681069670.4537444 495.00 531
1681069670.4549835 495.00 537
1681069670.4565105 495.00 543
1681069670.5228198 495.00 548
1681069670.524373 495.00 555
1681069670.526072 497.00 561
1681069670.527417 495.00 566
1681069670.52876 495.00 572
1681069670.5300949 495.00 577
1681069670.5314023 495.00 583
1681069670.5326896 496.00 589
1681069670.5339315 496.00 594
1681069670.5352106 495.00 601
1681069670.5364294 495.00 607
1681069670.537702 495.00 612
1681069670.5389473 495.00 618
1681069670.5404801 495.00 624
1681069670.6060717 495.00 629
1681069670.6076107 495.00 635
1681069670.6090937 495.00 642
1681069670.610479 495.00 647
1681069670.6118298 496.00 653
1681069670.6131208 495.00 659
1681069670.61433 495.00 664
1681069670.6155367 495.00 670
1681069670.616755 496.00 675
1681069670.6179774 496.00 681
1681069670.619229 495.00 688
1681069670.6205087 495.00 693
1681069670.6217234 496.00 699
1681069670.6229575 495.00 705
1681069670.624183 495.00 710
1681069670.6913044 495.00 716
1681069670.6927888 495.00 722
1681069670.6942644 494.00 728
1681069670.6955822 495.00 734
1681069670.6969512 495.00 740
1681069670.698247 496.00 745
1681069670.6995425 495.00 751
1681069670.7009442 495.00 756
1681069670.7022932 495.00 762
1681069670.7037556 495.00 769
1681069670.7051427 495.00 774
1681069670.7063653 496.00 780
1681069670.707579 496.00 786
1681069670.7088103 495.00 791
1681069670.7745972 495.00 797
1681069670.7760165 495.00 803
1681069670.777482 495.00 808
1681069670.7786562 495.00 815
1681069670.7798607 495.00 821
1681069670.7811363 495.00 826
1681069670.782357 503.00 832
1681069670.7835119 495.00 838
1681069670.7846997 495.00 843
1681069670.7859902 495.00 849
1681069670.7872632 495.00 855
1681069670.7884388 496.00 861
1681069670.7895987 495.00 867
1681069670.7907581 489.00 872
1681069670.7919927 495.00 878
1681069670.8592565 495.00 884
1681069670.8611045 495.00 889
1681069670.8625925 496.00 896
1681069670.8640356 496.00 902
1681069670.8654816 495.00 907
1681069670.866896 495.00 913
1681069670.8683288 489.00 919
1681069670.8697557 495.00 924
1681069670.8711824 495.00 930
1681069670.8726244 495.00 935
1681069670.8740582 495.00 942
1681069670.875467 495.00 948
1681069670.8767836 495.00 953
1681069670.8782313 495.00 959
1681069670.8796291 495.00 965
1681069670.9443557 495.00 970
1681069670.9457235 495.00 976
1681069670.947041 495.00 983
1681069670.948354 495.00 988
1681069670.949653 495.00 994
1681069670.9509468 495.00 1000
1681069670.9522867 495.00 1006
1681069670.9538975 495.00 1012
1681069670.9553998 495.00 1017
1681069670.9567237 495.00 1024
1681069670.957918 495.00 1030
1681069670.9591014 495.00 1036
1681069670.9603064 496.00 1042
1681069670.9615233 496.00 1048
1681069671.0286303 496.00 1054
1681069671.0300016 496.00 1060
1681069671.0313003 496.00 1067
1681069671.032643 496.00 1073
1681069671.0339391 496.00 1079
1681069671.0352657 496.00 1085
1681069671.0365896 496.00 1091
1681069671.0377982 496.00 1097
1681069671.0389833 496.00 1103
1681069671.040188 496.00 1110
1681069671.0413928 496.00 1116
1681069671.042575 496.00 1122
1681069671.0439095 496.00 1128
1681069671.1117532 496.00 1134
1681069671.1134489 496.00 1140
1681069671.1149828 496.00 1146
1681069671.1169753 496.00 1153
1681069671.1184895 496.00 1159
1681069671.1201441 496.00 1165
1681069671.1216085 496.00 1171
1681069671.1230397 502.00 1177
1681069671.1243384 496.00 1183
1681069671.1256223 496.00 1189
1681069671.1268942 496.00 1196
1681069671.1282363 496.00 1202
1681069671.1295016 496.00 1208
1681069671.13068 496.00 1214
1681069671.1961713 496.00 1220
1681069671.1977038 496.00 1226
1681069671.199137 496.00 1232
1681069671.2005343 496.00 1239
1681069671.2019393 496.00 1245
1681069671.2032669 496.00 1251
1681069671.204698 497.00 1257
1681069671.2059975 496.00 1263
1681069671.2072954 496.00 1269
1681069671.2085812 492.00 1275
1681069671.2098532 496.00 1281
1681069671.2111175 496.00 1287
1681069671.2124 496.00 1293
1681069671.2137315 496.00 1299
1681069671.2805285 495.00 1305
1681069671.2821627 496.00 1311
1681069671.2835104 496.00 1317
1681069671.2848692 496.00 1324
1681069671.2862048 496.00 1330
1681069671.2875378 496.00 1336
1681069671.2888534 496.00 1342
1681069671.2900808 496.00 1348
1681069671.2912836 496.00 1354
1681069671.2925239 496.00 1360
1681069671.29374 496.00 1367
1681069671.294942 496.00 1373
1681069671.296168 496.00 1379
1681069671.297383 496.00 1385
1681069671.3656 496.00 1391
1681069671.36715 496.00 1397
1681069671.3686526 496.00 1403
1681069671.3700705 496.00 1410
1681069671.3714929 496.00 1416
1681069671.3728611 496.00 1422
1681069671.374184 496.00 1428
1681069671.3754988 496.00 1434
1681069671.3768404 496.00 1440
1681069671.3781536 496.00 1446
1681069671.3794553 496.00 1453
1681069671.3807652 495.00 1459
1681069671.381994 496.00 1465
1681069671.383193 496.00 1471
1681069671.4500744 496.00 1477
1681069671.4523146 496.00 1483
1681069671.4538558 496.00 1489
1681069671.455548 494.00 1496
1681069671.4569082 496.00 1502
1681069671.4581983 496.00 1508
1681069671.459464 496.00 1514
1681069671.4606764 496.00 1520
1681069671.4618776 496.00 1526
1681069671.463178 496.00 1532
1681069671.4646628 496.00 1538
1681069671.4659054 496.00 1544
1681069671.4671006 496.00 1550
1681069671.533232 496.00 1556
1681069671.5349026 496.00 1562
1681069671.5362804 496.00 1568
1681069671.5376594 496.00 1574
1681069671.53905 496.00 1581
1681069671.5405085 496.00 1587
1681069671.541939 496.00 1594
1681069671.543224 496.00 1600
1681069671.5445204 496.00 1606
1681069671.5458133 496.00 1612
1681069671.5471156 496.00 1618
1681069671.548407 496.00 1625
1681069671.5496428 496.00 1631
1681069671.5508213 496.00 1638
1681069671.6185026 496.00 1644
1681069671.6201718 496.00 1650
1681069671.621615 496.00 1656
1681069671.6229234 497.00 1662
1681069671.6242373 496.00 1669
1681069671.6255405 496.00 1675
1681069671.6268435 496.00 1682
1681069671.628202 495.00 1688
1681069671.6295166 496.00 1694
1681069671.630803 495.00 1700
1681069671.6320324 496.00 1707
1681069671.6332626 496.00 1713
1681069671.634471 496.00 1719
1681069671.7018874 496.00 1726
1681069671.7037575 496.00 1732
1681069671.705153 496.00 1738
1681069671.7064676 496.00 1744
1681069671.7077723 496.00 1751
1681069671.7091417 496.00 1757
1681069671.710435 496.00 1763
1681069671.7117195 496.00 1770
1681069671.7130542 496.00 1776
1681069671.714345 496.00 1782
1681069671.7155418 496.00 1788
1681069671.7167757 496.00 1795
1681069671.7179642 496.00 1801
1681069671.719204 496.00 1807
1681069671.7873895 496.00 1814
1681069671.7889433 496.00 1820
1681069671.790435 496.00 1826
1681069671.7918653 496.00 1832
1681069671.793207 496.00 1839
1681069671.7945006 497.00 1845
1681069671.7958217 496.00 1851
1681069671.79714 496.00 1858
1681069671.7984316 496.00 1864
1681069671.7996783 496.00 1870
1681069671.8008986 496.00 1876
1681069671.8022344 496.00 1883
1681069671.803614 496.00 1889
1681069671.8706887 496.00 1895
1681069671.8731678 496.00 1902
1681069671.8754258 496.00 1908
1681069671.8777308 496.00 1914
1681069671.879979 496.00 1921
1681069671.8822482 496.00 1927
1681069671.8845162 496.00 1933
1681069671.8862498 496.00 1939
1681069671.8878531 496.00 1946
1681069671.889455 496.00 1952
1681069671.8908076 496.00 1958
1681069671.892057 496.00 1965
1681069671.8933089 495.00 1971
1681069671.954556 496.00 1977
1681069671.9554758 496.00 1983
1681069671.9562058 496.00 1990
1681069671.9569025 498.00 1996
1681069671.957595 496.00 2002
1681069671.9582856 496.00 2009
1681069671.9589694 496.00 2015
1681069671.9596512 496.00 2021
1681069671.9603624 496.00 2027
1681069671.961051 496.00 2034
1681069671.9617302 503.00 2040
1681069671.962437 496.00 2046
1681069671.963129 501.00 2053
1681069671.9638116 496.00 2059
1681069672.040096 496.00 2065
1681069672.0416486 496.00 2071
1681069672.0430925 496.00 2078
1681069672.0445428 496.00 2084
1681069672.0459838 496.00 2091
1681069672.0472791 496.00 2097
1681069672.0486312 496.00 2103
1681069672.0499377 496.00 2109
1681069672.0512488 496.00 2115
1681069672.05256 496.00 2122
1681069672.0538523 497.00 2128
1681069672.0551248 496.00 2135
1681069672.0563233 496.00 2141
1681069672.1232643 498.00 2147
1681069672.1248882 496.00 2153
1681069672.1262195 496.00 2159
1681069672.1275318 496.00 2166
1681069672.1288555 496.00 2172
1681069672.1301603 496.00 2179
1681069672.1314645 496.00 2185
1681069672.1327763 496.00 2191
1681069672.1339872 496.00 2197
1681069672.1351762 496.00 2203
1681069672.1364057 496.00 2210
1681069672.137606 496.00 2216
1681069672.138797 496.00 2223
1681069672.1399798 496.00 2229
1681069672.2086492 496.00 2235
1681069672.2100859 495.00 2241
1681069672.2114608 496.00 2247
1681069672.2128346 496.00 2254
1681069672.2141798 496.00 2260
1681069672.2155263 496.00 2267
1681069672.2168968 496.00 2273
1681069672.2181578 495.00 2279
1681069672.2193813 496.00 2285
1681069672.2206395 496.00 2291
1681069672.2218752 498.00 2298
1681069672.2231338 496.00 2305
1681069672.2244084 496.00 2311
1681069672.2920213 496.00 2317
1681069672.2937858 496.00 2323
1681069672.2952855 496.00 2329
1681069672.2967982 496.00 2335
1681069672.2982738 496.00 2342
1681069672.299726 496.00 2349
1681069672.301258 496.00 2355
1681069672.3027291 496.00 2361
1681069672.3041596 496.00 2367
1681069672.3055813 500.00 2373
1681069672.3069322 496.00 2379
1681069672.3082883 496.00 2386
1681069672.3096237 496.00 2393
1681069672.3109455 496.00 2399
1681069672.3774338 496.00 2405
1681069672.3789191 496.00 2411
1681069672.380371 496.00 2417
1681069672.3818176 496.00 2423
1681069672.383262 496.00 2430
1681069672.3847158 496.00 2437
1681069672.3861911 496.00 2443
1681069672.387644 499.00 2449
1681069672.3889859 496.00 2455
1681069672.3902738 493.00 2461
1681069672.3915598 496.00 2467
1681069672.392889 496.00 2475
1681069672.3941803 496.00 2481
1681069672.4612305 496.00 2487
1681069672.462832 496.00 2493
1681069672.464288 496.00 2499
1681069672.4657633 496.00 2505
1681069672.467193 496.00 2511
1681069672.4686468 496.00 2519
1681069672.4700763 498.00 2525
1681069672.4713645 496.00 2531
1681069672.4727626 496.00 2537
1681069672.4741755 496.00 2543
1681069672.475581 496.00 2549
1681069672.4769833 496.00 2555
1681069672.478284 496.00 2563
1681069672.5448885 496.00 2569
1681069672.5466495 496.00 2575
1681069672.5481532 496.00 2581
1681069672.5496097 496.00 2587
1681069672.5510418 496.00 2593
1681069672.5525172 496.00 2599
1681069672.5538545 496.00 2607
1681069672.5551486 496.00 2613
1681069672.5564601 496.00 2619
1681069672.557758 496.00 2625
1681069672.5591853 496.00 2631
1681069672.5605304 496.00 2637
1681069672.5618598 496.00 2643
1681069672.5630703 496.00 2651
1681069672.6300347 496.00 2657
1681069672.6313975 495.00 2663
1681069672.6326878 496.00 2669
1681069672.633909 498.00 2675
1681069672.6351464 496.00 2681
1681069672.6363924 496.00 2688
1681069672.637642 496.00 2695
1681069672.6389089 496.00 2701
1681069672.6401792 496.00 2707
1681069672.6414173 496.00 2713
1681069672.6426475 496.00 2719
1681069672.643863 496.00 2725
1681069672.645133 496.00 2732
1681069672.7133846 496.00 2739
1681069672.714939 496.00 2745
1681069672.7163122 496.00 2751
1681069672.7176893 496.00 2757
1681069672.7189934 496.00 2763
1681069672.7203317 496.00 2769
1681069672.7216809 496.00 2776
1681069672.7229996 496.00 2783
1681069672.7243013 496.00 2789
1681069672.725507 496.00 2795
1681069672.7267053 496.00 2801
1681069672.7279093 496.00 2807
1681069672.729129 496.00 2813
1681069672.7303302 496.00 2820
1681069672.7986581 496.00 2827
1681069672.8000064 496.00 2833
1681069672.8013408 496.00 2839
1681069672.8025517 496.00 2845
1681069672.8038433 496.00 2851
1681069672.8052003 496.00 2857
1681069672.806528 501.00 2864
1681069672.8077748 496.00 2871
1681069672.8090615 496.00 2877
1681069672.8102999 496.00 2883
1681069672.8115416 496.00 2889
1681069672.8128352 496.00 2895
1681069672.814111 498.00 2902
1681069672.8828518 496.00 2908
1681069672.8843164 496.00 2915
1681069672.8861563 496.00 2921
1681069672.8876514 496.00 2927
1681069672.8891234 496.00 2933
1681069672.8905058 496.00 2939
1681069672.8917973 496.00 2946
1681069672.893121 496.00 2952
1681069672.8944132 496.00 2959
1681069672.8956988 496.00 2965
1681069672.8970327 496.00 2971
1681069672.89824 496.00 2977
1681069672.8994877 496.00 2983
1681069672.9662032 496.00 2990
1681069672.9678323 496.00 2996
1681069672.969305 496.00 3003
1681069672.9707344 496.00 3009
1681069672.9720407 494.00 3015
1681069672.9733965 496.00 3021
1681069672.974688 496.00 3027
1681069672.975989 496.00 3034
1681069672.9772675 496.00 3040
1681069672.9784703 496.00 3047
1681069672.9796944 498.00 3053
1681069672.980943 497.00 3059
1681069672.9821367 496.00 3065
1681069672.9833212 496.00 3072
1681069673.0514348 496.00 3078
1681069673.053139 496.00 3084
1681069673.054573 499.00 3091
1681069673.055973 497.00 3097
1681069673.057445 496.00 3103
1681069673.058762 496.00 3109
1681069673.0602767 496.00 3116
1681069673.061715 496.00 3122
1681069673.0631278 496.00 3128
1681069673.0644739 496.00 3135
1681069673.0657957 496.00 3141
1681069673.0670962 496.00 3147
1681069673.0685368 496.00 3153
1681069673.1349437 496.00 3160
1681069673.1367352 496.00 3166
1681069673.1382043 496.00 3172
1681069673.1395888 496.00 3179
1681069673.1410232 496.00 3185
1681069673.1423082 496.00 3191
1681069673.1435957 496.00 3197
1681069673.1448896 496.00 3204
1681069673.1461737 496.00 3210
1681069673.147455 496.00 3216
1681069673.1486998 496.00 3223
1681069673.1500201 496.00 3229
1681069673.1514087 496.00 3235
1681069673.1527548 496.00 3241
1681069673.2200074 496.00 3248
1681069673.2212749 496.00 3254
1681069673.2224772 496.00 3260
1681069673.2236843 497.00 3267
1681069673.2248964 496.00 3273
1681069673.2260785 496.00 3279
1681069673.2272606 496.00 3286
1681069673.228465 496.00 3292
1681069673.2296546 491.00 3298
1681069673.2308342 496.00 3304
1681069673.2320726 496.00 3311
1681069673.233314 496.00 3317
1681069673.2345324 496.00 3323
1681069673.304034 496.00 3330
1681069673.305415 496.00 3336
1681069673.306727 496.00 3342
1681069673.3080282 496.00 3348
1681069673.3093438 498.00 3355
1681069673.3106606 496.00 3361
1681069673.3119469 496.00 3367
1681069673.3133602 496.00 3374
1681069673.3147838 496.00 3380
1681069673.3161678 500.00 3386
1681069673.3174698 496.00 3392
1681069673.318811 502.00 3399
1681069673.3202302 496.00 3405
1681069673.3875978 496.00 3411
1681069673.3891966 496.00 3418
1681069673.390554 496.00 3424
1681069673.3920805 498.00 3430
1681069673.3937669 496.00 3436
1681069673.3951092 496.00 3443
1681069673.3964226 496.00 3449
1681069673.3977194 496.00 3456
1681069673.3990047 496.00 3462
1681069673.4003181 496.00 3468
1681069673.4016726 496.00 3474
1681069673.4029932 496.00 3480
1681069673.404292 496.00 3487
1681069673.405561 496.00 3493
1681069673.4730628 496.00 3500
1681069673.4744852 496.00 3506
1681069673.475804 496.00 3512
1681069673.4772713 496.00 3518
1681069673.4786608 496.00 3524
1681069673.48003 496.00 3531
1681069673.4813607 496.00 3537
1681069673.4826467 496.00 3544
1681069673.4839263 496.00 3550
1681069673.4852595 496.00 3556
1681069673.4867303 496.00 3562
1681069673.488101 496.00 3568
1681069673.489412 496.00 3575
1681069673.5563502 497.00 3581
1681069673.557891 496.00 3588
1681069673.5592146 496.00 3594
1681069673.5604308 496.00 3600
1681069673.5616279 496.00 3606
1681069673.5629058 500.00 3612
1681069673.5641966 496.00 3619
1681069673.5654194 496.00 3625
1681069673.5666165 496.00 3632
1681069673.5678017 496.00 3638
1681069673.569068 496.00 3644
1681069673.5703304 496.00 3650
1681069673.57154 498.00 3656
1681069673.572778 496.00 3663
1681069673.6415792 496.00 3670
1681069673.6431556 496.00 3676
1681069673.6445854 496.00 3682
1681069673.6464539 496.00 3688
1681069673.6477854 496.00 3694
1681069673.6492586 496.00 3700
1681069673.6508327 496.00 3707
1681069673.6523044 496.00 3714
1681069673.653683 496.00 3720
1681069673.6550272 496.00 3726
1681069673.6564388 498.00 3732
1681069673.657753 496.00 3738
1681069673.6590362 496.00 3744
1681069673.7251058 496.00 3751
1681069673.7268162 496.00 3758
1681069673.7283015 496.00 3764
1681069673.7297351 496.00 3770
1681069673.731148 496.00 3776
1681069673.7327425 496.00 3782
1681069673.734163 496.00 3788
1681069673.7355328 494.00 3795
1681069673.7369144 496.00 3802
1681069673.7383 496.00 3808
1681069673.7397044 496.00 3814
1681069673.7410672 496.00 3820
1681069673.7423654 496.00 3826
1681069673.809106 496.00 3832
1681069673.8106577 496.00 3840
1681069673.8119767 496.00 3846
1681069673.8133268 496.00 3852
1681069673.8146143 496.00 3858
1681069673.815923 496.00 3864
1681069673.8175094 496.00 3870
1681069673.818937 496.00 3876
1681069673.8204217 497.00 3884
1681069673.8217568 496.00 3890
1681069673.823203 496.00 3896
1681069673.8245666 496.00 3902
1681069673.825869 496.00 3908
1681069673.8270774 496.00 3914
1681069673.8943658 496.00 3920
1681069673.8959353 497.00 3928
1681069673.8976672 496.00 3934
1681069673.8991241 496.00 3940
1681069673.9004607 496.00 3946
1681069673.901833 496.00 3952
1681069673.9033294 496.00 3958
1681069673.9048483 496.00 3964
1681069673.9062767 496.00 3972
1681069673.9076455 496.00 3978
1681069673.9089863 496.00 3984
1681069673.910469 496.00 3990
1681069673.9117799 496.00 3996
1681069673.9777555 496.00 4002
1681069673.9794106 496.00 4008
1681069673.9808 496.00 4016
1681069673.9821522 496.00 4022
1681069673.9834685 496.00 4028
1681069673.98485 496.00 4034
1681069673.9861727 496.00 4040
1681069673.9874744 496.00 4046
1681069673.9888167 496.00 4052
1681069673.9901326 496.00 4060
1681069673.991446 494.00 4066
1681069673.9928198 496.00 4072
1681069673.994156 496.00 4078
1681069673.995475 496.00 4084
1681069674.063049 496.00 4090
1681069674.0646098 496.00 4097
1681069674.0660079 496.00 4103
1681069674.067347 496.00 4110
1681069674.0688026 496.00 4116
1681069674.0701249 496.00 4122
1681069674.07143 496.00 4128
1681069674.0729268 496.00 4134
1681069674.074492 496.00 4141
1681069674.075825 496.00 4148
1681069674.077194 496.00 4154
1681069674.078504 496.00 4160
1681069674.0798213 496.00 4166
1681069674.1464891 496.00 4172
1681069674.1480975 496.00 4178
1681069674.149532 498.00 4185
1681069674.1509852 496.00 4191
1681069674.1523194 496.00 4198
1681069674.153601 496.00 4204
1681069674.1551826 496.00 4210
1681069674.1565826 496.00 4216
1681069674.1579018 496.00 4222
1681069674.159182 496.00 4229
1681069674.160457 496.00 4236
1681069674.1617107 496.00 4242
1681069674.1629577 496.00 4248
1681069674.2304964 496.00 4254
1681069674.2321832 496.00 4260
1681069674.2336967 496.00 4267
1681069674.235148 496.00 4273
1681069674.2365696 496.00 4279
1681069674.2379692 496.00 4286
1681069674.239361 496.00 4292
1681069674.240739 496.00 4298
1681069674.2420099 496.00 4304
1681069674.2432728 496.00 4311
1681069674.2445374 496.00 4317
1681069674.2457964 496.00 4323
1681069674.2470381 496.00 4330
1681069674.2484946 499.00 4336
1681069674.315732 496.00 4342
1681069674.3172483 496.00 4348
1681069674.318654 496.00 4355
1681069674.3200288 496.00 4361
1681069674.3214622 496.00 4367
1681069674.322829 496.00 4374
1681069674.3242357 496.00 4380
1681069674.3255808 496.00 4386
1681069674.326928 496.00 4392
1681069674.3283272 496.00 4399
1681069674.329621 496.00 4405
1681069674.3308783 498.00 4412
1681069674.3322158 496.00 4418
1681069674.3992698 496.00 4424
1681069674.4009805 507.00 4430
1681069674.4024005 496.00 4436
1681069674.4037044 496.00 4443
1681069674.405025 496.00 4449
1681069674.406343 496.00 4455
1681069674.4076343 496.00 4462
1681069674.4089394 496.00 4468
1681069674.4102333 496.00 4474
1681069674.4115407 496.00 4481
1681069674.4128726 496.00 4487
1681069674.4141607 496.00 4493
1681069674.4153543 496.00 4499
1681069674.4165683 496.00 4506
1681069674.4844072 496.00 4512
1681069674.4857795 496.00 4518
1681069674.487089 496.00 4525
1681069674.4885335 492.00 4531
1681069674.4898667 496.00 4537
1681069674.4911854 496.00 4543
1681069674.4925423 496.00 4550
1681069674.4938807 496.00 4556
1681069674.4951825 496.00 4562
1681069674.4964845 496.00 4569
1681069674.4977722 496.00 4575
1681069674.498998 496.00 4581
1681069674.5002167 495.00 4587
1681069674.5679271 496.00 4594
1681069674.569526 496.00 4600
1681069674.57085 496.00 4606
1681069674.5722196 496.00 4613
1681069674.5736191 496.00 4619
1681069674.5750434 496.00 4625
1681069674.576348 496.00 4631
1681069674.5776544 497.00 4638
1681069674.5789518 496.00 4644
1681069674.5802605 496.00 4651
1681069674.5815756 496.00 4657
1681069674.5828662 496.00 4663
1681069674.5842288 496.00 4669
1681069674.6519 498.00 4675
1681069674.6537075 496.00 4682
1681069674.655251 496.00 4688
1681069674.6567376 496.00 4695
1681069674.6581585 496.00 4701
1681069674.6595175 496.00 4707
1681069674.6609023 496.00 4713
1681069674.6622884 496.00 4719
1681069674.663654 496.00 4726
1681069674.6651945 496.00 4732
1681069674.6664708 496.00 4739
1681069674.6677454 496.00 4745
1681069674.6690583 496.00 4751
1681069674.6703393 496.00 4757
1681069674.737255 496.00 4763
1681069674.7388096 496.00 4770
1681069674.7403605 496.00 4776
1681069674.7417402 496.00 4783
1681069674.743255 498.00 4789
1681069674.744725 496.00 4795
1681069674.7460785 496.00 4801
1681069674.7476313 496.00 4807
1681069674.7490482 496.00 4814
1681069674.750495 496.00 4820
1681069674.7521005 496.00 4827
1681069674.7535214 496.00 4833
1681069674.754881 496.00 4839
1681069674.8203905 496.00 4845
1681069674.8209925 496.00 4851
1681069674.821469 496.00 4858
1681069674.8219454 498.00 4865
1681069674.8224332 496.00 4871
1681069674.8229282 496.00 4877
1681069674.823438 496.00 4883
1681069674.8239467 496.00 4889
1681069674.824515 496.00 4895
1681069674.825079 496.00 4902
1681069674.8256423 496.00 4909
1681069674.8262162 496.00 4915
1681069674.8267825 496.00 4921
1681069674.827439 496.00 4927
1681069674.905887 496.00 4933
1681069674.907251 496.00 4939
1681069674.90865 494.00 4946
1681069674.909978 496.00 4953
1681069674.911292 496.00 4959
1681069674.9126914 496.00 4965
1681069674.9139972 496.00 4971
1681069674.9152977 496.00 4977
1681069674.9166262 496.00 4983
1681069674.9180055 497.00 4990
1681069674.919341 500.00 4997
1681069674.9205704 496.00 5003
1681069674.9217994 495.00 5009
1681069674.9893377 498.00 5015
1681069674.9908738 496.00 5021
1681069674.992242 496.00 5027
1681069674.993589 496.00 5035
1681069674.99491 496.00 5041
1681069674.9962306 496.00 5047
1681069674.9975705 496.00 5053
1681069674.998878 496.00 5059
1681069675.0001984 496.00 5065
1681069675.0018353 496.00 5071
1681069675.0030956 496.00 5079
1681069675.004323 496.00 5085
1681069675.0055525 497.00 5091
1681069675.0732691 496.00 5097
1681069675.075132 496.00 5103
1681069675.0767283 496.00 5109
1681069675.0781803 497.00 5115
1681069675.0796044 497.00 5123
1681069675.0810862 498.00 5129
1681069675.082511 498.00 5135
1681069675.083914 499.00 5141
1681069675.085489 500.00 5147
1681069675.0868032 500.00 5153
1681069675.0882967 501.00 5159
1681069675.0898187 502.00 5167
1681069675.0918376 502.00 5173
1681069675.093388 503.00 5179
1681069675.1585422 504.00 5185
1681069675.1597795 504.00 5191
1681069675.1610298 505.00 5197
1681069675.1622338 506.00 5203
1681069675.1634612 507.00 5211
1681069675.1647778 508.00 5217
1681069675.1660078 508.00 5223
1681069675.1672118 510.00 5229
1681069675.1684334 511.00 5235
1681069675.1699975 511.00 5241
1681069675.1712365 512.00 5248
1681069675.172482 513.00 5255
1681069675.1736968 513.00 5261
1681069675.2420983 514.00 5267
1681069675.2445736 515.00 5273
1681069675.2468712 515.00 5279
1681069675.2490327 516.00 5285
1681069675.2504497 517.00 5292
1681069675.2516866 518.00 5299
1681069675.2529652 518.00 5305
1681069675.254808 519.00 5311
1681069675.25706 520.00 5317
1681069675.2592306 520.00 5323
1681069675.2613688 521.00 5329
1681069675.2635648 522.00 5336
1681069675.2655973 522.00 5343
1681069675.2671504 523.00 5349
1681069675.3272662 523.00 5355
1681069675.3290083 523.00 5361
1681069675.3303483 524.00 5367
1681069675.3316545 524.00 5373
1681069675.3329797 524.00 5380
1681069675.334336 524.00 5387
1681069675.3356214 525.00 5393
1681069675.336971 525.00 5399
1681069675.3381937 525.00 5405
1681069675.3394015 526.00 5411
1681069675.340624 526.00 5417
1681069675.3418307 526.00 5424
1681069675.3430316 526.00 5431
1681069675.4107628 527.00 5437
1681069675.4123392 527.00 5443
1681069675.4137084 527.00 5449
1681069675.4150548 527.00 5455
1681069675.4164178 528.00 5462
1681069675.4179833 528.00 5468
1681069675.4193382 528.00 5475
1681069675.4205856 528.00 5481
1681069675.4217918 529.00 5487
1681069675.422993 529.00 5493
1681069675.4242187 529.00 5499
1681069675.4254277 529.00 5506
1681069675.426634 529.00 5512
1681069675.427867 529.00 5519
1681069675.4962327 529.00 5525
1681069675.4978242 529.00 5531
1681069675.4993181 529.00 5537
1681069675.5008473 530.00 5543
1681069675.5023403 530.00 5550
1681069675.503702 530.00 5556
1681069675.5051115 530.00 5563
1681069675.5064552 530.00 5569
1681069675.5077918 530.00 5575
1681069675.5092435 530.00 5581
1681069675.5107336 530.00 5587
1681069675.512102 530.00 5594
1681069675.513491 530.00 5600
1681069675.5802608 530.00 5607
1681069675.5817635 530.00 5613
1681069675.5831485 530.00 5619
1681069675.5845296 530.00 5625
1681069675.5858874 530.00 5632
1681069675.5872386 530.00 5638
1681069675.5886083 531.00 5644
1681069675.5899444 530.00 5651
1681069675.5913148 530.00 5657
1681069675.5930443 530.00 5663
1681069675.5944233 531.00 5669
1681069675.5957866 531.00 5676
1681069675.5971966 531.00 5682
1681069675.6634626 531.00 5688
1681069675.6653705 531.00 5695
1681069675.6668863 531.00 5701
1681069675.6683908 531.00 5707
1681069675.6698217 531.00 5713
1681069675.6712809 531.00 5720
1681069675.6728706 531.00 5726
1681069675.6744387 531.00 5732
1681069675.6758835 531.00 5739
1681069675.677387 531.00 5745
1681069675.6788392 531.00 5751
1681069675.68033 531.00 5757
1681069675.6817565 531.00 5764
1681069675.683208 531.00 5770
1681069675.7488978 531.00 5776
1681069675.7504914 531.00 5783
1681069675.7522664 531.00 5789
1681069675.753847 531.00 5795
1681069675.755379 531.00 5801
1681069675.7570262 531.00 5808
1681069675.7585382 531.00 5814
1681069675.759906 531.00 5820
1681069675.761313 531.00 5827
1681069675.7626562 531.00 5833
1681069675.764022 531.00 5839
1681069675.7654266 531.00 5846
1681069675.766899 531.00 5852
1681069675.8322957 531.00 5858
1681069675.8341901 531.00 5864
1681069675.8356807 531.00 5871
1681069675.8371587 531.00 5877
1681069675.838578 531.00 5883
1681069675.8399892 531.00 5890
1681069675.8414392 531.00 5896
1681069675.8428416 531.00 5902
1681069675.8442996 531.00 5908
1681069675.8457344 531.00 5915
1681069675.8471375 531.00 5921
1681069675.8484464 531.00 5927
1681069675.8497565 531.00 5934
1681069675.8511693 532.00 5940
1681069675.917569 531.00 5946
1681069675.9192603 531.00 5952
1681069675.920771 532.00 5959
1681069675.9222467 531.00 5965
1681069675.9236953 531.00 5971
1681069675.925152 531.00 5978
1681069675.9266207 532.00 5984
1681069675.9280775 531.00 5990
1681069675.9295259 532.00 5996
1681069675.9309242 532.00 6003
1681069675.9323263 532.00 6009
1681069675.933635 532.00 6016
1681069675.9349332 532.00 6022
1681069676.0013719 532.00 6028
1681069676.0027168 532.00 6034
1681069676.0040374 532.00 6040
1681069676.0053885 532.00 6047
1681069676.0066752 532.00 6053
1681069676.0079598 532.00 6060
1681069676.009297 532.00 6066
1681069676.0105238 532.00 6072
1681069676.0117655 532.00 6078
1681069676.0130472 532.00 6084
1681069676.014239 532.00 6091
1681069676.0154305 532.00 6097
1681069676.01663 532.00 6104
1681069676.0849152 532.00 6110
1681069676.0865848 532.00 6116
1681069676.0880706 532.00 6122
1681069676.0893686 532.00 6128
1681069676.0906422 532.00 6135
1681069676.0918775 532.00 6141
1681069676.0931726 532.00 6148
1681069676.0945582 532.00 6154
1681069676.0959647 532.00 6160
1681069676.0972497 532.00 6166
1681069676.0984926 532.00 6172
1681069676.0997922 532.00 6179
1681069676.101247 533.00 6185
1681069676.1025236 533.00 6192
1681069676.1702623 532.00 6198
1681069676.1717863 533.00 6204
1681069676.1732454 533.00 6210
1681069676.174609 533.00 6216
1681069676.175957 534.00 6223
1681069676.177546 533.00 6230
1681069676.1789286 533.00 6236
1681069676.1803489 533.00 6242
1681069676.1817036 533.00 6248
1681069676.182963 533.00 6254
1681069676.1842895 533.00 6260
1681069676.1855674 533.00 6267
1681069676.1868107 533.00 6274
1681069676.2535973 533.00 6280
1681069676.255123 533.00 6286
1681069676.2564533 533.00 6292
1681069676.2577546 534.00 6298
1681069676.2590973 533.00 6304
1681069676.2604249 533.00 6311
1681069676.2616775 533.00 6318
1681069676.2628624 533.00 6324
1681069676.264064 533.00 6330
1681069676.265285 533.00 6336
1681069676.266514 533.00 6342
1681069676.2678618 533.00 6348
1681069676.2691572 533.00 6355
1681069676.2703564 533.00 6362
1681069676.3388746 533.00 6368
1681069676.3404465 533.00 6374
1681069676.3418996 533.00 6380
1681069676.3432124 533.00 6386
1681069676.3445177 533.00 6392
1681069676.3458393 533.00 6400
1681069676.3471255 533.00 6406
1681069676.34842 533.00 6412
1681069676.3497233 533.00 6418
1681069676.3512437 533.00 6424
1681069676.3526762 533.00 6430
1681069676.3540552 533.00 6436
1681069676.3552787 533.00 6444
1681069676.4228027 534.00 6450
1681069676.4242225 533.00 6456
1681069676.425598 533.00 6462
1681069676.426929 533.00 6468
1681069676.4281952 533.00 6474
1681069676.4294162 533.00 6480
1681069676.4306448 533.00 6488
1681069676.4318638 533.00 6494
1681069676.4331372 533.00 6500
1681069676.4343503 533.00 6506
1681069676.435563 533.00 6512
1681069676.4368062 533.00 6518
1681069676.4380317 533.00 6524
1681069676.506347 533.00 6532
1681069676.5079463 533.00 6538
1681069676.5093083 533.00 6544
1681069676.5105777 533.00 6550
1681069676.5117602 533.00 6556
1681069676.5129585 533.00 6562
1681069676.5142055 533.00 6568
1681069676.5154977 533.00 6576
1681069676.5167994 533.00 6582
1681069676.5180142 533.00 6588
1681069676.5192707 533.00 6594
1681069676.520591 533.00 6600
1681069676.5218756 533.00 6606
1681069676.5230768 533.00 6612
1681069676.5916123 533.00 6620
1681069676.5931454 533.00 6626
1681069676.594595 533.00 6632
1681069676.5960996 533.00 6638
1681069676.5974574 533.00 6644
1681069676.598776 533.00 6650
1681069676.6001024 533.00 6657
1681069676.601608 533.00 6664
1681069676.603025 533.00 6670
1681069676.6043723 533.00 6676
1681069676.6056576 533.00 6682
1681069676.6069787 533.00 6688
1681069676.6082914 533.00 6694
1681069676.6749852 533.00 6701
1681069676.6767144 533.00 6708
1681069676.6780791 533.00 6714
1681069676.6794052 533.00 6720
1681069676.6807842 533.00 6726
1681069676.6821315 533.00 6732
1681069676.6834493 533.00 6738
1681069676.6848068 533.00 6745
1681069676.686044 533.00 6752
1681069676.6872535 533.00 6758
1681069676.688568 533.00 6764
1681069676.6898353 533.00 6770
1681069676.691054 533.00 6776
1681069676.692295 533.00 6782
1681069676.7603667 533.00 6789
1681069676.761899 533.00 6796
1681069676.7633762 533.00 6802
1681069676.7648685 533.00 6808
1681069676.7662268 533.00 6814
1681069676.7676332 533.00 6820
1681069676.7690625 533.00 6827
1681069676.770488 533.00 6833
1681069676.7718055 533.00 6840
1681069676.773189 533.00 6846
1681069676.774512 533.00 6852
1681069676.7764592 533.00 6858
1681069676.7778516 533.00 6864
1681069676.8437433 533.00 6871
1681069676.845414 533.00 6877
1681069676.8468282 533.00 6884
1681069676.8482685 533.00 6890
1681069676.8496895 533.00 6896
1681069676.8510177 533.00 6902
1681069676.85261 533.00 6908
1681069676.8540633 533.00 6915
1681069676.855378 533.00 6921
1681069676.8567288 533.00 6928
1681069676.8580425 533.00 6934
1681069676.8593524 533.00 6940
1681069676.8606825 533.00 6946
1681069676.9276712 533.00 6952
1681069676.928744 533.00 6959
1681069676.9295728 533.00 6965
1681069676.9305146 533.00 6972
1681069676.9315107 533.00 6978
1681069676.9325392 533.00 6984
1681069676.9338512 533.00 6990
1681069676.9348795 533.00 6996
1681069676.9358802 533.00 7003
1681069676.9369192 533.00 7009
1681069676.9379172 533.00 7016
1681069676.9389079 533.00 7022
1681069676.939901 533.00 7028
1681069676.9409359 533.00 7034
1681069677.0130243 533.00 7041
1681069677.0143669 533.00 7047
1681069677.0156696 534.00 7053
1681069677.0170548 533.00 7060
1681069677.0183625 533.00 7066
1681069677.0196512 533.00 7072
1681069677.0209627 533.00 7078
1681069677.0222442 533.00 7085
1681069677.023424 533.00 7091
1681069677.0246294 533.00 7097
1681069677.0258152 533.00 7104
1681069677.026999 533.00 7110
1681069677.0281932 533.00 7116
1681069677.0964103 533.00 7122
1681069677.0980012 533.00 7129
1681069677.0993857 533.00 7135
1681069677.1008875 533.00 7141
1681069677.1023598 533.00 7148
1681069677.1038032 533.00 7154
1681069677.1052039 533.00 7160
1681069677.1065326 533.00 7166
1681069677.1078508 533.00 7173
1681069677.1092103 533.00 7179
1681069677.1105304 533.00 7185
1681069677.1118834 533.00 7192
1681069677.1132412 533.00 7198
1681069677.1144636 534.00 7204
1681069677.1823566 533.00 7211
1681069677.1861453 533.00 7217
1681069677.187681 533.00 7223
1681069677.1891663 533.00 7229
1681069677.1904795 533.00 7236
1681069677.1917837 533.00 7242
1681069677.1931236 533.00 7248
1681069677.1944273 533.00 7255
1681069677.1957097 533.00 7261
1681069677.1970556 533.00 7267
1681069677.1983442 533.00 7273
1681069677.1996312 533.00 7279
1681069677.2009075 533.00 7286
1681069677.2651203 533.00 7292
1681069677.2666872 533.00 7299
1681069677.2682033 533.00 7305
1681069677.2697647 534.00 7311
1681069677.2711878 533.00 7317
1681069677.2725918 533.00 7323
1681069677.2738838 533.00 7330
1681069677.27517 533.00 7336
1681069677.2764728 533.00 7343
1681069677.2777662 533.00 7349
1681069677.2789803 534.00 7355
1681069677.2801962 533.00 7361
1681069677.2813904 533.00 7367
1681069677.3492715 533.00 7374
1681069677.3510249 533.00 7380
1681069677.3524122 533.00 7387
1681069677.3537395 533.00 7393
1681069677.3550377 533.00 7399
1681069677.3564596 533.00 7405
1681069677.3577719 533.00 7411
1681069677.358991 533.00 7418
1681069677.360208 533.00 7425
1681069677.3614287 533.00 7431
1681069677.3626378 533.00 7437
1681069677.3638418 533.00 7443
1681069677.3650532 533.00 7449
1681069677.3663101 533.00 7455
1681069677.4345481 533.00 7462
1681069677.436044 533.00 7469
1681069677.4375029 533.00 7475
1681069677.4388065 533.00 7481
1681069677.4401004 533.00 7487
1681069677.4414325 533.00 7493
1681069677.4427195 533.00 7499
1681069677.4440074 534.00 7506
1681069677.445327 533.00 7513
1681069677.4466293 533.00 7519
1681069677.4479303 533.00 7525
1681069677.4492607 533.00 7531
1681069677.4506962 533.00 7537
1681069677.5179489 533.00 7543
1681069677.5196443 533.00 7550
1681069677.5211394 533.00 7557
1681069677.5225792 533.00 7563
1681069677.523999 533.00 7569
1681069677.5254052 533.00 7575
1681069677.526784 534.00 7581
1681069677.528096 533.00 7587
1681069677.5294018 533.00 7595
1681069677.5307057 533.00 7601
1681069677.5319955 533.00 7607
1681069677.5333042 533.00 7613
1681069677.5347924 533.00 7619
1681069677.536147 533.00 7625
1681069677.6030798 533.00 7631
1681069677.6044989 533.00 7639
1681069677.6059384 533.00 7645
1681069677.6072404 533.00 7651
1681069677.60862 534.00 7657
1681069677.6100285 533.00 7663
1681069677.6113098 533.00 7669
1681069677.6126013 533.00 7675
1681069677.6138713 534.00 7683
1681069677.6151483 533.00 7689
1681069677.6164443 533.00 7695
1681069677.6179569 533.00 7701
1681069677.619292 533.00 7707
1681069677.6866674 533.00 7713
1681069677.6891418 533.00 7719
1681069677.6909714 533.00 7727
1681069677.6925683 534.00 7733
1681069677.6941516 533.00 7739
1681069677.6960247 533.00 7745
1681069677.6983054 533.00 7751
1681069677.7006917 533.00 7757
1681069677.703311 533.00 7763
1681069677.7142792 533.00 7771
1681069677.7169886 533.00 7777
1681069677.7197366 533.00 7783
1681069677.722439 533.00 7789
1681069677.7705762 533.00 7795
1681069677.773283 533.00 7801
1681069677.7757924 534.00 7808
1681069677.7781956 533.00 7815
1681069677.7807736 533.00 7821
1681069677.7833738 533.00 7827
1681069677.7859678 534.00 7833
1681069677.7885478 533.00 7839
1681069677.7910836 533.00 7845
1681069677.7935848 533.00 7852
1681069677.7961507 533.00 7859
1681069677.7985451 533.00 7865
1681069677.8007483 533.00 7871
1681069677.8021972 533.00 7877
1681069677.8557346 533.00 7883
1681069677.8570302 533.00 7889
1681069677.8582451 533.00 7896
1681069677.8595395 533.00 7903
1681069677.860851 533.00 7909
1681069677.8621485 533.00 7915
1681069677.863341 533.00 7921
1681069677.8645563 534.00 7927
1681069677.8657463 533.00 7933
1681069677.8671114 533.00 7940
1681069677.8684075 533.00 7947
1681069677.8697264 533.00 7953
1681069677.8709292 534.00 7959
1681069677.9393904 533.00 7965
1681069677.9410932 533.00 7971
1681069677.9425182 533.00 7977
1681069677.9438777 533.00 7984
1681069677.945209 533.00 7991
1681069677.9464934 533.00 7997
1681069677.9479063 533.00 8003
1681069677.9492965 533.00 8009
1681069677.9506 533.00 8015
1681069677.951902 533.00 8022
1681069677.9533184 533.00 8028
1681069677.9547231 533.00 8035
1681069677.955956 533.00 8041
1681069677.9573033 533.00 8047
1681069678.0245225 533.00 8053
1681069678.0257783 533.00 8059
1681069678.0270917 533.00 8066
1681069678.0283318 533.00 8072
1681069678.0295923 533.00 8079
1681069678.0308266 533.00 8085
1681069678.032031 534.00 8091
1681069678.0333161 533.00 8097
1681069678.034557 533.00 8103
1681069678.035756 533.00 8110
1681069678.0369766 533.00 8116
1681069678.0381722 533.00 8123
1681069678.0393703 533.00 8129
1681069678.1079412 533.00 8135
1681069678.1096985 533.00 8141
1681069678.1111512 533.00 8147
1681069678.112614 534.00 8154
1681069678.1140194 533.00 8160
1681069678.1153283 533.00 8167
1681069678.1167283 533.00 8173
1681069678.1180644 533.00 8179
1681069678.1193693 533.00 8185
1681069678.1207 533.00 8192
1681069678.1220133 534.00 8198
1681069678.1235847 533.00 8204
1681069678.1249907 533.00 8211
1681069678.1920502 533.00 8217
1681069678.193789 533.00 8223
1681069678.1953206 533.00 8229
1681069678.1968222 533.00 8236
1681069678.1982715 533.00 8242
1681069678.1997335 533.00 8248
1681069678.2012272 533.00 8255
1681069678.2025466 533.00 8261
1681069678.2038608 533.00 8267
1681069678.205149 533.00 8273
1681069678.2063668 533.00 8280
1681069678.2075927 533.00 8286
1681069678.2088616 533.00 8292
1681069678.2100673 533.00 8299
1681069678.2771854 534.00 8305
1681069678.278535 533.00 8311
1681069678.2799559 533.00 8317
1681069678.2812681 533.00 8324
1681069678.2825427 533.00 8330
1681069678.2838223 533.00 8336
1681069678.285142 533.00 8343
1681069678.2864354 533.00 8349
1681069678.2876854 533.00 8355
1681069678.2889967 533.00 8361
1681069678.2902098 533.00 8368
1681069678.2916086 533.00 8374
1681069678.292955 534.00 8380
1681069678.3607786 533.00 8387
1681069678.3623216 533.00 8393
1681069678.3636365 533.00 8399
1681069678.3649573 533.00 8406
1681069678.366248 533.00 8412
1681069678.3676152 533.00 8418
1681069678.3689964 533.00 8424
1681069678.3702226 533.00 8431
1681069678.3715093 533.00 8437
1681069678.372876 533.00 8443
1681069678.374072 533.00 8450
1681069678.375261 533.00 8456
1681069678.3764665 533.00 8462
1681069678.3776655 533.00 8468
1681069678.4461083 533.00 8475
1681069678.4475474 533.00 8481
1681069678.448901 533.00 8487
1681069678.4502273 533.00 8494
1681069678.4515243 533.00 8500
1681069678.4528456 533.00 8506
1681069678.4541442 533.00 8512
1681069678.4554298 533.00 8519
1681069678.4567444 533.00 8525
1681069678.4580247 533.00 8531
1681069678.4593117 533.00 8538
1681069678.4605758 533.00 8544
1681069678.4618435 533.00 8550
1681069678.529467 533.00 8556
1681069678.531111 533.00 8563
1681069678.532529 533.00 8569
1681069678.5339599 533.00 8576
1681069678.5353496 533.00 8582
1681069678.5367398 533.00 8588
1681069678.538118 533.00 8594
1681069678.539457 533.00 8600
1681069678.5407934 533.00 8607
1681069678.542079 533.00 8613
1681069678.5434368 533.00 8620
1681069678.5448012 533.00 8626
1681069678.546095 533.00 8632
1681069678.547669 533.00 8638
1681069678.614844 533.00 8644
1681069678.616379 533.00 8651
1681069678.6178637 533.00 8657
1681069678.6192565 533.00 8664
1681069678.6206396 533.00 8670
1681069678.621999 533.00 8676
1681069678.6233552 534.00 8682
1681069678.624807 533.00 8688
1681069678.6264668 533.00 8695
1681069678.6278236 533.00 8701
1681069678.6292365 533.00 8708
1681069678.6305797 533.00 8714
1681069678.6319673 533.00 8720
1681069678.6987588 533.00 8726
1681069678.7003038 533.00 8732
1681069678.7016828 533.00 8739
1681069678.7030659 533.00 8745
1681069678.7044404 533.00 8752
1681069678.7058852 533.00 8758
1681069678.7075667 533.00 8764
1681069678.709074 533.00 8770
1681069678.710421 533.00 8776
1681069678.7117703 533.00 8783
1681069678.7131422 533.00 8790
1681069678.7144845 533.00 8796
1681069678.7157423 533.00 8802
1681069678.7822223 533.00 8808
1681069678.7838628 533.00 8814
1681069678.7853205 533.00 8820
1681069678.7866774 533.00 8827
1681069678.78805 533.00 8834
1681069678.7894385 533.00 8840
1681069678.7907917 533.00 8846
1681069678.792182 533.00 8852
1681069678.7934349 533.00 8858
1681069678.7946754 533.00 8864
1681069678.7959108 533.00 8871
1681069678.7972205 533.00 8878
1681069678.7984586 533.00 8884
1681069678.7997518 533.00 8890
1681069678.867584 533.00 8896
1681069678.8692217 533.00 8902
1681069678.8706334 533.00 8908
1681069678.8720446 534.00 8915
1681069678.8734539 533.00 8922
1681069678.8748305 533.00 8928
1681069678.8762467 533.00 8934
1681069678.8776112 533.00 8940
1681069678.8789847 534.00 8946
1681069678.8803823 533.00 8952
1681069678.8817897 533.00 8960
1681069678.8833551 533.00 8966
1681069678.884778 533.00 8972
1681069678.950894 533.00 8978
1681069678.952603 533.00 8984
1681069678.9540884 533.00 8990
1681069678.9554913 533.00 8996
1681069678.9569318 533.00 9004
1681069678.9583988 533.00 9010
1681069678.9598305 533.00 9016
1681069678.9614058 533.00 9022
1681069678.9627488 533.00 9028
1681069678.9642212 533.00 9034
1681069678.965645 533.00 9040
1681069678.9671824 533.00 9048
1681069678.9686997 533.00 9054
1681069678.9700222 533.00 9060
1681069679.0360754 533.00 9066
1681069679.0375342 533.00 9072
1681069679.0389392 533.00 9078
1681069679.0403545 533.00 9084
1681069679.0417323 533.00 9092
1681069679.0431237 533.00 9098
1681069679.044516 533.00 9104
1681069679.0458412 533.00 9110
1681069679.047234 533.00 9116
1681069679.0485783 533.00 9122
1681069679.0500147 533.00 9128
1681069679.0513349 533.00 9136
1681069679.0526702 533.00 9142
1681069679.1204078 533.00 9148
1681069679.1220465 533.00 9154
1681069679.1234019 533.00 9160
1681069679.1247776 533.00 9166
1681069679.126125 533.00 9172
1681069679.1275003 533.00 9180
1681069679.1288204 533.00 9186
1681069679.130091 533.00 9192
1681069679.1313205 533.00 9198
1681069679.1327102 533.00 9204
1681069679.1340349 533.00 9210
1681069679.135286 533.00 9217
1681069679.1365554 533.00 9224
1681069679.2035675 533.00 9230
1681069679.2053897 533.00 9236
1681069679.206924 533.00 9242
1681069679.2084064 533.00 9248
1681069679.209916 533.00 9254
1681069679.211398 533.00 9261
1681069679.2128234 533.00 9268
1681069679.214256 533.00 9274
1681069679.2156255 533.00 9280
1681069679.217051 533.00 9286
1681069679.2184095 533.00 9292
1681069679.2197773 533.00 9298
1681069679.2212005 533.00 9305
1681069679.2225695 533.00 9312
1681069679.2889616 533.00 9318
1681069679.2905548 533.00 9324
1681069679.2919772 533.00 9330
1681069679.2936158 533.00 9336
1681069679.2951677 533.00 9342
1681069679.2965708 533.00 9349
1681069679.2979474 533.00 9356
1681069679.2993267 533.00 9362
1681069679.3008866 533.00 9368
1681069679.3022823 533.00 9374
1681069679.3036478 533.00 9380
1681069679.3050687 533.00 9387
1681069679.3064468 533.00 9393
1681069679.3725288 533.00 9400
1681069679.3744926 533.00 9406
1681069679.3759143 533.00 9412
1681069679.3774736 533.00 9418
1681069679.3788793 533.00 9424
1681069679.3802662 533.00 9431
1681069679.3816233 533.00 9437
1681069679.3829641 533.00 9444
1681069679.384363 533.00 9450
1681069679.3857093 533.00 9456
1681069679.3872395 533.00 9462
1681069679.3886251 533.00 9468
1681069679.3900025 533.00 9475
1681069679.3913758 533.00 9481
1681069679.4574342 534.00 9488
1681069679.4588494 533.00 9494
1681069679.4602757 534.00 9500
1681069679.4616208 533.00 9506
1681069679.4629192 533.00 9512
1681069679.4642274 533.00 9519
1681069679.4654927 533.00 9525
1681069679.466818 533.00 9532
1681069679.4682643 533.00 9538
1681069679.469534 533.00 9544
1681069679.470788 533.00 9550
1681069679.47205 533.00 9556
1681069679.473312 533.00 9563
1681069679.5416589 533.00 9569
1681069679.543092 533.00 9576
1681069679.544488 533.00 9582
1681069679.5458546 533.00 9588
1681069679.5472252 533.00 9594
1681069679.5486984 533.00 9601
1681069679.5502994 533.00 9607
1681069679.5515916 533.00 9613
1681069679.5528708 533.00 9620
1681069679.5541103 533.00 9626
1681069679.5553753 533.00 9632
1681069679.5566425 533.00 9638
1681069679.557884 533.00 9645
1681069679.6250362 533.00 9651
1681069679.626828 533.00 9657
1681069679.6284564 533.00 9664
1681069679.6300235 533.00 9670
1681069679.631653 533.00 9676
1681069679.6331427 533.00 9682
1681069679.6345317 533.00 9689
1681069679.635892 533.00 9695
1681069679.637308 533.00 9701
1681069679.6387117 533.00 9708
1681069679.6401737 534.00 9714
1681069679.641524 533.00 9720
1681069679.6428683 533.00 9726
1681069679.6442542 533.00 9733
1681069679.710221 533.00 9739
1681069679.7116237 533.00 9745
1681069679.7130563 533.00 9752
1681069679.7144065 533.00 9758
1681069679.7157567 533.00 9764
1681069679.7171776 533.00 9771
1681069679.718527 534.00 9777
1681069679.7198994 533.00 9783
1681069679.7213564 533.00 9789
1681069679.7227073 533.00 9796
1681069679.724096 533.00 9802
1681069679.725495 533.00 9808
1681069679.7269073 533.00 9815
1681069679.7937768 533.00 9821
1681069679.7954888 533.00 9827
1681069679.7969897 533.00 9833
1681069679.7983773 533.00 9840
1681069679.799849 533.00 9846
1681069679.8013487 533.00 9852
1681069679.8026767 533.00 9859
1681069679.8040192 533.00 9865
1681069679.8053946 533.00 9871
1681069679.8067489 533.00 9877
1681069679.8080473 533.00 9884
1681069679.8093228 533.00 9890
1681069679.810557 533.00 9896
1681069679.811798 533.00 9903
1681069679.8790152 533.00 9909
1681069679.880461 533.00 9915
1681069679.881841 533.00 9921
1681069679.883414 533.00 9928
1681069679.8848565 533.00 9934
1681069679.8862672 533.00 9940
1681069679.88763 533.00 9947
1681069679.8891182 533.00 9953
1681069679.8903909 533.00 9959
1681069679.891623 533.00 9965
1681069679.892901 533.00 9972
1681069679.8941712 533.00 9978
1681069679.8954945 533.00 9985
1681069679.9625733 533.00 9991
1681069679.9642537 533.00 9997
1681069679.9656973 533.00 10003
1681069679.9677737 533.00 10010
1681069679.9699569 533.00 10016
1681069679.9714468 533.00 10022
1681069679.9728773 533.00 10029
1681069679.9742389 533.00 10036
1681069679.9755166 533.00 10042
1681069679.976821 533.00 10048
1681069679.9781246 533.00 10055
1681069679.9794152 533.00 10061
1681069679.981023 533.00 10067
1681069680.0467002 533.00 10075
1681069680.0483687 533.00 10081
1681069680.0497792 533.00 10087
1681069680.051171 533.00 10094
1681069680.0525346 533.00 10100
1681069680.0539699 533.00 10106
1681069680.0553312 533.00 10113
1681069680.0566125 533.00 10120
1681069680.0578706 533.00 10126
1681069680.0591507 533.00 10132
1681069680.0604694 533.00 10139
1681069680.0617476 534.00 10145
1681069680.0630243 533.00 10151
1681069680.1307616 533.00 10159
1681069680.1315372 533.00 10165
1681069680.1322405 533.00 10171
1681069680.132854 533.00 10178
1681069680.1334667 533.00 10184
1681069680.134057 534.00 10190
1681069680.1346414 533.00 10196
1681069680.1352522 533.00 10204
1681069680.1358287 533.00 10210
1681069680.1364434 533.00 10216
1681069680.1370203 533.00 10223
1681069680.1376119 533.00 10229
1681069680.1382003 533.00 10235
1681069680.2151608 533.00 10243
1681069680.217056 533.00 10249
1681069680.2184453 533.00 10255
1681069680.219855 533.00 10262
1681069680.221295 533.00 10268
1681069680.2226806 533.00 10274
1681069680.2239697 533.00 10281
1681069680.225278 533.00 10288
1681069680.2265542 533.00 10294
1681069680.2278407 533.00 10300
1681069680.2291803 534.00 10307
1681069680.2304523 533.00 10313
1681069680.231728 533.00 10319
1681069680.2995625 533.00 10327
1681069680.30122 533.00 10333
1681069680.3026345 534.00 10339
1681069680.3040159 534.00 10346
1681069680.30543 533.00 10352
1681069680.3066952 534.00 10358
1681069680.3080106 533.00 10365
1681069680.3093324 533.00 10372
1681069680.310629 533.00 10378
1681069680.3118844 533.00 10384
1681069680.3131924 533.00 10391
1681069680.3144453 533.00 10397
1681069680.3159018 533.00 10403
1681069680.3837335 533.00 10411
1681069680.3854094 533.00 10417
1681069680.3869405 533.00 10423
1681069680.3884218 533.00 10430
1681069680.3898084 533.00 10436
1681069680.3912005 533.00 10442
1681069680.392689 533.00 10449
1681069680.3940902 533.00 10456
1681069680.3953426 533.00 10462
1681069680.3966317 533.00 10468
1681069680.3979187 533.00 10475
1681069680.3992257 533.00 10481
1681069680.400526 533.00 10487
1681069680.4679286 533.00 10494
1681069680.469697 533.00 10501
1681069680.4711618 533.00 10507
1681069680.472724 533.00 10514
1681069680.4741788 533.00 10520
1681069680.4755602 533.00 10526
1681069680.4769762 533.00 10533
1681069680.4784427 533.00 10540
1681069680.4798064 533.00 10546
1681069680.4812467 533.00 10552
1681069680.4826765 533.00 10559
1681069680.4840868 533.00 10565
1681069680.48552 533.00 10571
1681069680.5522673 533.00 10578
1681069680.553968 533.00 10585
1681069680.5553982 533.00 10591
1681069680.5567975 533.00 10598
1681069680.558183 533.00 10604
1681069680.5595696 533.00 10610
1681069680.5609727 533.00 10617
1681069680.5623968 533.00 10624
1681069680.5636814 533.00 10630
1681069680.5649657 533.00 10636
1681069680.5663054 533.00 10643
1681069680.567588 533.00 10649
1681069680.5688906 533.00 10655
1681069680.6365206 533.00 10662
1681069680.638289 533.00 10669
1681069680.6397648 533.00 10675
1681069680.6412222 533.00 10682
1681069680.642594 533.00 10688
1681069680.6439738 533.00 10694
1681069680.6464508 533.00 10701
1681069680.6489189 533.00 10707
1681069680.650732 533.00 10714
1681069680.6523647 533.00 10720
1681069680.6538887 534.00 10727
1681069680.6552966 533.00 10733
1681069680.6567445 533.00 10739
1681069680.658242 533.00 10746
1681069680.7220545 533.00 10753
1681069680.7236564 533.00 10759
1681069680.7253017 533.00 10766
1681069680.7268524 533.00 10772
1681069680.7283142 533.00 10778
1681069680.7297046 533.00 10785
1681069680.7310877 533.00 10791
1681069680.7325277 533.00 10798
1681069680.7339387 533.00 10805
1681069680.735344 533.00 10811
1681069680.7368343 533.00 10817
1681069680.7382464 533.00 10823
1681069680.7396348 533.00 10830
1681069680.8062658 533.00 10836
1681069680.807758 533.00 10843
1681069680.809323 533.00 10850
1681069680.8106568 533.00 10856
1681069680.8120704 533.00 10862
1681069680.8134577 533.00 10869
1681069680.8148234 533.00 10875
1681069680.816246 533.00 10882
1681069680.8176215 533.00 10889
1681069680.8189738 533.00 10895
1681069680.8203769 533.00 10901
1681069680.8217535 534.00 10907
1681069680.8231337 533.00 10914
1681069680.8904264 533.00 10920
1681069680.891767 533.00 10927
1681069680.893121 533.00 10934
1681069680.8943958 533.00 10940
1681069680.895659 533.00 10946
1681069680.8971071 533.00 10953
1681069680.8984044 533.00 10959
1681069680.89989 533.00 10966
1681069680.9016495 533.00 10973
1681069680.902981 533.00 10979
1681069680.904298 533.00 10985
1681069680.905573 533.00 10991
1681069680.9068327 533.00 10998
1681069680.974765 533.00 11004
1681069680.9762194 533.00 11011
1681069680.977642 533.00 11018
1681069680.9790726 533.00 11024
1681069680.9803574 533.00 11030
1681069680.9818273 533.00 11037
1681069680.983665 533.00 11043
1681069680.985095 533.00 11049
1681069680.9864454 533.00 11057
1681069680.9877958 533.00 11063
1681069680.9891005 533.00 11069
1681069680.990361 533.00 11075
1681069680.9916103 533.00 11082
1681069681.0593178 533.00 11088
1681069681.0611665 533.00 11095
1681069681.0626476 533.00 11102
1681069681.0643134 533.00 11108
1681069681.066168 533.00 11114
1681069681.067606 533.00 11121
1681069681.0690465 533.00 11127
1681069681.0704136 533.00 11133
1681069681.0717747 533.00 11141
1681069681.073235 533.00 11147
1681069681.0748737 533.00 11153
1681069681.0764685 533.00 11159
1681069681.07809 533.00 11166
1681069681.1429293 533.00 11172
1681069681.143848 533.00 11179
1681069681.1447482 533.00 11186
1681069681.1456175 533.00 11192
1681069681.1464798 533.00 11198
1681069681.1473253 533.00 11205
1681069681.1481905 533.00 11211
1681069681.149062 533.00 11217
1681069681.1499267 533.00 11225
1681069681.150782 533.00 11231
1681069681.1516314 533.00 11237
1681069681.1525037 533.00 11243
1681069681.153354 533.00 11250
1681069681.227514 533.00 11256
1681069681.2291265 533.00 11262
1681069681.2305129 533.00 11270
1681069681.2318861 533.00 11276
1681069681.2334862 533.00 11282
1681069681.235658 533.00 11289
1681069681.2374663 533.00 11295
1681069681.239201 533.00 11301
1681069681.2406437 533.00 11309
1681069681.2420003 533.00 11315
1681069681.2433856 533.00 11321
1681069681.2447808 533.00 11327
1681069681.2461252 533.00 11334
1681069681.311859 533.00 11340
1681069681.3134334 533.00 11346
1681069681.314813 533.00 11354
1681069681.3162582 533.00 11360
1681069681.31769 533.00 11366
1681069681.3193603 533.00 11373
