1681070847.85568 504.00 1
1681070847.97567 504.00 50
1681070847.9772694 504.00 52
1681070847.9785633 504.00 53
1681070847.9798865 505.00 56
1681070847.9811978 504.00 61
1681070847.9824455 504.00 65
1681070847.9836912 505.00 70
1681070847.9849494 505.00 75
1681070847.9862168 505.00 80
1681070847.987451 505.00 86
1681070847.988704 504.00 90
1681070847.9899433 504.00 95
1681070847.9912121 505.00 100
1681070847.9924638 504.00 105
1681070847.9936948 505.00 110
1681070847.9949477 504.00 115
1681070847.9962401 504.00 120
1681070848.0608003 505.00 125
1681070848.062191 504.00 131
1681070848.0634785 504.00 136
1681070848.0647728 504.00 141
1681070848.0660424 505.00 146
1681070848.067322 505.00 151
1681070848.0686028 505.00 156
1681070848.0702615 504.00 161
1681070848.0715344 504.00 166
1681070848.0728362 504.00 172
1681070848.0741594 505.00 177
1681070848.0754526 505.00 182
1681070848.0767624 505.00 188
1681070848.0780776 505.00 193
1681070848.0793066 505.00 199
1681070848.0805297 505.00 204
1681070848.1450934 505.00 210
1681070848.1465378 505.00 216
1681070848.147861 502.00 222
1681070848.1491942 502.00 227
1681070848.150658 502.00 233
1681070848.152083 502.00 238
1681070848.1535232 502.00 244
1681070848.1548254 502.00 249
1681070848.1561663 501.00 256
1681070848.1574736 502.00 261
1681070848.158887 502.00 266
1681070848.1602602 505.00 272
1681070848.1616633 505.00 278
1681070848.1630507 505.00 283
1681070848.1644096 505.00 289
1681070848.2293377 505.00 295
1681070848.2307239 505.00 301
1681070848.2320719 505.00 307
1681070848.2335784 505.00 312
1681070848.2350059 504.00 318
1681070848.2363546 505.00 324
1681070848.2377238 503.00 329
1681070848.2390676 505.00 335
1681070848.2404182 505.00 342
1681070848.2418451 504.00 347
1681070848.2432065 504.00 353
1681070848.2444665 505.00 359
1681070848.2456908 505.00 364
1681070848.2469027 504.00 370
1681070848.312679 505.00 376
1681070848.314274 507.00 381
1681070848.3156002 505.00 388
1681070848.3168678 505.00 394
1681070848.318101 504.00 399
1681070848.3193147 504.00 405
1681070848.3205893 505.00 410
1681070848.321907 505.00 416
1681070848.3231518 505.00 422
1681070848.3243892 507.00 428
1681070848.3256292 505.00 434
1681070848.326835 505.00 440
1681070848.3280344 505.00 445
1681070848.329303 504.00 451
1681070848.3305006 505.00 457
1681070848.3978326 503.00 462
1681070848.399273 504.00 468
1681070848.4009075 505.00 475
1681070848.4027095 505.00 480
1681070848.4041574 505.00 486
1681070848.4055626 505.00 491
1681070848.4068394 498.00 497
1681070848.4081292 504.00 503
1681070848.4094045 505.00 508
1681070848.4107726 504.00 515
1681070848.4120915 504.00 521
1681070848.4134154 504.00 526
1681070848.4150236 504.00 532
1681070848.4163413 504.00 538
1681070848.4176297 505.00 543
1681070848.4827857 505.00 549
1681070848.4843535 505.00 556
1681070848.4857907 505.00 561
1681070848.4872096 505.00 567
1681070848.488509 505.00 572
1681070848.489784 504.00 578
1681070848.4910557 505.00 584
1681070848.4923372 505.00 589
1681070848.4936142 505.00 595
1681070848.4952364 504.00 602
1681070848.4966927 505.00 607
1681070848.49798 504.00 613
1681070848.49925 505.00 619
1681070848.5005343 504.00 624
1681070848.56566 505.00 630
1681070848.5674834 505.00 636
1681070848.5689032 504.00 642
1681070848.5701835 505.00 648
1681070848.5714545 504.00 653
1681070848.5728505 504.00 659
1681070848.5741324 505.00 665
1681070848.5754013 505.00 670
1681070848.5766861 505.00 676
1681070848.577954 502.00 683
1681070848.579256 505.00 688
1681070848.580556 504.00 694
1681070848.5818243 505.00 700
1681070848.583144 505.00 705
1681070848.5846357 505.00 711
1681070848.650953 504.00 717
1681070848.6523771 505.00 722
1681070848.6537468 504.00 729
1681070848.6550255 505.00 735
1681070848.6563206 505.00 740
1681070848.6576164 504.00 746
1681070848.6588838 504.00 751
1681070848.6601684 511.00 757
1681070848.6614354 505.00 763
1681070848.6626844 504.00 769
1681070848.6639938 509.00 775
1681070848.6653233 504.00 781
1681070848.6667259 503.00 786
1681070848.668167 505.00 792
1681070848.734202 504.00 798
1681070848.735902 512.00 803
1681070848.7373674 505.00 809
1681070848.7386432 505.00 816
1681070848.7399106 503.00 821
1681070848.7412052 505.00 827
1681070848.742464 505.00 833
1681070848.7437248 504.00 838
1681070848.745027 505.00 844
1681070848.7462933 505.00 849
1681070848.7475564 504.00 856
1681070848.7489076 505.00 862
1681070848.7504385 504.00 867
1681070848.751758 510.00 873
1681070848.7531013 504.00 879
1681070848.8186252 504.00 884
1681070848.8190608 502.00 890
1681070848.819482 505.00 897
1681070848.8199043 504.00 902
1681070848.820375 505.00 908
1681070848.8208218 506.00 913
1681070848.821304 504.00 919
1681070848.8217978 504.00 925
1681070848.8223383 504.00 930
1681070848.822853 505.00 936
1681070848.8233953 504.00 943
1681070848.8239336 505.00 948
1681070848.8244894 505.00 954
1681070848.8250353 505.00 960
1681070848.9026222 505.00 965
1681070848.9043508 505.00 971
1681070848.9057636 505.00 977
1681070848.9071462 505.00 983
1681070848.9085417 505.00 989
1681070848.9098837 505.00 995
1681070848.9111562 504.00 1000
1681070848.9125316 505.00 1006
1681070848.913923 504.00 1012
1681070848.915246 503.00 1018
1681070848.9166536 504.00 1025
1681070848.9180791 504.00 1031
1681070848.9193819 505.00 1037
1681070848.9207058 505.00 1043
1681070848.9220064 505.00 1049
1681070848.9881992 502.00 1055
1681070848.9895701 505.00 1061
1681070848.990977 504.00 1068
1681070848.9924877 505.00 1074
1681070848.9938812 504.00 1080
1681070848.9951859 504.00 1086
1681070848.9966767 505.00 1092
1681070848.9979856 505.00 1098
1681070848.9993267 504.00 1104
1681070849.000794 505.00 1111
1681070849.002119 505.00 1117
1681070849.0034297 504.00 1123
1681070849.004785 504.00 1129
1681070849.0713756 504.00 1135
1681070849.0731115 505.00 1141
1681070849.0745368 506.00 1147
1681070849.0758812 505.00 1154
1681070849.0772371 505.00 1160
1681070849.0785553 505.00 1166
1681070849.0798566 504.00 1172
1681070849.0813103 505.00 1177
1681070849.0826411 505.00 1183
1681070849.083991 505.00 1189
1681070849.085357 504.00 1196
1681070849.086671 504.00 1202
1681070849.0879755 504.00 1208
1681070849.089319 504.00 1214
1681070849.1558013 505.00 1220
1681070849.1575575 505.00 1226
1681070849.1590228 505.00 1232
1681070849.160425 504.00 1239
1681070849.1618717 504.00 1245
1681070849.1632226 505.00 1251
1681070849.1645467 504.00 1257
1681070849.1658566 504.00 1263
1681070849.1671634 505.00 1269
1681070849.1684747 505.00 1275
1681070849.1698 506.00 1282
1681070849.17111 505.00 1288
1681070849.1724324 505.00 1294
1681070849.1737347 505.00 1300
1681070849.2407491 507.00 1306
1681070849.2421386 505.00 1312
1681070849.2434497 504.00 1318
1681070849.2447882 505.00 1325
1681070849.2463484 505.00 1331
1681070849.2478693 505.00 1337
1681070849.2492304 505.00 1343
1681070849.2509038 505.00 1349
1681070849.252446 510.00 1355
1681070849.25383 504.00 1361
1681070849.2551618 505.00 1368
1681070849.256521 505.00 1374
1681070849.2578552 504.00 1381
1681070849.2594645 504.00 1387
1681070849.3255122 505.00 1393
1681070849.3270795 505.00 1399
1681070849.3284526 504.00 1405
1681070849.3298159 505.00 1412
1681070849.3311405 505.00 1418
1681070849.3324947 504.00 1425
1681070849.3341808 505.00 1431
1681070849.3355393 505.00 1437
1681070849.3368936 508.00 1443
1681070849.3382192 505.00 1449
1681070849.339824 505.00 1456
1681070849.341303 505.00 1462
1681070849.3426337 505.00 1469
1681070849.4095 505.00 1475
1681070849.4109497 504.00 1481
1681070849.4123926 504.00 1487
1681070849.4137883 505.00 1494
1681070849.415156 505.00 1500
1681070849.4166067 505.00 1506
1681070849.4180498 505.00 1513
1681070849.4194853 505.00 1519
1681070849.4209392 505.00 1525
1681070849.4225461 500.00 1531
1681070849.4250913 505.00 1538
1681070849.4274993 504.00 1544
1681070849.4291952 503.00 1550
1681070849.492784 504.00 1557
1681070849.494573 505.00 1563
1681070849.4960759 505.00 1569
1681070849.4976566 503.00 1575
1681070849.499087 504.00 1582
1681070849.500596 505.00 1588
1681070849.5019784 506.00 1594
1681070849.5033555 504.00 1601
1681070849.5047407 505.00 1607
1681070849.5060973 505.00 1613
1681070849.5074577 505.00 1619
1681070849.5088375 505.00 1626
1681070849.510208 505.00 1632
1681070849.511553 504.00 1638
1681070849.5781655 505.00 1645
1681070849.5797193 505.00 1651
1681070849.5813065 505.00 1657
1681070849.5827692 503.00 1664
1681070849.5843987 504.00 1670
1681070849.5858715 505.00 1676
1681070849.5872602 504.00 1682
1681070849.5886629 505.00 1689
1681070849.5900373 504.00 1695
1681070849.5914311 504.00 1701
1681070849.5928185 505.00 1708
1681070849.5941927 504.00 1714
1681070849.5955472 505.00 1720
1681070849.6616523 504.00 1726
1681070849.6634464 505.00 1733
1681070849.6650186 504.00 1739
1681070849.6664767 505.00 1745
1681070849.6678693 505.00 1752
1681070849.669291 504.00 1758
1681070849.67068 505.00 1764
1681070849.672057 504.00 1770
1681070849.673481 510.00 1777
1681070849.6750102 505.00 1783
1681070849.6764987 504.00 1789
1681070849.6779134 504.00 1796
1681070849.6793232 505.00 1802
1681070849.680769 505.00 1808
1681070849.7467003 522.00 1814
1681070849.748067 505.00 1821
1681070849.749416 505.00 1827
1681070849.750731 505.00 1833
1681070849.7520373 505.00 1840
1681070849.753375 505.00 1846
1681070849.7547035 504.00 1852
1681070849.7563024 505.00 1858
1681070849.7581425 505.00 1865
1681070849.7595367 505.00 1871
1681070849.7609203 505.00 1878
1681070849.7622504 504.00 1884
1681070849.7635748 504.00 1890
1681070849.8308215 504.00 1896
1681070849.832263 505.00 1902
1681070849.833624 505.00 1909
1681070849.8349602 505.00 1915
1681070849.8363056 505.00 1922
1681070849.8376303 505.00 1928
1681070849.8394566 503.00 1934
1681070849.8415208 505.00 1940
1681070849.8429918 504.00 1946
1681070849.8443825 504.00 1953
1681070849.8457303 504.00 1959
1681070849.8470612 505.00 1966
1681070849.8483996 504.00 1972
1681070849.9143298 505.00 1978
1681070849.9159567 505.00 1984
1681070849.9173555 504.00 1990
1681070849.9186945 504.00 1997
1681070849.9202092 505.00 2003
1681070849.921549 504.00 2010
1681070849.9228673 505.00 2016
1681070849.9241953 505.00 2022
1681070849.925514 504.00 2028
1681070849.9268267 505.00 2034
1681070849.928146 505.00 2041
1681070849.9294636 504.00 2048
1681070849.9307768 505.00 2054
1681070849.9320602 505.00 2060
1681070849.9995298 505.00 2066
1681070850.0010576 505.00 2072
1681070850.0024135 504.00 2078
1681070850.003982 505.00 2085
1681070850.0055826 504.00 2092
1681070850.006937 504.00 2098
1681070850.0082908 505.00 2104
1681070850.009697 505.00 2110
1681070850.0111208 505.00 2116
1681070850.0124621 504.00 2122
1681070850.01378 505.00 2129
1681070850.0151114 505.00 2136
1681070850.016731 504.00 2142
1681070850.082936 505.00 2148
1681070850.0850976 505.00 2154
1681070850.0866067 505.00 2160
1681070850.0880759 505.00 2166
1681070850.0896187 505.00 2173
1681070850.0911696 505.00 2180
1681070850.0925255 505.00 2186
1681070850.0938587 507.00 2192
1681070850.0951927 505.00 2198
1681070850.0968177 505.00 2204
1681070850.0981598 505.00 2210
1681070850.099546 505.00 2217
1681070850.100974 505.00 2224
1681070850.1023805 505.00 2230
1681070850.16835 505.00 2236
1681070850.1699145 504.00 2242
1681070850.1713414 504.00 2248
1681070850.1727116 504.00 2254
1681070850.1740398 504.00 2260
1681070850.1753876 505.00 2268
1681070850.1770027 505.00 2274
1681070850.1783464 510.00 2280
1681070850.1796684 504.00 2286
1681070850.1810868 504.00 2292
1681070850.1825247 505.00 2298
1681070850.1838727 505.00 2306
1681070850.1852179 504.00 2312
1681070850.2522242 505.00 2318
1681070850.2536213 505.00 2324
1681070850.254984 505.00 2330
1681070850.2564573 505.00 2336
1681070850.2579565 505.00 2342
1681070850.2593625 504.00 2349
1681070850.26081 505.00 2356
1681070850.262191 505.00 2362
1681070850.263591 505.00 2368
1681070850.2650127 504.00 2374
1681070850.2664542 504.00 2380
1681070850.2678428 505.00 2386
1681070850.2692535 505.00 2394
1681070850.3357365 505.00 2400
1681070850.3373563 504.00 2406
1681070850.3387105 504.00 2412
1681070850.3403082 505.00 2418
1681070850.341856 505.00 2424
1681070850.3431976 505.00 2430
1681070850.344563 505.00 2437
1681070850.3458912 505.00 2444
1681070850.3472183 504.00 2450
1681070850.3485658 504.00 2456
1681070850.3502238 505.00 2462
1681070850.3516102 505.00 2468
1681070850.3530548 505.00 2475
1681070850.3544743 505.00 2482
1681070850.4208143 504.00 2488
1681070850.4221025 505.00 2494
1681070850.4233317 505.00 2500
1681070850.424588 505.00 2506
1681070850.4258091 505.00 2512
1681070850.4270234 505.00 2519
1681070850.428272 504.00 2525
1681070850.4295232 505.00 2532
1681070850.4307406 504.00 2538
1681070850.4320004 505.00 2544
1681070850.433471 502.00 2550
1681070850.4347641 504.00 2556
1681070850.4360003 505.00 2563
1681070850.5044758 504.00 2569
1681070850.5062144 505.00 2576
1681070850.50765 504.00 2582
1681070850.5090268 505.00 2588
1681070850.5103693 505.00 2594
1681070850.5116956 504.00 2600
1681070850.5130603 504.00 2607
1681070850.5143876 504.00 2613
1681070850.5157783 504.00 2620
1681070850.5175674 505.00 2626
1681070850.5192149 504.00 2632
1681070850.5205932 505.00 2638
1681070850.5219264 504.00 2644
1681070850.5232453 504.00 2651
1681070850.5895603 505.00 2657
1681070850.5909545 504.00 2664
1681070850.592313 505.00 2670
1681070850.593643 505.00 2676
1681070850.5949507 504.00 2682
1681070850.596261 505.00 2689
1681070850.5976593 505.00 2695
1681070850.5990288 505.00 2701
1681070850.6004288 505.00 2708
1681070850.601755 505.00 2714
1681070850.6030862 504.00 2720
1681070850.6044378 505.00 2726
1681070850.6057746 505.00 2733
1681070850.6731055 504.00 2739
1681070850.674679 505.00 2745
1681070850.6760247 504.00 2752
1681070850.6774127 505.00 2758
1681070850.678825 504.00 2764
1681070850.6801896 505.00 2770
1681070850.6815166 505.00 2777
1681070850.6828785 505.00 2783
1681070850.6842496 505.00 2789
1681070850.6856062 506.00 2796
1681070850.6869261 505.00 2802
1681070850.6882603 504.00 2808
1681070850.6895854 505.00 2814
1681070850.7572172 505.00 2821
1681070850.75895 505.00 2827
1681070850.7604704 505.00 2833
1681070850.7619238 504.00 2840
1681070850.7632852 505.00 2846
1681070850.7646294 504.00 2852
1681070850.765962 505.00 2859
1681070850.767384 502.00 2865
1681070850.768733 507.00 2871
1681070850.770045 505.00 2877
1681070850.7713618 505.00 2884
1681070850.7727165 505.00 2890
1681070850.774035 504.00 2896
1681070850.7753513 505.00 2903
1681070850.8423586 505.00 2909
1681070850.8438706 505.00 2915
1681070850.8453627 505.00 2921
1681070850.8467531 505.00 2928
1681070850.848093 505.00 2934
1681070850.8494377 505.00 2940
1681070850.8507533 505.00 2947
1681070850.852065 504.00 2953
1681070850.8534 504.00 2959
1681070850.8548656 505.00 2965
1681070850.8563132 504.00 2972
1681070850.8576596 505.00 2978
1681070850.8589845 504.00 2984
1681070850.9258447 505.00 2991
1681070850.9276433 504.00 2997
1681070850.9290872 504.00 3003
1681070850.9304338 505.00 3009
1681070850.9317546 504.00 3016
1681070850.9331062 504.00 3022
1681070850.9345145 504.00 3028
1681070850.9358737 505.00 3035
1681070850.9373505 504.00 3041
1681070850.9386811 505.00 3047
1681070850.9400053 505.00 3053
1681070850.941383 502.00 3060
1681070850.9427032 504.00 3066
1681070850.9440145 505.00 3073
1681070851.0111012 504.00 3079
1681070851.0125833 504.00 3085
1681070851.014192 505.00 3091
1681070851.0155602 505.00 3097
1681070851.0169566 505.00 3104
1681070851.0182953 504.00 3110
1681070851.0197077 505.00 3117
1681070851.0211518 505.00 3123
1681070851.022521 505.00 3129
1681070851.0238614 505.00 3135
1681070851.0252283 505.00 3141
1681070851.0265372 504.00 3148
1681070851.027845 504.00 3154
1681070851.0945697 504.00 3161
1681070851.0961754 505.00 3167
1681070851.097514 504.00 3173
1681070851.0988417 505.00 3179
1681070851.1001742 504.00 3185
1681070851.101485 504.00 3192
1681070851.1027842 505.00 3198
1681070851.1040802 504.00 3205
1681070851.105403 505.00 3211
1681070851.1067014 505.00 3217
1681070851.1080441 505.00 3223
1681070851.109503 505.00 3229
1681070851.1108165 505.00 3236
1681070851.1785727 504.00 3243
1681070851.1801815 505.00 3249
1681070851.181541 505.00 3255
1681070851.1829593 505.00 3261
1681070851.1843038 504.00 3267
1681070851.1856353 504.00 3273
1681070851.1869483 505.00 3280
1681070851.1882946 504.00 3287
1681070851.1896284 505.00 3293
1681070851.1909437 505.00 3299
1681070851.192273 504.00 3305
1681070851.1936166 505.00 3311
1681070851.194942 505.00 3317
1681070851.1962729 504.00 3324
1681070851.2637668 505.00 3331
1681070851.2652032 504.00 3337
1681070851.2665365 505.00 3343
1681070851.2678616 504.00 3349
1681070851.2692397 505.00 3355
1681070851.2705598 504.00 3361
1681070851.2718759 504.00 3368
1681070851.2732122 505.00 3375
1681070851.2745469 512.00 3381
1681070851.275857 505.00 3387
1681070851.2772305 505.00 3393
1681070851.2785532 504.00 3399
1681070851.2798667 504.00 3405
1681070851.3472912 504.00 3412
1681070851.3489368 505.00 3419
1681070851.350462 505.00 3425
1681070851.3518121 505.00 3431
1681070851.3531966 505.00 3437
1681070851.3545346 504.00 3443
1681070851.3559556 504.00 3449
1681070851.3574128 505.00 3457
1681070851.3587534 504.00 3463
1681070851.3600674 505.00 3469
1681070851.3614385 502.00 3475
1681070851.3628721 504.00 3481
1681070851.3642776 505.00 3487
1681070851.3656108 504.00 3493
1681070851.4328532 505.00 3501
1681070851.4342809 505.00 3507
1681070851.435644 505.00 3513
1681070851.4370925 504.00 3519
1681070851.4385197 505.00 3525
1681070851.4398391 505.00 3531
1681070851.4412007 505.00 3537
1681070851.442515 504.00 3545
1681070851.4438229 502.00 3551
1681070851.44522 505.00 3557
1681070851.4468365 504.00 3563
1681070851.448203 506.00 3569
1681070851.4495418 505.00 3575
1681070851.5159545 509.00 3581
1681070851.5177016 504.00 3589
1681070851.5192783 504.00 3595
1681070851.5207186 497.00 3601
1681070851.522077 511.00 3607
1681070851.5234506 504.00 3613
1681070851.5248454 505.00 3619
1681070851.5263896 505.00 3625
1681070851.527761 505.00 3633
1681070851.5291877 504.00 3639
1681070851.5305672 505.00 3645
1681070851.5321903 505.00 3651
1681070851.5337925 505.00 3657
1681070851.5999944 504.00 3663
1681070851.6016695 504.00 3670
1681070851.603048 504.00 3677
1681070851.604468 504.00 3683
1681070851.6058335 505.00 3689
1681070851.6073918 505.00 3695
1681070851.6088233 505.00 3701
1681070851.6102128 505.00 3707
1681070851.6115708 505.00 3714
1681070851.6130533 505.00 3721
1681070851.6144304 505.00 3727
1681070851.615874 504.00 3733
1681070851.6175609 504.00 3739
1681070851.6189258 505.00 3745
1681070851.6853158 505.00 3751
1681070851.6867015 509.00 3758
1681070851.6884062 505.00 3765
1681070851.6899164 505.00 3771
1681070851.6912615 503.00 3777
1681070851.692676 505.00 3783
1681070851.6940305 505.00 3789
1681070851.6952374 505.00 3795
1681070851.6964629 505.00 3802
1681070851.697669 504.00 3809
1681070851.698869 504.00 3815
1681070851.7004254 505.00 3821
1681070851.701983 505.00 3827
1681070851.768863 505.00 3833
1681070851.7707717 504.00 3840
1681070851.7722986 505.00 3846
1681070851.7736464 504.00 3853
1681070851.7750568 504.00 3859
1681070851.7764597 505.00 3865
1681070851.7777758 504.00 3871
1681070851.7792478 505.00 3877
1681070851.7812216 505.00 3884
1681070851.782842 505.00 3890
1681070851.7844336 504.00 3897
1681070851.7860951 505.00 3903
1681070851.7874072 504.00 3909
1681070851.7886565 505.00 3915
1681070851.8539433 504.00 3921
1681070851.8553002 506.00 3928
1681070851.8567722 505.00 3934
1681070851.8581772 505.00 3941
1681070851.859491 504.00 3947
1681070851.860821 505.00 3953
1681070851.862056 505.00 3959
1681070851.8632555 505.00 3965
1681070851.864491 505.00 3972
1681070851.8658333 504.00 3978
1681070851.8671672 504.00 3985
1681070851.8683977 504.00 3991
1681070851.8696058 505.00 3997
1681070851.9373338 505.00 4003
1681070851.9389486 504.00 4009
1681070851.9403932 505.00 4016
1681070851.9417226 504.00 4022
1681070851.9430223 504.00 4029
1681070851.9443498 505.00 4035
1681070851.9456778 505.00 4041
1681070851.9469233 505.00 4047
1681070851.9481611 505.00 4054
1681070851.9493725 505.00 4060
1681070851.9505706 505.00 4066
1681070851.9517615 505.00 4073
1681070851.9529893 505.00 4079
1681070852.0214186 504.00 4085
1681070852.023145 504.00 4091
1681070852.0246248 504.00 4098
1681070852.0260239 505.00 4104
1681070852.0276651 504.00 4110
1681070852.0292153 505.00 4117
1681070852.0306063 504.00 4123
1681070852.031973 504.00 4129
1681070852.0333998 505.00 4135
1681070852.0347543 504.00 4142
1681070852.0361211 505.00 4148
1681070852.037524 505.00 4154
1681070852.038881 504.00 4161
1681070852.0402496 504.00 4167
1681070852.1068366 504.00 4173
1681070852.1083646 504.00 4179
1681070852.1100287 504.00 4186
1681070852.1114714 505.00 4192
1681070852.112848 504.00 4198
1681070852.114318 505.00 4205
1681070852.1157258 505.00 4211
1681070852.117068 505.00 4217
1681070852.1183734 505.00 4224
1681070852.1196718 505.00 4230
1681070852.1211483 505.00 4236
1681070852.1225374 504.00 4242
1681070852.123855 504.00 4249
1681070852.1901436 504.00 4255
1681070852.191748 504.00 4261
1681070852.193307 504.00 4268
1681070852.1946344 505.00 4274
1681070852.195952 505.00 4280
1681070852.197307 504.00 4286
1681070852.1988003 504.00 4293
1681070852.2002945 505.00 4299
1681070852.201665 504.00 4305
1681070852.2029867 505.00 4312
1681070852.204383 505.00 4318
1681070852.2058027 504.00 4324
1681070852.2071996 504.00 4330
1681070852.208643 505.00 4337
1681070852.275291 505.00 4343
1681070852.2765045 504.00 4349
1681070852.277637 505.00 4356
1681070852.278749 504.00 4362
1681070852.2798672 505.00 4368
1681070852.2810135 505.00 4374
1681070852.282401 505.00 4381
1681070852.2836382 505.00 4387
1681070852.2848215 505.00 4393
1681070852.285938 504.00 4400
1681070852.2870467 504.00 4406
1681070852.2881796 505.00 4412
1681070852.289295 504.00 4418
1681070852.3588521 505.00 4425
1681070852.3606095 505.00 4431
1681070852.3621087 505.00 4438
1681070852.3637571 504.00 4444
1681070852.365253 505.00 4450
1681070852.3666122 504.00 4456
1681070852.367928 505.00 4462
1681070852.36927 504.00 4469
1681070852.3705814 507.00 4475
1681070852.3718984 505.00 4482
1681070852.37324 505.00 4488
1681070852.37456 505.00 4494
1681070852.375902 505.00 4500
1681070852.3775568 505.00 4506
1681070852.4444425 505.00 4513
1681070852.4461608 504.00 4519
1681070852.44763 505.00 4526
1681070852.449062 504.00 4532
1681070852.4504714 505.00 4538
1681070852.4517822 504.00 4544
1681070852.4531233 505.00 4550
1681070852.4544258 505.00 4557
1681070852.4557362 504.00 4563
1681070852.4574294 505.00 4570
1681070852.4587662 505.00 4576
1681070852.4600866 507.00 4582
1681070852.4614253 504.00 4588
1681070852.5281386 505.00 4594
1681070852.5296276 505.00 4601
1681070852.5309548 502.00 4608
1681070852.5322866 505.00 4614
1681070852.5337067 504.00 4620
1681070852.535036 504.00 4626
1681070852.5364063 505.00 4632
1681070852.5380974 509.00 4638
1681070852.5394537 506.00 4645
1681070852.5408273 505.00 4652
1681070852.54214 504.00 4658
1681070852.5434608 504.00 4664
1681070852.5447896 504.00 4670
1681070852.611592 505.00 4676
1681070852.6132247 504.00 4682
1681070852.614635 505.00 4689
1681070852.6161225 505.00 4696
1681070852.6178102 505.00 4702
1681070852.6192064 505.00 4708
1681070852.6205502 505.00 4714
1681070852.6218543 505.00 4720
1681070852.6231625 504.00 4726
1681070852.624484 504.00 4733
1681070852.6257908 504.00 4740
1681070852.627094 505.00 4746
1681070852.628409 504.00 4752
1681070852.6297157 505.00 4758
1681070852.6968646 505.00 4764
1681070852.6983964 504.00 4770
1681070852.6998584 504.00 4777
1681070852.701285 505.00 4784
1681070852.7026381 505.00 4790
1681070852.703995 504.00 4796
1681070852.705393 504.00 4802
1681070852.7067475 505.00 4808
1681070852.7080922 505.00 4814
1681070852.7094634 504.00 4822
1681070852.7108083 505.00 4828
1681070852.7123015 505.00 4834
1681070852.7136822 504.00 4840
1681070852.780415 505.00 4846
1681070852.7824144 505.00 4852
1681070852.783974 505.00 4858
1681070852.7855368 505.00 4866
1681070852.7870247 505.00 4872
1681070852.7884488 505.00 4878
1681070852.7898033 505.00 4884
1681070852.7911487 505.00 4890
1681070852.792543 505.00 4896
1681070852.7939072 504.00 4902
1681070852.7952707 503.00 4910
1681070852.7966378 504.00 4916
1681070852.7979856 504.00 4922
1681070852.7995188 504.00 4928
1681070852.865863 505.00 4934
1681070852.867766 505.00 4940
1681070852.8692467 505.00 4946
1681070852.8706317 505.00 4954
1681070852.8720033 505.00 4960
1681070852.873458 504.00 4966
1681070852.8748178 504.00 4972
1681070852.8762338 505.00 4978
1681070852.8776016 504.00 4984
1681070852.8789914 505.00 4990
1681070852.880408 505.00 4998
1681070852.8817847 505.00 5004
1681070852.8832884 505.00 5010
1681070852.94964 504.00 5016
1681070852.9510584 504.00 5022
1681070852.952502 505.00 5028
1681070852.9538841 504.00 5035
1681070852.9551883 505.00 5042
1681070852.9566398 505.00 5048
1681070852.9579773 505.00 5054
1681070852.9592154 505.00 5060
1681070852.9607716 504.00 5066
1681070852.962079 505.00 5072
1681070852.9633136 504.00 5079
1681070852.9646049 505.00 5086
1681070852.9658706 505.00 5092
1681070853.0330558 505.00 5098
1681070853.0346262 505.00 5104
1681070853.03599 504.00 5110
1681070853.0373814 505.00 5116
1681070853.038722 505.00 5123
1681070853.0400808 505.00 5130
1681070853.0414622 505.00 5136
1681070853.0427961 505.00 5142
1681070853.0441658 505.00 5148
1681070853.045535 505.00 5154
1681070853.0468879 505.00 5160
1681070853.0482767 505.00 5167
1681070853.0496051 505.00 5174
1681070853.05083 506.00 5180
1681070853.1184058 506.00 5186
1681070853.119873 506.00 5192
1681070853.1212459 507.00 5198
1681070853.1225493 506.00 5204
1681070853.1238518 507.00 5211
1681070853.1251917 507.00 5218
1681070853.126494 507.00 5224
1681070853.127816 507.00 5230
1681070853.1290834 508.00 5236
1681070853.1304708 508.00 5242
1681070853.1318288 508.00 5249
1681070853.1332185 508.00 5255
1681070853.1344252 509.00 5262
1681070853.2017157 509.00 5268
1681070853.2032948 509.00 5274
1681070853.2046916 510.00 5280
1681070853.2060375 509.00 5286
1681070853.2073998 510.00 5293
1681070853.2087677 510.00 5299
1681070853.2101007 511.00 5306
1681070853.211438 511.00 5312
1681070853.2127995 511.00 5318
1681070853.2140636 511.00 5324
1681070853.2153049 511.00 5330
1681070853.2165492 512.00 5337
1681070853.2177799 511.00 5343
1681070853.2189972 512.00 5350
1681070853.286953 512.00 5356
1681070853.288403 511.00 5362
1681070853.2897701 512.00 5368
1681070853.2911108 512.00 5374
1681070853.292491 512.00 5381
1681070853.2938166 513.00 5387
1681070853.2951105 513.00 5394
1681070853.296376 513.00 5400
1681070853.2976027 513.00 5406
1681070853.298901 513.00 5412
1681070853.3002062 513.00 5419
1681070853.3014646 513.00 5425
1681070853.3026965 513.00 5431
1681070853.3710623 513.00 5438
1681070853.3725307 513.00 5444
1681070853.3738933 513.00 5450
1681070853.375234 513.00 5456
1681070853.376673 513.00 5463
1681070853.3780124 513.00 5469
1681070853.3793156 513.00 5475
1681070853.3806372 513.00 5481
1681070853.3819814 513.00 5488
1681070853.383334 513.00 5494
1681070853.3846474 513.00 5500
1681070853.3858514 513.00 5507
1681070853.3871393 513.00 5513
1681070853.4545662 513.00 5519
1681070853.456173 513.00 5525
1681070853.4575596 513.00 5532
1681070853.4588718 513.00 5538
1681070853.4601915 513.00 5544
1681070853.4614937 513.00 5551
1681070853.462802 513.00 5557
1681070853.4641178 513.00 5563
1681070853.4655004 513.00 5569
1681070853.466801 513.00 5576
1681070853.4681003 513.00 5582
1681070853.4694126 513.00 5588
1681070853.4707112 513.00 5595
1681070853.4719527 513.00 5601
1681070853.539964 513.00 5607
1681070853.5415988 513.00 5613
1681070853.543142 513.00 5620
1681070853.544598 513.00 5626
1681070853.545971 513.00 5633
1681070853.547362 513.00 5639
1681070853.5487528 513.00 5645
1681070853.5501125 513.00 5651
1681070853.5516346 513.00 5657
1681070853.5530396 513.00 5664
1681070853.5544257 513.00 5670
1681070853.5557857 513.00 5677
1681070853.5571775 513.00 5683
1681070853.6232367 513.00 5689
1681070853.6250792 513.00 5695
1681070853.6266072 514.00 5701
1681070853.627982 513.00 5708
1681070853.6294007 513.00 5714
1681070853.6307578 513.00 5721
1681070853.6323318 513.00 5727
1681070853.6337285 513.00 5733
1681070853.6351087 513.00 5739
1681070853.636524 513.00 5745
1681070853.6378965 513.00 5752
1681070853.639286 513.00 5758
1681070853.640573 513.00 5765
1681070853.641831 513.00 5771
1681070853.7084796 513.00 5777
1681070853.7098453 513.00 5783
1681070853.7112687 513.00 5789
1681070853.7126749 513.00 5796
1681070853.7139888 513.00 5803
1681070853.7153068 513.00 5809
1681070853.7166455 513.00 5815
1681070853.7179666 513.00 5821
1681070853.7192736 513.00 5827
1681070853.7206123 513.00 5833
1681070853.7219317 513.00 5840
1681070853.7232375 513.00 5847
1681070853.72446 513.00 5853
1681070853.7918966 513.00 5859
1681070853.793499 513.00 5865
1681070853.7949262 513.00 5871
1681070853.7962828 513.00 5877
1681070853.7976062 513.00 5884
1681070853.7989373 513.00 5891
1681070853.8002756 513.00 5897
1681070853.801583 513.00 5903
1681070853.8028758 513.00 5909
1681070853.8041823 513.00 5915
1681070853.8054838 513.00 5921
1681070853.806806 513.00 5928
1681070853.8082104 513.00 5935
1681070853.8758647 513.00 5941
1681070853.8774402 513.00 5947
1681070853.8787909 513.00 5953
1681070853.8801377 514.00 5959
1681070853.8814619 513.00 5965
1681070853.882773 513.00 5972
1681070853.8840783 513.00 5979
1681070853.8854227 513.00 5985
1681070853.8867242 513.00 5991
1681070853.8881514 513.00 5997
1681070853.8894718 513.00 6003
1681070853.890771 513.00 6009
1681070853.8920631 513.00 6017
1681070853.8933437 513.00 6023
1681070853.9612334 513.00 6029
1681070853.96265 513.00 6035
1681070853.9640014 513.00 6041
1681070853.965488 513.00 6047
1681070853.966835 513.00 6053
1681070853.9681935 513.00 6061
1681070853.9695368 513.00 6067
1681070853.970864 513.00 6073
1681070853.972207 513.00 6079
1681070853.973556 513.00 6085
1681070853.974843 513.00 6091
1681070853.976072 513.00 6097
1681070853.9773314 513.00 6105
1681070854.0446465 513.00 6111
1681070854.046227 513.00 6117
1681070854.047659 513.00 6123
1681070854.049078 513.00 6129
1681070854.0503936 513.00 6135
1681070854.0516977 513.00 6141
1681070854.0530636 513.00 6149
1681070854.0543103 513.00 6155
1681070854.0555143 513.00 6161
1681070854.056739 513.00 6167
1681070854.0579376 513.00 6173
1681070854.0591285 513.00 6179
1681070854.0604296 513.00 6185
1681070854.0616453 513.00 6193
1681070854.1298335 513.00 6199
1681070854.1312325 513.00 6205
1681070854.132624 513.00 6211
1681070854.1339827 513.00 6217
1681070854.1353471 513.00 6223
1681070854.136693 513.00 6230
1681070854.1379397 513.00 6237
1681070854.1391513 513.00 6243
1681070854.1404133 513.00 6249
1681070854.1416428 513.00 6255
1681070854.1428647 513.00 6261
1681070854.1440864 513.00 6267
1681070854.1453533 513.00 6274
1681070854.213362 513.00 6281
1681070854.2150698 513.00 6287
1681070854.2165859 513.00 6293
1681070854.2180216 513.00 6299
1681070854.2194307 513.00 6305
1681070854.2208164 513.00 6311
1681070854.2221549 513.00 6318
1681070854.2234502 513.00 6325
1681070854.2247949 513.00 6331
1681070854.2260935 513.00 6337
1681070854.2273874 513.00 6343
1681070854.2287188 513.00 6349
1681070854.2300274 513.00 6355
1681070854.2974398 513.00 6362
1681070854.2990422 513.00 6369
1681070854.3004913 513.00 6375
1681070854.3018825 513.00 6381
1681070854.3032444 513.00 6387
1681070854.304826 513.00 6393
1681070854.3061929 513.00 6400
1681070854.3075807 513.00 6406
1681070854.3089395 513.00 6413
1681070854.310203 513.00 6419
1681070854.3114789 513.00 6425
1681070854.3127682 513.00 6431
1681070854.3140264 513.00 6437
1681070854.3152728 513.00 6444
1681070854.3827167 513.00 6450
1681070854.384349 513.00 6457
1681070854.3859656 513.00 6463
1681070854.3874896 513.00 6469
1681070854.3889651 513.00 6475
1681070854.390367 513.00 6481
1681070854.3917267 513.00 6488
1681070854.393116 513.00 6494
1681070854.3945463 513.00 6501
1681070854.3959043 513.00 6507
1681070854.3974679 513.00 6513
1681070854.3988516 513.00 6519
1681070854.400242 513.00 6525
1681070854.4660764 513.00 6532
1681070854.4676595 513.00 6538
1681070854.4692535 513.00 6545
1681070854.470727 514.00 6551
1681070854.4720905 513.00 6557
1681070854.473424 513.00 6563
1681070854.474728 513.00 6569
1681070854.4760299 513.00 6576
1681070854.4773536 513.00 6582
1681070854.4786527 513.00 6589
1681070854.4799566 513.00 6595
1681070854.4813585 513.00 6601
1681070854.4827409 513.00 6607
1681070854.4840682 513.00 6614
1681070854.5513318 513.00 6620
1681070854.5527568 513.00 6626
1681070854.5541348 513.00 6633
1681070854.555486 513.00 6639
1681070854.5570233 513.00 6645
1681070854.55835 513.00 6651
1681070854.5596306 513.00 6658
1681070854.5608437 513.00 6664
1681070854.5620368 513.00 6670
1681070854.5632381 513.00 6677
1681070854.5644743 513.00 6683
1681070854.5656745 513.00 6689
1681070854.5668628 513.00 6695
1681070854.6346972 513.00 6702
1681070854.6362739 513.00 6708
1681070854.6376128 513.00 6714
1681070854.6389232 513.00 6721
1681070854.6402571 513.00 6727
1681070854.6415703 513.00 6733
1681070854.6429677 513.00 6739
1681070854.6443102 513.00 6746
1681070854.6456294 513.00 6752
1681070854.6468832 513.00 6758
1681070854.6480808 513.00 6765
1681070854.6493104 513.00 6771
1681070854.6505065 513.00 6777
1681070854.7188463 513.00 6784
1681070854.7204506 513.00 6790
1681070854.7217765 513.00 6796
1681070854.72307 513.00 6802
1681070854.724388 513.00 6809
1681070854.7257743 513.00 6815
1681070854.727092 513.00 6821
1681070854.7285147 513.00 6828
1681070854.729834 513.00 6834
1681070854.7311177 513.00 6840
1681070854.7325466 513.00 6846
1681070854.733766 513.00 6853
1681070854.73497 513.00 6859
1681070854.7361856 513.00 6865
1681070854.8039992 514.00 6872
1681070854.8053813 513.00 6878
1681070854.8066893 513.00 6884
1681070854.8079894 513.00 6890
1681070854.809292 513.00 6897
1681070854.810584 513.00 6903
1681070854.8118985 513.00 6909
1681070854.8132339 513.00 6916
1681070854.8147936 513.00 6922
1681070854.8161442 513.00 6928
1681070854.8174224 513.00 6934
1681070854.8187044 513.00 6941
1681070854.81992 513.00 6947
1681070854.887603 513.00 6953
1681070854.8892226 513.00 6960
1681070854.8905616 513.00 6966
1681070854.8918679 513.00 6972
1681070854.8931818 513.00 6978
1681070854.8944788 513.00 6985
1681070854.8957732 513.00 6991
1681070854.8972657 513.00 6998
1681070854.89857 513.00 7004
1681070854.8999653 513.00 7010
1681070854.9013374 513.00 7016
1681070854.9026651 513.00 7022
1681070854.9039783 513.00 7029
1681070854.9052923 513.00 7035
1681070854.9727678 513.00 7042
1681070854.9741735 513.00 7048
1681070854.9754992 513.00 7054
1681070854.9768405 513.00 7060
1681070854.9781396 513.00 7066
1681070854.9794412 514.00 7073
1681070854.9809206 513.00 7079
1681070854.9823425 513.00 7086
1681070854.9836478 513.00 7092
1681070854.9849432 513.00 7098
1681070854.9861426 513.00 7104
1681070854.987338 513.00 7110
1681070854.9885633 513.00 7117
1681070855.0562546 513.00 7123
1681070855.0578146 514.00 7130
1681070855.059135 513.00 7136
1681070855.0605376 513.00 7142
1681070855.0618684 513.00 7148
1681070855.063168 513.00 7154
1681070855.0646954 513.00 7161
1681070855.066005 513.00 7168
1681070855.06731 513.00 7174
1681070855.068629 513.00 7180
1681070855.0699346 513.00 7186
1681070855.0712292 514.00 7192
1681070855.0725389 513.00 7198
1681070855.140266 513.00 7205
1681070855.1436386 514.00 7212
1681070855.1451533 513.00 7218
1681070855.1464906 513.00 7224
1681070855.148003 513.00 7230
1681070855.1494613 513.00 7236
1681070855.1508229 513.00 7242
1681070855.1521502 513.00 7249
1681070855.153463 513.00 7256
1681070855.1547544 513.00 7262
1681070855.1560438 513.00 7268
1681070855.15737 513.00 7274
1681070855.1586568 513.00 7280
1681070855.1600556 513.00 7286
1681070855.2255142 513.00 7293
1681070855.2268686 513.00 7300
1681070855.2283375 513.00 7306
1681070855.229669 513.00 7312
1681070855.231048 513.00 7318
1681070855.232584 514.00 7324
1681070855.2339025 513.00 7330
1681070855.2352023 513.00 7337
1681070855.2365186 513.00 7344
1681070855.2378173 513.00 7350
1681070855.239114 513.00 7356
1681070855.2404335 513.00 7362
1681070855.2417011 513.00 7368
1681070855.3089483 513.00 7374
1681070855.3106394 513.00 7382
1681070855.3120432 513.00 7388
1681070855.313499 513.00 7394
1681070855.3148997 513.00 7400
1681070855.3163047 513.00 7406
1681070855.3176866 513.00 7412
1681070855.3189945 513.00 7418
1681070855.320244 513.00 7426
1681070855.321511 513.00 7432
1681070855.322751 513.00 7438
1681070855.3242111 513.00 7444
1681070855.3255324 513.00 7450
1681070855.326797 513.00 7456
1681070855.3944683 513.00 7462
1681070855.3961668 514.00 7470
1681070855.3983097 513.00 7476
1681070855.399831 513.00 7482
1681070855.401204 513.00 7488
1681070855.4025445 513.00 7494
1681070855.4039848 513.00 7500
1681070855.4055023 514.00 7506
1681070855.406934 513.00 7514
1681070855.4084451 513.00 7520
1681070855.4099317 513.00 7526
1681070855.4113686 513.00 7532
1681070855.4126475 513.00 7538
1681070855.4776866 513.00 7544
1681070855.4793057 513.00 7550
1681070855.4807024 513.00 7558
1681070855.4820595 513.00 7564
1681070855.483396 513.00 7570
1681070855.484774 513.00 7576
1681070855.486248 513.00 7582
1681070855.4879446 513.00 7588
1681070855.4893157 514.00 7595
1681070855.4906046 513.00 7602
1681070855.4917998 513.00 7608
1681070855.4930282 513.00 7614
1681070855.4942276 513.00 7620
1681070855.495425 513.00 7626
1681070855.5628772 513.00 7632
1681070855.5643005 513.00 7639
1681070855.5656672 513.00 7646
1681070855.5670366 513.00 7652
1681070855.5684268 513.00 7658
1681070855.5697815 514.00 7664
1681070855.5711095 513.00 7670
1681070855.572475 513.00 7676
1681070855.573778 513.00 7683
1681070855.5749924 513.00 7690
1681070855.5762455 513.00 7696
1681070855.5774696 513.00 7702
1681070855.5786955 513.00 7708
1681070855.647035 513.00 7714
1681070855.6487186 513.00 7720
1681070855.650264 513.00 7727
1681070855.6517296 513.00 7734
1681070855.6531482 513.00 7740
1681070855.654481 513.00 7746
1681070855.6557968 513.00 7752
1681070855.6571624 513.00 7758
1681070855.6584914 513.00 7764
1681070855.6598089 513.00 7771
1681070855.6612916 513.00 7778
1681070855.6626117 513.00 7784
1681070855.6639218 513.00 7790
1681070855.7305224 513.00 7796
1681070855.7324543 513.00 7802
1681070855.7339427 513.00 7809
1681070855.7353773 513.00 7815
1681070855.736846 513.00 7822
1681070855.7381985 513.00 7828
1681070855.7394867 513.00 7834
1681070855.7408447 513.00 7840
1681070855.742156 513.00 7846
1681070855.743457 513.00 7853
1681070855.744793 513.00 7859
1681070855.7462718 513.00 7866
1681070855.7477314 513.00 7872
1681070855.749129 513.00 7878
1681070855.8155527 513.00 7884
1681070855.817114 513.00 7890
1681070855.8184545 513.00 7897
1681070855.8197603 513.00 7903
1681070855.8211052 513.00 7910
1681070855.8224137 513.00 7916
1681070855.8237152 513.00 7922
1681070855.8251612 513.00 7928
1681070855.8264635 513.00 7934
1681070855.8277588 513.00 7941
1681070855.8291113 513.00 7947
1681070855.8305657 513.00 7954
1681070855.8319125 513.00 7960
1681070855.8990963 513.00 7966
1681070855.9008622 513.00 7972
1681070855.9023688 513.00 7979
1681070855.9038754 513.00 7985
1681070855.9053836 513.00 7991
1681070855.9067078 513.00 7998
1681070855.9080405 513.00 8004
1681070855.909407 513.00 8010
1681070855.9108386 513.00 8016
1681070855.912252 513.00 8023
1681070855.9136364 513.00 8029
1681070855.9152505 513.00 8035
1681070855.9170413 513.00 8042
1681070855.9184036 513.00 8048
1681070855.9845448 513.00 8054
1681070855.98646 513.00 8060
1681070855.9881275 513.00 8067
1681070855.9894536 513.00 8073
1681070855.9907522 513.00 8079
1681070855.9920437 513.00 8086
1681070855.9933553 513.00 8092
1681070855.9946492 513.00 8098
1681070855.995945 513.00 8104
1681070855.9973693 513.00 8111
1681070855.9990587 513.00 8117
1681070856.0006704 513.00 8123
1681070856.0019925 513.00 8130
1681070856.068554 513.00 8136
1681070856.0700636 513.00 8142
1681070856.0714946 513.00 8148
1681070856.0729518 513.00 8155
1681070856.07431 513.00 8161
1681070856.0757198 513.00 8167
1681070856.0771291 513.00 8174
1681070856.0786808 513.00 8180
1681070856.0801976 513.00 8186
1681070856.081687 513.00 8193
1681070856.0830255 513.00 8199
1681070856.0843601 514.00 8205
1681070856.085683 513.00 8211
1681070856.1517894 513.00 8218
1681070856.1529272 513.00 8224
1681070856.1538146 513.00 8230
1681070856.1548429 513.00 8237
1681070856.1559453 513.00 8243
1681070856.1570501 513.00 8249
1681070856.1581383 513.00 8255
1681070856.1592155 513.00 8262
1681070856.1603081 513.00 8268
1681070856.1615481 513.00 8274
1681070856.1626527 513.00 8281
1681070856.1639152 513.00 8287
1681070856.1651127 513.00 8293
1681070856.166212 513.00 8299
1681070856.2371275 513.00 8306
1681070856.2385807 513.00 8312
1681070856.2400036 513.00 8318
1681070856.2414138 513.00 8325
1681070856.2427528 513.00 8331
1681070856.2440767 513.00 8337
1681070856.245483 513.00 8343
1681070856.2468174 513.00 8350
1681070856.2481768 513.00 8356
1681070856.249523 513.00 8363
1681070856.2508566 513.00 8369
1681070856.252218 513.00 8375
1681070856.2535636 513.00 8381
1681070856.3206017 513.00 8387
1681070856.322177 513.00 8394
1681070856.323503 513.00 8400
1681070856.3248584 513.00 8407
1681070856.3261838 513.00 8413
1681070856.327491 513.00 8419
1681070856.328827 513.00 8425
1681070856.3301213 513.00 8431
1681070856.3314295 513.00 8438
1681070856.332791 513.00 8444
1681070856.3341088 513.00 8451
1681070856.3354056 513.00 8457
1681070856.3367255 513.00 8463
1681070856.3379743 513.00 8469
1681070856.4058442 513.00 8475
1681070856.4073184 513.00 8482
1681070856.4088092 513.00 8488
1681070856.41024 513.00 8495
1681070856.4117763 513.00 8501
1681070856.4132667 513.00 8507
1681070856.4145763 513.00 8513
1681070856.4158714 513.00 8519
1681070856.4174788 513.00 8526
1681070856.4188807 513.00 8532
1681070856.4202313 513.00 8539
1681070856.421556 513.00 8545
1681070856.422852 513.00 8551
1681070856.4898627 513.00 8557
1681070856.4913278 513.00 8563
1681070856.4928336 513.00 8570
1681070856.4941874 513.00 8577
1681070856.4955354 513.00 8583
1681070856.497042 513.00 8589
1681070856.4984488 513.00 8595
1681070856.4997647 513.00 8601
1681070856.501111 513.00 8607
1681070856.5024028 513.00 8614
1681070856.503693 513.00 8621
1681070856.5050292 513.00 8627
1681070856.5063298 513.00 8633
1681070856.573438 513.00 8639
1681070856.5750346 513.00 8645
1681070856.576396 513.00 8651
1681070856.5777247 513.00 8658
1681070856.579037 513.00 8665
1681070856.5803869 513.00 8671
1681070856.581704 513.00 8677
1681070856.5830023 513.00 8683
1681070856.584334 513.00 8689
1681070856.585653 513.00 8695
1681070856.586962 513.00 8701
1681070856.5883038 513.00 8709
1681070856.5896254 513.00 8715
1681070856.590921 513.00 8721
1681070856.6585305 513.00 8727
1681070856.6599314 513.00 8733
1681070856.6613739 513.00 8739
1681070856.662745 513.00 8745
1681070856.6641455 513.00 8753
1681070856.665515 513.00 8759
1681070856.6668563 513.00 8765
1681070856.6682239 513.00 8771
1681070856.6695607 513.00 8777
1681070856.670899 513.00 8783
1681070856.6722484 513.00 8790
1681070856.6735811 513.00 8797
1681070856.6749194 513.00 8803
1681070856.7420022 513.00 8809
1681070856.7436657 513.00 8815
1681070856.7451968 513.00 8821
1681070856.7465606 513.00 8827
1681070856.7479317 513.00 8834
1681070856.7493289 513.00 8841
1681070856.750655 513.00 8847
1681070856.7519844 513.00 8853
1681070856.7533748 513.00 8859
1681070856.754717 513.00 8865
1681070856.7560668 513.00 8871
1681070856.7574482 513.00 8878
1681070856.7587845 513.00 8885
1681070856.7601206 513.00 8891
1681070856.8274589 513.00 8897
1681070856.8289707 513.00 8903
1681070856.8303745 513.00 8909
1681070856.831782 513.00 8915
1681070856.8331618 513.00 8922
1681070856.8344674 513.00 8929
1681070856.8360312 513.00 8935
1681070856.8373983 513.00 8941
1681070856.838713 513.00 8947
1681070856.8400166 513.00 8953
1681070856.8414903 513.00 8960
1681070856.842852 513.00 8966
1681070856.84418 513.00 8973
1681070856.910873 513.00 8979
1681070856.9133637 513.00 8985
1681070856.9155457 513.00 8991
1681070856.9177892 513.00 8997
1681070856.919994 513.00 9004
1681070856.9222088 513.00 9010
1681070856.9296372 513.00 9017
1681070856.9314206 513.00 9023
1681070856.933395 513.00 9029
1681070856.9357822 513.00 9035
1681070856.9384258 513.00 9041
1681070856.9411397 513.00 9048
1681070856.9438744 513.00 9054
1681070856.9947155 513.00 9061
1681070856.9968543 513.00 9067
1681070856.9984884 513.00 9073
1681070856.9997292 513.00 9079
1681070857.0008574 513.00 9085
1681070857.0019345 513.00 9092
1681070857.002983 513.00 9098
1681070857.0039546 513.00 9105
1681070857.0055785 513.00 9111
1681070857.007728 513.00 9117
1681070857.0100927 513.00 9123
1681070857.0125978 513.00 9129
1681070857.014719 513.00 9136
1681070857.0164373 513.00 9142
1681070857.079787 513.00 9149
1681070857.0808563 513.00 9155
1681070857.0818245 513.00 9161
1681070857.0827692 513.00 9167
1681070857.083705 513.00 9174
1681070857.0846753 513.00 9180
1681070857.0856056 513.00 9186
1681070857.086531 513.00 9193
1681070857.0874538 513.00 9199
1681070857.0884008 513.00 9205
1681070857.08934 513.00 9211
1681070857.0905077 513.00 9218
1681070857.0914867 513.00 9224
1681070857.1634636 513.00 9230
1681070857.1652968 513.00 9237
1681070857.1667747 513.00 9243
1681070857.1681674 513.00 9249
1681070857.1695027 513.00 9255
1681070857.1708248 513.00 9262
1681070857.1725245 513.00 9268
1681070857.1738744 513.00 9274
1681070857.1751878 513.00 9281
1681070857.1765325 513.00 9287
1681070857.1778717 513.00 9293
1681070857.1791992 513.00 9299
1681070857.1807644 513.00 9306
1681070857.1821163 513.00 9312
1681070857.2482126 513.00 9318
1681070857.2491345 513.00 9325
1681070857.2500627 513.00 9331
1681070857.2511528 513.00 9337
1681070857.2521942 514.00 9344
1681070857.2531922 513.00 9350
1681070857.2541845 513.00 9356
1681070857.2551997 513.00 9362
1681070857.256085 513.00 9369
1681070857.2569888 513.00 9375
1681070857.2578647 513.00 9381
1681070857.2587435 513.00 9388
1681070857.2596164 513.00 9394
1681070857.3321607 513.00 9400
1681070857.333842 513.00 9406
1681070857.33518 513.00 9413
1681070857.336516 513.00 9419
1681070857.3378623 513.00 9425
1681070857.3391826 513.00 9432
1681070857.3405077 513.00 9438
1681070857.3418171 513.00 9444
1681070857.343124 513.00 9450
1681070857.3444443 513.00 9457
1681070857.3457575 513.00 9463
1681070857.3472981 513.00 9469
1681070857.3486927 513.00 9476
1681070857.416231 513.00 9482
1681070857.4179251 513.00 9488
1681070857.4193997 513.00 9494
1681070857.4207463 513.00 9501
1681070857.422062 513.00 9507
1681070857.4233708 513.00 9513
1681070857.4247048 513.00 9520
1681070857.426015 513.00 9526
1681070857.427315 513.00 9532
1681070857.428639 513.00 9538
1681070857.4300513 513.00 9545
1681070857.4315102 513.00 9551
1681070857.4328935 513.00 9558
1681070857.4342246 513.00 9564
1681070857.50145 513.00 9570
1681070857.5029137 513.00 9576
1681070857.5045123 513.00 9582
1681070857.505948 513.00 9589
1681070857.507437 513.00 9595
1681070857.508805 513.00 9602
1681070857.510119 513.00 9608
1681070857.5114262 513.00 9614
1681070857.5128512 513.00 9620
1681070857.5143156 513.00 9626
1681070857.5156372 513.00 9633
1681070857.5171034 513.00 9639
1681070857.5184207 513.00 9646
1681070857.5848489 513.00 9652
1681070857.58653 513.00 9658
1681070857.5879076 513.00 9664
1681070857.5892718 513.00 9670
1681070857.5905838 513.00 9677
1681070857.591887 513.00 9683
1681070857.593266 513.00 9690
1681070857.59459 513.00 9696
1681070857.5958972 513.00 9702
1681070857.5974252 513.00 9708
1681070857.5987556 513.00 9714
1681070857.6002212 513.00 9721
1681070857.601558 513.00 9728
1681070857.602836 513.00 9734
1681070857.6701663 513.00 9740
1681070857.6716025 513.00 9746
1681070857.6730146 513.00 9752
1681070857.6744142 513.00 9758
1681070857.675773 513.00 9765
1681070857.6771624 513.00 9772
1681070857.678516 513.00 9778
1681070857.679981 513.00 9784
1681070857.6814876 513.00 9790
1681070857.6828527 513.00 9796
1681070857.6842406 513.00 9802
1681070857.685534 513.00 9809
1681070857.686784 513.00 9816
1681070857.753539 513.00 9822
1681070857.7550943 513.00 9828
1681070857.7564528 513.00 9834
1681070857.7577837 513.00 9840
1681070857.759087 513.00 9846
1681070857.7604022 513.00 9853
1681070857.7617013 513.00 9860
1681070857.7630627 513.00 9866
1681070857.764494 513.00 9872
1681070857.765809 513.00 9878
1681070857.7670639 513.00 9884
1681070857.768313 513.00 9890
1681070857.7695282 513.00 9897
1681070857.8375583 513.00 9904
1681070857.83913 513.00 9910
1681070857.8404837 513.00 9916
1681070857.84179 513.00 9922
1681070857.8430772 513.00 9928
1681070857.8446407 513.00 9934
1681070857.8460562 513.00 9942
1681070857.8474014 513.00 9948
1681070857.8486385 513.00 9954
1681070857.8498516 513.00 9960
1681070857.8510528 513.00 9966
1681070857.852284 513.00 9972
1681070857.8534908 513.00 9978
1681070857.854677 513.00 9986
1681070857.9228778 513.00 9992
1681070857.9243102 513.00 9998
1681070857.9256737 513.00 10004
1681070857.92699 513.00 10010
1681070857.9283369 513.00 10017
1681070857.9296854 513.00 10023
1681070857.931012 513.00 10030
1681070857.9323425 513.00 10037
1681070857.9336622 513.00 10043
1681070857.9349716 513.00 10049
1681070857.93623 513.00 10055
1681070857.9374444 513.00 10062
1681070857.9386468 513.00 10068
1681070858.0074854 513.00 10075
1681070858.0091796 513.00 10082
1681070858.0107667 513.00 10088
1681070858.0122988 513.00 10094
1681070858.013929 513.00 10101
1681070858.015326 513.00 10107
1681070858.0167646 513.00 10114
1681070858.0181448 513.00 10121
1681070858.0196326 513.00 10127
1681070858.0212152 513.00 10133
1681070858.0226316 513.00 10139
1681070858.0240107 513.00 10146
1681070858.0254507 513.00 10152
1681070858.0910025 513.00 10159
1681070858.0928066 513.00 10166
1681070858.0942228 513.00 10172
1681070858.095636 513.00 10178
1681070858.097083 513.00 10185
1681070858.098493 513.00 10191
1681070858.0998664 513.00 10198
1681070858.1012807 513.00 10205
1681070858.1026783 513.00 10211
1681070858.1040614 513.00 10217
1681070858.1056848 513.00 10224
1681070858.1070926 513.00 10230
1681070858.1084893 513.00 10236
1681070858.1750486 513.00 10243
1681070858.176641 513.00 10250
1681070858.1779773 513.00 10256
1681070858.179303 513.00 10262
1681070858.180643 513.00 10269
1681070858.1819556 513.00 10275
1681070858.183264 513.00 10281
1681070858.1845906 513.00 10289
1681070858.185945 513.00 10295
1681070858.187269 513.00 10301
1681070858.1887238 513.00 10308
1681070858.190074 513.00 10314
1681070858.19152 513.00 10320
1681070858.2593696 513.00 10327
1681070858.2610312 513.00 10334
1681070858.2623916 513.00 10340
1681070858.2639012 513.00 10346
1681070858.2654681 513.00 10353
1681070858.2668815 513.00 10359
1681070858.268512 513.00 10365
1681070858.2699296 513.00 10373
1681070858.2713094 513.00 10379
1681070858.2727413 513.00 10385
1681070858.2741277 513.00 10392
1681070858.2755353 513.00 10398
1681070858.2769918 513.00 10404
1681070858.343627 513.00 10411
1681070858.3452485 513.00 10418
1681070858.3467376 513.00 10424
1681070858.3482313 513.00 10430
1681070858.3495893 513.00 10437
1681070858.3509564 513.00 10443
1681070858.3524008 513.00 10449
1681070858.3537436 513.00 10457
1681070858.3550696 513.00 10463
1681070858.3564475 513.00 10469
1681070858.357797 513.00 10476
1681070858.3590627 513.00 10482
1681070858.3603187 513.00 10488
1681070858.4277875 513.00 10494
1681070858.4295044 513.00 10502
1681070858.4310513 513.00 10508
1681070858.432503 513.00 10514
1681070858.4338527 513.00 10521
1681070858.4351869 513.00 10527
1681070858.4365468 513.00 10533
1681070858.4378753 513.00 10541
1681070858.4391942 513.00 10547
1681070858.4405344 513.00 10553
1681070858.4418619 513.00 10560
1681070858.4432113 513.00 10566
1681070858.4446743 513.00 10572
1681070858.5121977 513.00 10578
1681070858.5141704 513.00 10586
1681070858.515664 513.00 10592
1681070858.5171597 513.00 10598
1681070858.5186224 513.00 10605
1681070858.5201228 513.00 10611
1681070858.521562 513.00 10617
1681070858.5229633 513.00 10625
1681070858.5243504 513.00 10631
1681070858.5256996 513.00 10637
1681070858.5270424 513.00 10644
1681070858.5283856 513.00 10650
1681070858.5298057 513.00 10656
1681070858.5964012 513.00 10662
1681070858.5981808 513.00 10670
1681070858.5997665 513.00 10676
1681070858.6013386 513.00 10682
1681070858.602744 513.00 10689
1681070858.604171 513.00 10695
1681070858.6057444 513.00 10701
1681070858.6072395 513.00 10708
1681070858.6087098 513.00 10715
1681070858.6101046 513.00 10721
1681070858.611517 513.00 10728
1681070858.612951 513.00 10734
1681070858.6143322 513.00 10740
1681070858.680597 513.00 10746
1681070858.68238 513.00 10754
1681070858.6839366 513.00 10760
1681070858.685562 513.00 10766
1681070858.6871145 513.00 10773
1681070858.6885626 513.00 10779
1681070858.6899872 513.00 10785
1681070858.6913924 513.00 10792
1681070858.6927967 513.00 10799
1681070858.694179 513.00 10805
1681070858.6955965 513.00 10812
1681070858.6970224 513.00 10818
1681070858.6984313 513.00 10824
1681070858.7648528 513.00 10831
1681070858.7666333 513.00 10838
1681070858.7681508 513.00 10844
1681070858.7697153 513.00 10850
1681070858.7711456 513.00 10857
1681070858.772559 513.00 10863
1681070858.773929 513.00 10869
1681070858.7752755 513.00 10876
1681070858.7766778 513.00 10883
1681070858.7780461 513.00 10889
1681070858.7794287 513.00 10896
1681070858.7808428 513.00 10902
1681070858.7822206 513.00 10908
1681070858.849129 513.00 10915
1681070858.8509147 513.00 10921
1681070858.8523374 513.00 10928
1681070858.853711 513.00 10934
1681070858.855072 513.00 10941
1681070858.856461 513.00 10947
1681070858.8578181 513.00 10953
1681070858.8591607 513.00 10960
1681070858.8605602 513.00 10967
1681070858.8620014 513.00 10973
1681070858.8636484 513.00 10980
1681070858.86517 513.00 10986
1681070858.866665 513.00 10992
1681070858.8680325 513.00 10999
1681070858.9346707 513.00 11005
1681070858.93605 513.00 11012
1681070858.9374769 513.00 11018
1681070858.9388094 513.00 11025
1681070858.9401736 513.00 11031
1681070858.9415154 513.00 11037
1681070858.9428475 513.00 11044
1681070858.9441779 513.00 11051
1681070858.9456344 513.00 11057
1681070858.9471207 513.00 11064
1681070858.9485686 513.00 11070
1681070858.9499583 513.00 11076
1681070858.9513297 513.00 11083
1681070859.0189226 513.00 11089
1681070859.020396 513.00 11096
1681070859.0218194 513.00 11102
1681070859.0232282 513.00 11109
1681070859.0246947 513.00 11115
1681070859.0260894 513.00 11121
1681070859.0277019 513.00 11128
1681070859.0291555 513.00 11134
1681070859.0305557 513.00 11141
1681070859.0319505 513.00 11148
1681070859.033424 513.00 11154
1681070859.0347955 513.00 11160
1681070859.0361922 513.00 11167
1681070859.1032634 513.00 11173
1681070859.104907 513.00 11180
1681070859.106469 513.00 11186
1681070859.1079917 513.00 11193
1681070859.109557 513.00 11199
1681070859.1109335 513.00 11205
1681070859.1123266 513.00 11212
1681070859.1139002 513.00 11218
1681070859.1153662 513.00 11225
1681070859.1167877 513.00 11232
1681070859.118173 513.00 11238
1681070859.1195965 513.00 11244
1681070859.1210146 513.00 11251
1681070859.1873565 513.00 11257
1681070859.1887631 513.00 11264
1681070859.190095 513.00 11270
1681070859.1914146 513.00 11277
1681070859.1927614 513.00 11283
1681070859.19407 513.00 11289
1681070859.1954925 513.00 11296
1681070859.1969178 513.00 11302
1681070859.1983137 513.00 11309
1681070859.1997197 513.00 11316
1681070859.2010744 513.00 11322
1681070859.202393 513.00 11328
1681070859.203719 513.00 11335
1681070859.2715669 514.00 11341
1681070859.2729738 513.00 11347
1681070859.2743142 513.00 11355
1681070859.2756374 513.00 11361
1681070859.2771788 513.00 11367
1681070859.2787187 513.00 11373
1681070859.280444 513.00 11380
1681070859.2818155 513.00 11386
1681070859.2831495 513.00 11393
1681070859.284493 513.00 11400
1681070859.2858188 513.00 11406
1681070859.2871394 513.00 11412
1681070859.288477 513.00 11419
1681070859.3559911 513.00 11425
1681070859.3575573 513.00 11431
1681070859.3591368 513.00 11439
1681070859.3606968 513.00 11445
1681070859.3620682 513.00 11451
1681070859.3636725 513.00 11457
1681070859.3652961 513.00 11464
1681070859.3667297 513.00 11470
1681070859.368057 513.00 11476
1681070859.3694088 513.00 11484
1681070859.3707438 513.00 11490
1681070859.3722239 513.00 11496
1681070859.3736002 513.00 11503
1681070859.440337 513.00 11509
1681070859.4419441 513.00 11515
1681070859.4433417 513.00 11523
1681070859.4447882 513.00 11529
1681070859.44618 513.00 11535
1681070859.447594 513.00 11541
1681070859.4490936 513.00 11548
1681070859.4504306 513.00 11554
1681070859.4517472 513.00 11560
1681070859.4531271 513.00 11568
1681070859.454523 513.00 11574
1681070859.456063 513.00 11580
1681070859.4575546 513.00 11587
1681070859.524676 513.00 11593
1681070859.5267894 513.00 11599
1681070859.528528 513.00 11607
1681070859.530022 513.00 11613
1681070859.5315764 513.00 11619
1681070859.5330884 513.00 11625
1681070859.5344832 513.00 11632
1681070859.5358536 513.00 11638
1681070859.5372589 513.00 11644
1681070859.5391877 513.00 11652
1681070859.5405793 513.00 11658
1681070859.5419166 513.00 11664
1681070859.543231 513.00 11671
1681070859.6086454 513.00 11677
1681070859.6100252 513.00 11683
1681070859.6113856 513.00 11691
1681070859.61289 513.00 11697
1681070859.614473 513.00 11703
1681070859.6158504 513.00 11709
1681070859.6172345 514.00 11716
1681070859.6185784 513.00 11722
1681070859.6199143 513.00 11728
1681070859.621308 513.00 11736
1681070859.6226554 513.00 11742
1681070859.623976 513.00 11748
1681070859.625332 513.00 11755
1681070859.6924458 513.00 11761
1681070859.6940677 513.00 11767
1681070859.6955557 513.00 11774
1681070859.6969872 513.00 11781
1681070859.6984258 513.00 11787
1681070859.699966 513.00 11793
1681070859.701472 513.00 11800
1681070859.7028577 513.00 11806
1681070859.7042484 513.00 11812
1681070859.7057378 513.00 11820
1681070859.7072618 513.00 11826
