1681054655.7555265 502.00 1
1681054655.875343 502.00 50
1681054655.8768587 502.00 52
1681054655.8782232 502.00 53
1681054655.879504 502.00 56
1681054655.8808632 502.00 61
1681054655.8822315 502.00 65
1681054655.8835106 502.00 70
1681054655.8847866 502.00 75
1681054655.8860798 502.00 80
1681054655.8873932 502.00 86
1681054655.8887417 502.00 90
1681054655.8899648 502.00 95
1681054655.8912141 502.00 100
1681054655.8925197 502.00 105
1681054655.893749 502.00 110
1681054655.8949585 502.00 115
1681054655.8961816 502.00 120
1681054655.9604316 502.00 125
1681054655.962048 502.00 131
1681054655.963454 502.00 136
1681054655.9647474 502.00 141
1681054655.9661186 502.00 146
1681054655.967406 502.00 151
1681054655.9686937 502.00 156
1681054655.9699962 502.00 161
1681054655.9713075 502.00 166
1681054655.9725916 502.00 172
1681054655.9739168 502.00 177
1681054655.9752448 502.00 182
1681054655.976573 502.00 187
1681054655.9777453 501.00 192
1681054655.9788892 502.00 197
1681054655.9800198 502.00 202
1681054656.0437133 502.00 207
1681054656.0451975 502.00 212
1681054656.0464714 501.00 218
1681054656.0476928 502.00 223
1681054656.048907 502.00 228
1681054656.0501354 502.00 233
1681054656.0513449 502.00 238
1681054656.0525541 502.00 243
1681054656.053802 502.00 248
1681054656.055011 502.00 253
1681054656.0565412 502.00 259
1681054656.0578616 502.00 263
1681054656.0590997 502.00 268
1681054656.060329 502.00 273
1681054656.0614963 502.00 278
1681054656.0626335 502.00 283
1681054656.0637598 502.00 288
1681054656.1281621 502.00 293
1681054656.1295633 502.00 299
1681054656.1307373 502.00 304
1681054656.132117 502.00 309
1681054656.1334648 502.00 314
1681054656.1346784 502.00 319
1681054656.1358254 502.00 324
1681054656.1372056 502.00 329
1681054656.1384768 502.00 334
1681054656.1396139 502.00 339
1681054656.1407335 502.00 345
1681054656.1418839 502.00 350
1681054656.1430073 502.00 355
1681054656.1441245 502.00 360
1681054656.1452425 502.00 365
1681054656.1464045 502.00 370
1681054656.2123678 502.00 375
1681054656.2139456 502.00 380
1681054656.2151988 502.00 386
1681054656.2164235 502.00 391
1681054656.2176666 502.00 396
1681054656.2188954 502.00 401
1681054656.2201126 502.00 406
1681054656.221321 501.00 411
1681054656.2229502 502.00 416
1681054656.2241995 502.00 421
1681054656.2254195 502.00 427
1681054656.2267046 502.00 432
1681054656.2278247 502.00 437
1681054656.2289388 502.00 442
1681054656.2300856 501.00 447
1681054656.2312043 502.00 452
1681054656.232318 502.00 457
1681054656.296809 502.00 462
1681054656.2982318 502.00 467
1681054656.2993746 502.00 473
1681054656.300496 505.00 478
1681054656.3016434 505.00 483
1681054656.3027802 505.00 488
1681054656.303904 505.00 493
1681054656.305024 504.00 498
1681054656.3062346 505.00 503
1681054656.3073702 510.00 508
1681054656.3085089 504.00 515
1681054656.3096888 505.00 520
1681054656.3108613 504.00 525
1681054656.3120148 505.00 531
1681054656.3131707 505.00 536
1681054656.3143604 502.00 542
1681054656.3818793 505.00 547
1681054656.3831992 505.00 553
1681054656.3844569 504.00 559
1681054656.3857477 504.00 565
1681054656.386988 504.00 570
1681054656.3882475 505.00 576
1681054656.3894963 504.00 581
1681054656.390746 505.00 587
1681054656.3919842 504.00 592
1681054656.3931863 505.00 599
1681054656.3943417 504.00 604
1681054656.395483 505.00 610
1681054656.3966298 505.00 615
1681054656.3978028 504.00 621
1681054656.3989506 504.00 626
1681054656.466348 504.00 632
1681054656.4677603 503.00 637
1681054656.4690895 504.00 644
1681054656.4704444 505.00 649
1681054656.4717746 504.00 655
1681054656.47309 504.00 660
1681054656.474436 504.00 666
1681054656.4758513 504.00 672
1681054656.4772153 504.00 677
1681054656.4787126 504.00 684
1681054656.480097 504.00 690
1681054656.4813912 504.00 695
1681054656.4827065 504.00 701
1681054656.4838722 504.00 706
1681054656.485037 504.00 712
1681054656.5505311 504.00 718
1681054656.5519254 504.00 723
1681054656.5533164 504.00 730
1681054656.5547223 504.00 736
1681054656.5559468 505.00 741
1681054656.5572073 504.00 747
1681054656.5588286 504.00 753
1681054656.5600963 505.00 758
1681054656.5613534 503.00 764
1681054656.562614 505.00 771
1681054656.5638354 504.00 776
1681054656.565053 504.00 782
1681054656.5663316 505.00 787
1681054656.5675738 504.00 793
1681054656.6338925 497.00 799
1681054656.6354036 504.00 804
1681054656.6366546 504.00 811
1681054656.637923 505.00 817
1681054656.6393182 501.00 822
1681054656.6405718 504.00 828
1681054656.6418319 504.00 834
1681054656.643052 504.00 839
1681054656.6442893 504.00 845
1681054656.645544 504.00 851
1681054656.6467876 504.00 857
1681054656.6479967 504.00 863
1681054656.649249 504.00 868
1681054656.650532 504.00 874
1681054656.6517692 504.00 880
1681054656.7189507 515.00 885
1681054656.7202919 504.00 891
1681054656.7216105 504.00 898
1681054656.7235594 504.00 903
1681054656.7252991 504.00 909
1681054656.7266996 503.00 915
1681054656.727999 504.00 920
1681054656.7292807 504.00 926
1681054656.7305803 504.00 932
1681054656.7318456 504.00 937
1681054656.7330952 504.00 944
1681054656.7342923 504.00 950
1681054656.735656 504.00 955
1681054656.736997 504.00 961
1681054656.802453 504.00 966
1681054656.8042853 508.00 972
1681054656.8057919 504.00 978
1681054656.8071134 504.00 984
1681054656.8083982 504.00 990
1681054656.809689 504.00 996
1681054656.810983 504.00 1001
1681054656.8122838 513.00 1007
1681054656.8135996 504.00 1013
1681054656.8148186 504.00 1019
1681054656.816017 504.00 1026
1681054656.8175523 504.00 1032
1681054656.8188305 504.00 1038
1681054656.820049 504.00 1044
1681054656.8865867 504.00 1050
1681054656.8881466 504.00 1056
1681054656.889548 504.00 1062
1681054656.8908787 504.00 1069
1681054656.8921897 504.00 1075
1681054656.8935063 504.00 1081
1681054656.8948054 504.00 1087
1681054656.8959994 504.00 1093
1681054656.8972094 504.00 1099
1681054656.8987815 504.00 1105
1681054656.9000218 504.00 1112
1681054656.9012375 504.00 1118
1681054656.9024727 504.00 1124
1681054656.903677 504.00 1130
1681054656.9710932 504.00 1136
1681054656.9729607 504.00 1142
1681054656.9743664 504.00 1148
1681054656.9755871 504.00 1155
1681054656.976799 504.00 1161
1681054656.9780428 504.00 1167
1681054656.9794283 504.00 1173
1681054656.980799 504.00 1179
1681054656.9820821 504.00 1185
1681054656.9833007 501.00 1191
1681054656.9845066 504.00 1198
1681054656.985727 501.00 1204
1681054656.986939 504.00 1210
1681054656.9881313 504.00 1216
1681054657.0562327 504.00 1222
1681054657.057655 504.00 1227
1681054657.0589945 505.00 1233
1681054657.0602996 505.00 1240
1681054657.0616171 504.00 1246
1681054657.0629408 504.00 1252
1681054657.0643015 504.00 1258
1681054657.0658994 504.00 1264
1681054657.0672212 505.00 1270
1681054657.0684204 504.00 1276
1681054657.0696368 504.00 1283
1681054657.0708404 504.00 1289
1681054657.072372 504.00 1295
1681054657.0736325 504.00 1301
1681054657.140443 504.00 1307
1681054657.141714 504.00 1313
1681054657.1429396 506.00 1319
1681054657.144142 500.00 1326
1681054657.1455615 504.00 1332
1681054657.1469412 505.00 1338
1681054657.1481826 504.00 1344
1681054657.149386 504.00 1350
1681054657.15062 504.00 1356
1681054657.1518235 505.00 1362
1681054657.1530142 504.00 1369
1681054657.154231 504.00 1375
1681054657.155531 504.00 1381
1681054657.2237506 504.00 1387
1681054657.225207 504.00 1393
1681054657.2266583 504.00 1399
1681054657.2280357 504.00 1405
1681054657.2292862 504.00 1412
1681054657.230506 504.00 1418
1681054657.2317252 504.00 1424
1681054657.2329206 505.00 1430
1681054657.234127 504.00 1436
1681054657.2353168 504.00 1442
1681054657.2365298 504.00 1448
1681054657.2377822 504.00 1455
1681054657.2394454 504.00 1461
1681054657.2408419 504.00 1467
1681054657.3082228 504.00 1473
1681054657.309828 504.00 1479
1681054657.3112056 504.00 1484
1681054657.3125155 504.00 1490
1681054657.3138268 504.00 1497
1681054657.3150976 504.00 1503
1681054657.3162842 504.00 1509
1681054657.3174686 504.00 1515
1681054657.318675 504.00 1521
1681054657.3201182 504.00 1527
1681054657.3214605 504.00 1533
1681054657.3230257 504.00 1540
1681054657.32427 504.00 1546
1681054657.325475 504.00 1552
1681054657.3925695 504.00 1558
1681054657.394147 504.00 1564
1681054657.3954666 504.00 1570
1681054657.396782 505.00 1576
1681054657.3981073 504.00 1583
1681054657.399409 504.00 1590
1681054657.4009168 504.00 1596
1681054657.4024808 504.00 1602
1681054657.4038208 504.00 1608
1681054657.4051852 504.00 1614
1681054657.4068403 505.00 1620
1681054657.4080653 504.00 1627
1681054657.4092786 504.00 1634
1681054657.4105277 505.00 1640
1681054657.4779007 504.00 1646
1681054657.479275 504.00 1652
1681054657.4806242 504.00 1658
1681054657.4822118 504.00 1665
1681054657.4837275 504.00 1671
1681054657.4850788 504.00 1678
1681054657.486422 504.00 1684
1681054657.4877303 504.00 1690
1681054657.4893525 505.00 1696
1681054657.4907634 504.00 1702
1681054657.4919763 504.00 1709
1681054657.493182 504.00 1715
1681054657.4945703 504.00 1722
1681054657.561873 504.00 1728
1681054657.5632472 503.00 1734
1681054657.5648284 505.00 1740
1681054657.56641 504.00 1746
1681054657.5676498 504.00 1753
1681054657.568868 504.00 1759
1681054657.5701082 504.00 1766
1681054657.5713158 504.00 1772
1681054657.572862 504.00 1778
1681054657.574133 504.00 1784
1681054657.5753534 504.00 1790
1681054657.5767522 504.00 1797
1681054657.5781422 504.00 1803
1681054657.6453726 504.00 1810
1681054657.6469798 504.00 1816
1681054657.6483555 504.00 1822
1681054657.6497223 504.00 1828
1681054657.6510837 504.00 1835
1681054657.6524127 504.00 1841
1681054657.6537683 497.00 1847
1681054657.655106 504.00 1854
1681054657.6565218 504.00 1860
1681054657.6578672 504.00 1866
1681054657.6590896 504.00 1872
1681054657.6603267 504.00 1879
1681054657.66157 504.00 1885
1681054657.662795 504.00 1891
1681054657.7305932 504.00 1898
1681054657.7319827 501.00 1904
1681054657.7333276 504.00 1910
1681054657.7346897 504.00 1916
1681054657.7360108 504.00 1923
1681054657.7376823 504.00 1929
1681054657.7394087 504.00 1935
1681054657.740826 504.00 1942
1681054657.742444 504.00 1948
1681054657.7438645 504.00 1954
1681054657.745103 504.00 1960
1681054657.7463636 504.00 1967
1681054657.747587 504.00 1973
1681054657.814018 504.00 1979
1681054657.8155649 506.00 1986
1681054657.816861 504.00 1992
1681054657.818288 504.00 1998
1681054657.8195662 505.00 2004
1681054657.820862 504.00 2011
1681054657.8222196 504.00 2017
1681054657.8234806 504.00 2023
1681054657.8247356 504.00 2030
1681054657.8260252 504.00 2036
1681054657.8273177 504.00 2042
1681054657.8285778 504.00 2049
1681054657.8298624 504.00 2055
1681054657.8311684 504.00 2061
1681054657.8992465 504.00 2067
1681054657.9006324 504.00 2074
1681054657.9019954 504.00 2080
1681054657.9033048 504.00 2086
1681054657.904707 504.00 2093
1681054657.9060571 504.00 2099
1681054657.9073694 504.00 2105
1681054657.908606 504.00 2111
1681054657.9098248 504.00 2118
1681054657.9110315 504.00 2124
1681054657.9123087 504.00 2130
1681054657.9135706 504.00 2137
1681054657.9148207 504.00 2143
1681054657.9833438 504.00 2149
1681054657.984798 504.00 2155
1681054657.9862492 504.00 2162
1681054657.987653 504.00 2168
1681054657.9893036 504.00 2174
1681054657.9907184 504.00 2181
1681054657.9920828 504.00 2187
1681054657.9934237 504.00 2193
1681054657.9948125 504.00 2199
1681054657.996191 504.00 2206
1681054657.9974566 504.00 2212
1681054657.9987636 504.00 2219
1681054658.0000596 504.00 2225
1681054658.0667875 503.00 2231
1681054658.0684183 504.00 2237
1681054658.0698438 504.00 2243
1681054658.0713472 504.00 2250
1681054658.0728202 504.00 2256
1681054658.0742822 504.00 2263
1681054658.075641 504.00 2269
1681054658.077023 504.00 2275
1681054658.0784092 504.00 2281
1681054658.079653 504.00 2287
1681054658.0808952 504.00 2294
1681054658.0821936 504.00 2300
1681054658.083438 504.00 2307
1681054658.0846784 504.00 2313
1681054658.1520798 504.00 2319
1681054658.153523 504.00 2325
1681054658.155061 504.00 2331
1681054658.1565564 504.00 2338
1681054658.1579835 504.00 2344
1681054658.1593912 504.00 2351
1681054658.1606948 504.00 2357
1681054658.161985 504.00 2363
1681054658.1632702 503.00 2369
1681054658.1645255 503.00 2375
1681054658.165814 503.00 2382
1681054658.1671145 504.00 2388
1681054658.168376 504.00 2395
1681054658.2355423 504.00 2401
1681054658.2373965 504.00 2407
1681054658.2395608 504.00 2413
1681054658.241121 504.00 2419
1681054658.2425382 505.00 2426
1681054658.244042 502.00 2433
1681054658.2454042 504.00 2439
1681054658.246788 504.00 2445
1681054658.2481527 504.00 2451
1681054658.24951 504.00 2457
1681054658.2508655 504.00 2463
1681054658.2521937 504.00 2470
1681054658.2534628 504.00 2477
1681054658.254768 504.00 2483
1681054658.3207057 504.00 2489
1681054658.322252 504.00 2495
1681054658.3236716 504.00 2501
1681054658.3250785 504.00 2507
1681054658.3264985 504.00 2514
1681054658.3278637 504.00 2521
1681054658.3292534 504.00 2527
1681054658.3306746 505.00 2533
1681054658.3319883 508.00 2539
1681054658.3332758 504.00 2545
1681054658.3345652 500.00 2551
1681054658.335858 504.00 2558
1681054658.3371606 504.00 2565
1681054658.4047132 504.00 2571
1681054658.4062362 504.00 2577
1681054658.407633 504.00 2583
1681054658.4090204 504.00 2589
1681054658.4105263 504.00 2595
1681054658.411917 504.00 2603
1681054658.413322 504.00 2609
1681054658.4147344 504.00 2615
1681054658.4161282 504.00 2621
1681054658.417563 505.00 2627
1681054658.4189303 504.00 2633
1681054658.420207 505.00 2639
1681054658.4214664 504.00 2647
1681054658.488293 504.00 2653
1681054658.4902806 504.00 2659
1681054658.4918268 504.00 2665
1681054658.493265 505.00 2671
1681054658.4946845 504.00 2677
1681054658.4960752 504.00 2683
1681054658.4974635 504.00 2691
1681054658.4988785 504.00 2697
1681054658.500277 504.00 2703
1681054658.5016665 504.00 2709
1681054658.5030599 504.00 2715
1681054658.504415 504.00 2721
1681054658.5058172 504.00 2727
1681054658.5072424 504.00 2735
1681054658.5735564 504.00 2741
1681054658.5749817 504.00 2747
1681054658.576443 504.00 2753
1681054658.5778391 504.00 2759
1681054658.5792325 504.00 2765
1681054658.5805955 505.00 2771
1681054658.5819774 504.00 2779
1681054658.5833156 504.00 2785
1681054658.5845563 504.00 2791
1681054658.5858123 504.00 2797
1681054658.5871038 504.00 2803
1681054658.5883486 500.00 2809
1681054658.5895982 504.00 2816
1681054658.6567209 505.00 2823
1681054658.6574564 504.00 2829
1681054658.658072 504.00 2835
1681054658.6586473 504.00 2841
1681054658.6592252 504.00 2847
1681054658.659794 504.00 2853
1681054658.6604395 504.00 2860
1681054658.6610332 504.00 2867
1681054658.6616182 505.00 2873
1681054658.6621985 504.00 2879
1681054658.662763 504.00 2885
1681054658.6633413 504.00 2891
1681054658.663906 504.00 2897
1681054658.664478 504.00 2904
1681054658.7422216 504.00 2911
1681054658.7435675 504.00 2917
1681054658.7448275 504.00 2923
1681054658.7461271 504.00 2929
1681054658.747416 504.00 2935
1681054658.7486775 504.00 2941
1681054658.7499301 504.00 2948
1681054658.7511961 504.00 2955
1681054658.7524378 504.00 2961
1681054658.7536995 504.00 2967
1681054658.7549472 505.00 2973
1681054658.75621 504.00 2979
1681054658.7574553 504.00 2985
1681054658.825698 504.00 2992
1681054658.827494 505.00 2999
1681054658.828928 504.00 3005
1681054658.8303754 505.00 3011
1681054658.8318079 504.00 3017
1681054658.8332345 504.00 3023
1681054658.834638 504.00 3030
1681054658.8359993 504.00 3036
1681054658.8375115 504.00 3043
1681054658.8387983 504.00 3049
1681054658.8400848 504.00 3055
1681054658.8416197 504.00 3061
1681054658.8429942 504.00 3067
1681054658.90965 504.00 3074
1681054658.91132 504.00 3080
1681054658.9127278 504.00 3087
1681054658.9141662 504.00 3093
1681054658.915548 504.00 3099
1681054658.9169056 504.00 3105
1681054658.9182286 504.00 3111
1681054658.919515 503.00 3118
1681054658.920917 504.00 3124
1681054658.9223735 504.00 3131
1681054658.9236565 504.00 3137
1681054658.924905 504.00 3143
1681054658.9262328 504.00 3149
1681054658.9274983 504.00 3155
1681054658.994869 504.00 3162
1681054658.9963236 504.00 3168
1681054658.9977806 504.00 3175
1681054658.9992375 504.00 3181
1681054659.0006366 504.00 3187
1681054659.002087 504.00 3193
1681054659.0034833 504.00 3200
1681054659.004861 504.00 3206
1681054659.0062997 504.00 3212
1681054659.0076945 504.00 3218
1681054659.008966 504.00 3225
1681054659.0102906 504.00 3231
1681054659.011565 505.00 3237
1681054659.0784047 504.00 3244
1681054659.0800438 504.00 3250
1681054659.0814617 504.00 3256
1681054659.082915 504.00 3263
1681054659.0843213 504.00 3269
1681054659.0857341 504.00 3275
1681054659.087137 504.00 3281
1681054659.0884109 504.00 3288
1681054659.0897055 504.00 3294
1681054659.0909665 504.00 3300
1681054659.092307 504.00 3306
1681054659.0935938 504.00 3313
1681054659.0949 504.00 3319
1681054659.0961823 504.00 3325
1681054659.1635842 504.00 3332
1681054659.1650546 504.00 3338
1681054659.1665354 505.00 3344
1681054659.1679316 504.00 3350
1681054659.169334 504.00 3357
1681054659.17076 504.00 3363
1681054659.1721697 504.00 3369
1681054659.1734817 504.00 3376
1681054659.1747763 504.00 3382
1681054659.1761446 504.00 3388
1681054659.177434 504.00 3394
1681054659.17869 504.00 3401
1681054659.1799312 504.00 3407
1681054659.2470593 504.00 3414
1681054659.248651 504.00 3420
1681054659.2503693 504.00 3426
1681054659.2519135 504.00 3432
1681054659.2531934 504.00 3438
1681054659.254526 504.00 3445
1681054659.2558024 504.00 3451
1681054659.2570705 504.00 3458
1681054659.2583613 504.00 3464
1681054659.2596147 504.00 3470
1681054659.2608583 504.00 3476
1681054659.2622697 504.00 3482
1681054659.2635412 504.00 3489
1681054659.3311057 505.00 3495
1681054659.3327115 506.00 3502
1681054659.3341675 504.00 3508
1681054659.335552 504.00 3514
1681054659.336908 505.00 3520
1681054659.338467 504.00 3527
1681054659.3398473 504.00 3533
1681054659.3411355 504.00 3539
1681054659.3424425 504.00 3546
1681054659.3437045 504.00 3552
1681054659.3449423 504.00 3558
1681054659.3462303 504.00 3564
1681054659.3474803 504.00 3571
1681054659.3487275 502.00 3577
1681054659.4164007 504.00 3584
1681054659.4178836 502.00 3590
1681054659.4193532 504.00 3596
1681054659.4209986 504.00 3602
1681054659.4228735 504.00 3608
1681054659.4242828 504.00 3614
1681054659.4255826 504.00 3621
1681054659.4268572 504.00 3628
1681054659.428135 505.00 3634
1681054659.4293756 504.00 3640
1681054659.4307134 504.00 3646
1681054659.4333975 504.00 3652
1681054659.4361281 504.00 3658
1681054659.500225 504.00 3665
1681054659.503058 504.00 3672
1681054659.505879 505.00 3678
1681054659.508387 504.00 3684
1681054659.510879 504.00 3690
1681054659.5133622 504.00 3696
1681054659.5158956 504.00 3702
1681054659.518495 504.00 3709
1681054659.5210507 504.00 3716
1681054659.5224264 504.00 3722
1681054659.5236933 504.00 3728
1681054659.5249429 504.00 3734
1681054659.5262449 504.00 3740
1681054659.5274954 504.00 3746
1681054659.5846634 504.00 3753
1681054659.5856252 504.00 3760
1681054659.5865483 504.00 3766
1681054659.5877209 504.00 3772
1681054659.5886512 504.00 3778
1681054659.5895958 504.00 3784
1681054659.5905204 504.00 3790
1681054659.591418 504.00 3798
1681054659.5923111 504.00 3804
1681054659.5932338 504.00 3810
1681054659.594174 504.00 3816
1681054659.5950584 504.00 3822
1681054659.5959587 504.00 3828
1681054659.6684475 504.00 3834
1681054659.6699593 504.00 3842
1681054659.6712754 504.00 3848
1681054659.6725564 504.00 3854
1681054659.6738605 504.00 3860
1681054659.6751492 504.00 3866
1681054659.6763844 504.00 3872
1681054659.6776574 502.00 3878
1681054659.6789036 504.00 3886
1681054659.680172 504.00 3892
1681054659.6814184 505.00 3898
1681054659.6826992 504.00 3904
1681054659.6839597 504.00 3910
1681054659.7525852 504.00 3916
1681054659.7543607 504.00 3922
1681054659.7557926 505.00 3930
1681054659.7572103 504.00 3936
1681054659.7586188 511.00 3942
1681054659.759995 504.00 3948
1681054659.7612772 504.00 3954
1681054659.762563 504.00 3960
1681054659.7638628 504.00 3966
1681054659.7651653 504.00 3974
1681054659.7665205 504.00 3980
1681054659.7677948 504.00 3986
1681054659.7690983 504.00 3992
1681054659.7704003 504.00 3998
1681054659.8379707 504.00 4004
1681054659.8394618 504.00 4011
1681054659.8408508 504.00 4018
1681054659.842292 504.00 4024
1681054659.8436854 502.00 4030
1681054659.8450923 504.00 4036
1681054659.8464909 504.00 4042
1681054659.8478842 504.00 4048
1681054659.8492782 504.00 4055
1681054659.8506851 504.00 4062
1681054659.8519356 504.00 4068
1681054659.85322 500.00 4074
1681054659.8545506 504.00 4080
1681054659.921258 504.00 4086
1681054659.922909 504.00 4092
1681054659.9243522 504.00 4099
1681054659.9257705 504.00 4106
1681054659.927209 504.00 4112
1681054659.9285362 504.00 4118
1681054659.9298217 504.00 4124
1681054659.9311457 504.00 4130
1681054659.9324353 504.00 4136
1681054659.933725 504.00 4143
1681054659.9350064 504.00 4150
1681054659.9362805 504.00 4156
1681054659.9375713 504.00 4162
1681054659.9388444 504.00 4168
1681054660.0065165 504.00 4174
1681054660.0079784 504.00 4180
1681054660.0094082 504.00 4187
1681054660.0108476 504.00 4194
1681054660.0122654 505.00 4200
1681054660.0136707 504.00 4206
1681054660.0150828 504.00 4212
1681054660.0164483 504.00 4218
1681054660.017787 503.00 4225
1681054660.0190895 504.00 4231
1681054660.0203915 504.00 4238
1681054660.0217092 504.00 4244
1681054660.0229926 504.00 4250
1681054660.0899847 504.00 4256
1681054660.0917497 504.00 4262
1681054660.093277 504.00 4269
1681054660.09475 504.00 4275
1681054660.096169 504.00 4282
1681054660.0975754 504.00 4288
1681054660.0989559 504.00 4294
1681054660.1004179 504.00 4300
1681054660.1018329 504.00 4306
1681054660.1032555 504.00 4313
1681054660.1047015 504.00 4319
1681054660.1061332 504.00 4326
1681054660.1075063 504.00 4332
1681054660.1739426 505.00 4338
1681054660.1755946 504.00 4344
1681054660.1775806 504.00 4350
1681054660.179973 504.00 4357
1681054660.182325 504.00 4363
1681054660.1839008 504.00 4370
1681054660.1854665 504.00 4376
1681054660.1870499 504.00 4382
1681054660.1884518 504.00 4388
1681054660.1898437 504.00 4395
1681054660.1912014 504.00 4401
1681054660.1924558 504.00 4407
1681054660.1937342 504.00 4414
1681054660.1950603 504.00 4420
1681054660.2592878 504.00 4426
1681054660.2607234 493.00 4432
1681054660.2621589 504.00 4439
1681054660.2635472 504.00 4445
1681054660.2649288 504.00 4451
1681054660.2663739 504.00 4458
1681054660.2677422 504.00 4464
1681054660.269079 504.00 4470
1681054660.2704875 504.00 4476
1681054660.2718797 504.00 4483
1681054660.2733986 504.00 4489
1681054660.275051 505.00 4495
1681054660.276476 502.00 4502
1681054660.3427262 504.00 4508
1681054660.3442752 504.00 4514
1681054660.3456829 504.00 4520
1681054660.3469746 504.00 4527
1681054660.3482735 504.00 4533
1681054660.349558 504.00 4539
1681054660.3508365 504.00 4546
1681054660.3521206 504.00 4552
1681054660.353381 504.00 4558
1681054660.3547115 504.00 4564
1681054660.3559637 504.00 4571
1681054660.3573003 504.00 4577
1681054660.3586936 504.00 4583
1681054660.3599553 504.00 4590
1681054660.4279268 504.00 4596
1681054660.429366 504.00 4602
1681054660.430824 504.00 4609
1681054660.4322913 504.00 4615
1681054660.433713 504.00 4621
1681054660.4349892 504.00 4627
1681054660.4362752 504.00 4634
1681054660.4375997 504.00 4640
1681054660.4389012 504.00 4646
1681054660.4401987 504.00 4653
1681054660.4414608 504.00 4659
1681054660.4428172 504.00 4665
1681054660.4441054 503.00 4671
1681054660.5114548 504.00 4678
1681054660.513079 504.00 4684
1681054660.5145159 504.00 4690
1681054660.5158901 504.00 4697
1681054660.517265 504.00 4703
1681054660.5188296 504.00 4709
1681054660.5204675 504.00 4715
1681054660.5218227 504.00 4722
1681054660.5231082 504.00 4728
1681054660.5244188 504.00 4734
1681054660.5257833 504.00 4741
1681054660.5270717 504.00 4747
1681054660.5283153 504.00 4753
1681054660.5295854 501.00 4759
1681054660.5967064 504.00 4766
1681054660.5982609 504.00 4772
1681054660.5999475 504.00 4779
1681054660.601421 504.00 4785
1681054660.602751 504.00 4791
1681054660.6040046 504.00 4797
1681054660.605294 504.00 4803
1681054660.606614 505.00 4810
1681054660.6078677 503.00 4816
1681054660.6091328 502.00 4823
1681054660.6104367 504.00 4829
1681054660.6116955 504.00 4835
1681054660.6129704 504.00 4841
1681054660.6808517 504.00 4847
1681054660.682272 504.00 4854
1681054660.683608 504.00 4860
1681054660.6849215 504.00 4867
1681054660.6863117 504.00 4873
1681054660.687662 504.00 4879
1681054660.6889608 504.00 4885
1681054660.690191 505.00 4891
1681054660.6914015 504.00 4898
1681054660.692634 504.00 4904
1681054660.6938732 504.00 4911
1681054660.6950927 504.00 4917
1681054660.6963072 504.00 4923
1681054660.7641947 505.00 4929
1681054660.7659233 504.00 4935
1681054660.7674432 504.00 4942
1681054660.7688413 504.00 4948
1681054660.770134 504.00 4955
1681054660.7714353 504.00 4961
1681054660.7727015 504.00 4967
1681054660.7740183 504.00 4973
1681054660.7753274 504.00 4979
1681054660.7765512 504.00 4986
1681054660.777813 504.00 4993
1681054660.7790692 504.00 4999
1681054660.7804601 504.00 5005
1681054660.781955 504.00 5011
1681054660.849541 504.00 5017
1681054660.8510697 504.00 5023
1681054660.8524907 504.00 5030
1681054660.8539286 504.00 5037
1681054660.855374 504.00 5043
1681054660.8567624 504.00 5049
1681054660.8581455 504.00 5055
1681054660.8594182 504.00 5061
1681054660.8606834 504.00 5067
1681054660.8619704 504.00 5074
1681054660.8633015 504.00 5081
1681054660.8646832 504.00 5087
1681054660.8659825 504.00 5093
1681054660.9329107 504.00 5099
1681054660.9345179 504.00 5105
1681054660.9358652 504.00 5111
1681054660.9372797 504.00 5118
1681054660.9386532 505.00 5125
1681054660.9398656 505.00 5131
1681054660.9410727 506.00 5137
1681054660.9423118 507.00 5143
1681054660.9435205 507.00 5149
1681054660.9447255 508.00 5155
1681054660.9459538 508.00 5163
1681054660.9471805 509.00 5169
1681054660.9483974 510.00 5175
1681054660.9496357 511.00 5181
1681054661.0182562 512.00 5187
1681054661.0197334 512.00 5193
1681054661.0212672 513.00 5199
1681054661.0226095 513.00 5207
1681054661.023868 514.00 5213
1681054661.0252416 514.00 5219
1681054661.0265157 515.00 5225
1681054661.0277495 516.00 5231
1681054661.0290394 516.00 5237
1681054661.0303874 517.00 5243
1681054661.0316784 518.00 5251
1681054661.0329235 518.00 5257
1681054661.0342143 519.00 5263
1681054661.1023388 520.00 5269
1681054661.1039217 520.00 5275
1681054661.105435 521.00 5281
1681054661.1068814 522.00 5287
1681054661.1082637 522.00 5295
1681054661.1096656 522.00 5301
1681054661.1110823 523.00 5307
1681054661.1124392 523.00 5313
1681054661.1138082 524.00 5319
1681054661.1152055 524.00 5325
1681054661.1167097 524.00 5331
1681054661.1181908 524.00 5339
1681054661.1195312 524.00 5345
1681054661.1855977 525.00 5351
1681054661.1873286 525.00 5357
1681054661.188786 525.00 5363
1681054661.1903532 526.00 5369
1681054661.1918042 526.00 5376
1681054661.1932852 526.00 5383
1681054661.194741 527.00 5389
1681054661.1962972 527.00 5395
1681054661.1977854 527.00 5401
1681054661.1995296 527.00 5407
1681054661.2011597 527.00 5413
1681054661.2025018 528.00 5420
1681054661.204045 528.00 5427
1681054661.2058783 528.00 5433
1681054661.2710974 528.00 5439
1681054661.2725632 528.00 5445
1681054661.2739809 529.00 5451
1681054661.2754588 529.00 5457
1681054661.2768376 529.00 5464
1681054661.2782843 529.00 5471
1681054661.2800188 529.00 5477
1681054661.2815268 529.00 5483
1681054661.2829397 529.00 5489
1681054661.284309 530.00 5495
1681054661.2857873 530.00 5501
1681054661.2873077 530.00 5508
1681054661.288766 530.00 5515
1681054661.3542938 530.00 5521
1681054661.3555493 530.00 5527
1681054661.3566096 530.00 5533
1681054661.357666 531.00 5539
1681054661.3587446 530.00 5545
1681054661.3600876 530.00 5552
1681054661.3613336 530.00 5559
1681054661.362718 531.00 5565
1681054661.3639815 530.00 5571
1681054661.3652663 531.00 5577
1681054661.366549 530.00 5583
1681054661.3679633 531.00 5590
1681054661.3692176 531.00 5596
1681054661.3705318 531.00 5603
1681054661.4394424 531.00 5609
1681054661.440809 531.00 5615
1681054661.4422758 530.00 5621
1681054661.4436395 531.00 5627
1681054661.4449925 531.00 5634
1681054661.4463525 531.00 5640
1681054661.4476113 531.00 5647
1681054661.4488306 531.00 5653
1681054661.4500833 531.00 5659
1681054661.4513044 531.00 5665
1681054661.452525 531.00 5671
1681054661.4539669 531.00 5678
1681054661.455337 531.00 5684
1681054661.523578 531.00 5691
1681054661.5249643 531.00 5697
1681054661.5263736 531.00 5703
1681054661.5277073 531.00 5709
1681054661.529029 531.00 5715
1681054661.5303903 531.00 5722
1681054661.5317135 531.00 5728
1681054661.5330248 531.00 5735
1681054661.534391 531.00 5741
1681054661.535748 531.00 5747
1681054661.5372643 531.00 5753
1681054661.5387316 531.00 5760
1681054661.5399892 531.00 5766
1681054661.6070335 531.00 5772
1681054661.6086395 531.00 5779
1681054661.6100843 531.00 5785
1681054661.6114573 531.00 5791
1681054661.6128132 531.00 5797
1681054661.614223 531.00 5804
1681054661.6155744 531.00 5810
1681054661.616988 531.00 5816
1681054661.6184583 531.00 5823
1681054661.6199188 531.00 5829
1681054661.6214182 531.00 5835
1681054661.6228247 531.00 5841
1681054661.6241887 531.00 5848
1681054661.6254823 531.00 5854
1681054661.691932 531.00 5860
1681054661.692766 531.00 5867
1681054661.6934614 531.00 5873
1681054661.694105 531.00 5879
1681054661.6946838 531.00 5885
1681054661.69523 531.00 5892
1681054661.6957862 531.00 5898
1681054661.6963308 531.00 5904
1681054661.6968727 531.00 5911
1681054661.697415 531.00 5917
1681054661.6979833 531.00 5923
1681054661.698706 531.00 5929
1681054661.6994865 531.00 5936
1681054661.7755861 531.00 5942
1681054661.776472 531.00 5948
1681054661.7771738 531.00 5955
1681054661.777898 531.00 5961
1681054661.778593 531.00 5967
1681054661.7792885 531.00 5974
1681054661.7799792 531.00 5980
1681054661.7806618 531.00 5986
1681054661.7813616 531.00 5992
1681054661.7820795 531.00 5999
1681054661.7827659 531.00 6005
1681054661.7834535 531.00 6011
1681054661.7841382 531.00 6018
1681054661.7848217 531.00 6024
1681054661.8609354 531.00 6030
1681054661.8622174 531.00 6036
1681054661.863448 531.00 6043
1681054661.8646638 531.00 6049
1681054661.8658855 531.00 6055
1681054661.8670886 531.00 6062
1681054661.8684444 531.00 6068
1681054661.8698912 531.00 6074
1681054661.8712256 531.00 6080
1681054661.8724382 531.00 6087
1681054661.8737016 531.00 6093
1681054661.8749397 531.00 6099
1681054661.876157 531.00 6106
1681054661.9445722 531.00 6112
1681054661.9462717 531.00 6118
1681054661.9476871 531.00 6124
1681054661.9490836 531.00 6131
1681054661.9505365 531.00 6137
1681054661.9518452 531.00 6144
1681054661.9531193 531.00 6150
1681054661.9544446 531.00 6156
1681054661.9557467 531.00 6162
1681054661.9570274 531.00 6168
1681054661.9585035 531.00 6175
1681054661.9597833 531.00 6181
1681054661.9610515 531.00 6188
1681054662.0285182 531.00 6194
1681054662.0300887 531.00 6200
1681054662.031426 531.00 6206
1681054662.032721 531.00 6212
1681054662.0340521 531.00 6219
1681054662.0353765 531.00 6225
1681054662.0366733 531.00 6232
1681054662.0381904 531.00 6238
1681054662.0397902 531.00 6244
1681054662.0414705 531.00 6250
1681054662.042821 531.00 6256
1681054662.0440972 531.00 6263
1681054662.0453975 531.00 6269
1681054662.0467298 531.00 6276
1681054662.1138244 531.00 6282
1681054662.1152022 531.00 6288
1681054662.116506 531.00 6294
1681054662.1177511 531.00 6300
1681054662.1192818 531.00 6307
1681054662.1210597 531.00 6313
1681054662.122549 531.00 6320
1681054662.1239812 531.00 6326
1681054662.1252449 531.00 6332
1681054662.1265144 531.00 6338
1681054662.127746 531.00 6344
1681054662.1289673 531.00 6351
1681054662.1302485 531.00 6358
1681054662.1972365 531.00 6364
1681054662.1988444 531.00 6370
1681054662.2001812 531.00 6376
1681054662.2015533 531.00 6382
1681054662.203369 531.00 6388
1681054662.205686 531.00 6395
1681054662.2079082 531.00 6402
1681054662.2093234 531.00 6408
1681054662.2106762 531.00 6414
1681054662.2119374 531.00 6420
1681054662.2131948 531.00 6426
1681054662.2144618 531.00 6432
1681054662.2156928 531.00 6438
1681054662.2171679 531.00 6446
1681054662.2825103 531.00 6452
1681054662.283931 531.00 6458
1681054662.28544 531.00 6464
1681054662.286954 531.00 6470
1681054662.2883885 531.00 6476
1681054662.2897534 531.00 6482
1681054662.2910957 531.00 6490
1681054662.2923849 531.00 6496
1681054662.2936826 531.00 6502
1681054662.2949378 531.00 6508
1681054662.296227 531.00 6514
1681054662.2976744 531.00 6520
1681054662.2990139 531.00 6526
1681054662.3659766 531.00 6534
1681054662.36762 531.00 6540
1681054662.3691833 531.00 6546
1681054662.3706207 531.00 6552
1681054662.3720427 531.00 6558
1681054662.3733997 532.00 6564
1681054662.3748033 531.00 6571
1681054662.3760786 531.00 6578
1681054662.377326 531.00 6584
1681054662.3786225 531.00 6590
1681054662.3798726 531.00 6596
1681054662.3811357 531.00 6602
1681054662.382422 531.00 6608
1681054662.4499233 531.00 6615
1681054662.4515493 531.00 6622
1681054662.452998 531.00 6628
1681054662.454481 531.00 6634
1681054662.4558258 531.00 6640
1681054662.4571688 531.00 6646
1681054662.45853 531.00 6652
1681054662.45985 531.00 6659
1681054662.4611633 531.00 6666
1681054662.4625275 531.00 6672
1681054662.463767 531.00 6678
1681054662.4649837 531.00 6684
1681054662.466259 531.00 6690
1681054662.467479 531.00 6696
1681054662.535301 531.00 6703
1681054662.5368116 531.00 6710
1681054662.5383224 531.00 6716
1681054662.5396674 531.00 6722
1681054662.5409813 531.00 6728
1681054662.5423353 531.00 6734
1681054662.5436456 531.00 6740
1681054662.5449543 531.00 6747
1681054662.546336 531.00 6754
1681054662.5476854 531.00 6760
1681054662.5489254 531.00 6766
1681054662.5501661 531.00 6772
1681054662.5513897 531.00 6778
1681054662.6185822 531.00 6785
1681054662.620331 531.00 6791
1681054662.6218724 531.00 6798
1681054662.62336 531.00 6804
1681054662.6247373 531.00 6810
1681054662.6262577 531.00 6816
1681054662.6293893 531.00 6822
1681054662.6325264 531.00 6829
1681054662.6356063 531.00 6835
1681054662.6387177 531.00 6842
1681054662.6416137 531.00 6848
1681054662.6444767 531.00 6854
1681054662.647365 531.00 6860
1681054662.6502655 531.00 6866
1681054662.7053776 531.00 6873
1681054662.708557 531.00 6879
1681054662.711525 531.00 6886
1681054662.7129147 532.00 6892
1681054662.714169 531.00 6898
1681054662.7153852 531.00 6904
1681054662.7166343 531.00 6910
1681054662.7178786 531.00 6917
1681054662.719102 531.00 6923
1681054662.7205033 531.00 6930
1681054662.7218187 531.00 6936
1681054662.723059 531.00 6942
1681054662.7242742 531.00 6948
1681054662.787436 531.00 6955
1681054662.7891014 531.00 6961
1681054662.7904975 531.00 6967
1681054662.7918305 531.00 6974
1681054662.7931616 531.00 6980
1681054662.7945406 531.00 6986
1681054662.7960885 531.00 6992
1681054662.7974622 531.00 6999
1681054662.7989542 531.00 7005
1681054662.8003092 531.00 7011
1681054662.8016512 531.00 7018
1681054662.8030176 531.00 7024
1681054662.8043454 531.00 7030
1681054662.8713844 531.00 7036
1681054662.8730564 531.00 7043
1681054662.8744962 531.00 7049
1681054662.875868 531.00 7055
1681054662.8774567 531.00 7062
1681054662.878875 531.00 7068
1681054662.8801887 531.00 7074
1681054662.8814635 531.00 7080
1681054662.8828514 531.00 7087
1681054662.8841944 531.00 7093
1681054662.8854625 531.00 7099
1681054662.8867826 531.00 7106
1681054662.8881404 531.00 7112
1681054662.8894145 531.00 7118
1681054662.9567297 531.00 7124
1681054662.9582033 531.00 7131
1681054662.9595811 531.00 7137
1681054662.96095 531.00 7143
1681054662.9623556 531.00 7150
1681054662.9653926 531.00 7156
1681054662.966881 531.00 7162
1681054662.9682753 531.00 7169
1681054662.9696126 531.00 7175
1681054662.9709237 531.00 7181
1681054662.9722316 531.00 7187
1681054662.9735334 531.00 7194
1681054662.9748247 531.00 7200
1681054663.0401034 531.00 7206
1681054663.0417745 531.00 7213
1681054663.043243 531.00 7219
1681054663.0446436 531.00 7225
1681054663.0460773 531.00 7231
1681054663.0474944 531.00 7238
1681054663.0488667 531.00 7244
1681054663.0502129 531.00 7250
1681054663.051601 531.00 7257
1681054663.0529447 531.00 7263
1681054663.0543187 531.00 7269
1681054663.0555964 531.00 7275
1681054663.0568755 532.00 7282
1681054663.058212 531.00 7288
1681054663.1254222 531.00 7294
1681054663.1269023 531.00 7301
1681054663.1283329 531.00 7307
1681054663.1297581 531.00 7313
1681054663.1311584 531.00 7319
1681054663.132682 531.00 7326
1681054663.134417 531.00 7332
1681054663.1356936 531.00 7339
1681054663.1369784 531.00 7345
1681054663.1383061 531.00 7351
1681054663.1395862 531.00 7357
1681054663.1408627 531.00 7363
1681054663.1421769 531.00 7370
1681054663.2088227 531.00 7376
1681054663.2105346 531.00 7383
1681054663.211915 531.00 7389
1681054663.213261 531.00 7395
1681054663.2146156 531.00 7401
1681054663.2159262 531.00 7407
1681054663.217242 531.00 7414
1681054663.2185762 531.00 7420
1681054663.219888 531.00 7427
1681054663.2212036 531.00 7433
1681054663.2224815 531.00 7439
1681054663.2238007 531.00 7445
1681054663.2250106 531.00 7451
1681054663.2928536 531.00 7458
1681054663.2943676 531.00 7464
1681054663.2956033 531.00 7471
1681054663.2968197 531.00 7477
1681054663.2980578 531.00 7483
1681054663.2992697 531.00 7489
1681054663.300479 531.00 7495
1681054663.3017156 531.00 7502
1681054663.3031862 531.00 7508
1681054663.3046014 531.00 7515
1681054663.3058634 531.00 7521
1681054663.307089 531.00 7527
1681054663.3082917 531.00 7533
1681054663.3095117 531.00 7539
1681054663.3783152 531.00 7546
1681054663.3797247 531.00 7553
1681054663.38112 531.00 7559
1681054663.3825138 531.00 7565
1681054663.3838634 531.00 7571
1681054663.385232 531.00 7577
1681054663.3869894 531.00 7583
1681054663.388391 531.00 7590
1681054663.3897953 531.00 7597
1681054663.3910797 531.00 7603
1681054663.3923202 531.00 7609
1681054663.3935828 531.00 7615
1681054663.3948367 531.00 7621
1681054663.4614794 531.00 7627
1681054663.4631524 531.00 7634
1681054663.4645343 531.00 7641
1681054663.4659164 531.00 7647
1681054663.467399 531.00 7653
1681054663.4687414 531.00 7659
1681054663.470157 531.00 7665
1681054663.4715664 531.00 7671
1681054663.472927 531.00 7678
1681054663.4743164 531.00 7685
1681054663.4755695 531.00 7691
1681054663.4768088 531.00 7697
1681054663.4781244 531.00 7703
1681054663.479373 531.00 7709
1681054663.546796 531.00 7715
1681054663.5482447 531.00 7723
1681054663.549704 531.00 7729
1681054663.5511878 531.00 7735
1681054663.5526874 531.00 7741
1681054663.5542111 531.00 7747
1681054663.5555933 531.00 7753
1681054663.5569572 531.00 7759
1681054663.5583725 531.00 7767
1681054663.5597343 531.00 7773
1681054663.5611212 531.00 7779
1681054663.5625193 531.00 7785
1681054663.563852 531.00 7791
1681054663.6302605 531.00 7797
1681054663.6319375 531.00 7803
1681054663.6333358 531.00 7811
1681054663.6347642 531.00 7817
1681054663.6361513 531.00 7823
1681054663.6375377 531.00 7829
1681054663.638907 531.00 7835
1681054663.64028 531.00 7841
1681054663.641665 531.00 7847
1681054663.6430213 531.00 7855
1681054663.6445034 531.00 7861
1681054663.64593 531.00 7867
1681054663.647331 531.00 7873
1681054663.64869 531.00 7879
1681054663.7154703 531.00 7885
1681054663.7168193 531.00 7891
1681054663.7181807 531.00 7899
1681054663.7198641 531.00 7905
1681054663.7212143 531.00 7911
1681054663.72257 531.00 7917
1681054663.7238855 531.00 7923
1681054663.7250874 531.00 7929
1681054663.726522 531.00 7936
1681054663.7278864 531.00 7943
1681054663.7291412 531.00 7949
1681054663.7303958 531.00 7955
1681054663.7316012 531.00 7961
1681054663.7995236 531.00 7967
1681054663.800879 531.00 7973
1681054663.802465 531.00 7980
1681054663.80395 531.00 7987
1681054663.805315 531.00 7993
1681054663.8069875 531.00 7999
1681054663.8083534 531.00 8005
1681054663.8096976 531.00 8011
1681054663.8110263 531.00 8017
1681054663.8122969 531.00 8024
1681054663.813521 531.00 8031
1681054663.8147335 531.00 8037
1681054663.8159423 531.00 8043
1681054663.8829668 531.00 8049
1681054663.884524 531.00 8055
1681054663.8860877 531.00 8061
1681054663.8876038 531.00 8068
1681054663.8889172 531.00 8075
1681054663.8902545 531.00 8081
1681054663.8915641 531.00 8087
1681054663.8930986 531.00 8093
1681054663.894614 531.00 8099
1681054663.8959308 531.00 8105
1681054663.8972394 531.00 8112
1681054663.8985834 531.00 8119
1681054663.899812 531.00 8125
1681054663.9010043 531.00 8131
1681054663.9683747 531.00 8137
1681054663.9697914 531.00 8143
1681054663.971137 531.00 8150
1681054663.9725025 531.00 8156
1681054663.9740193 531.00 8163
1681054663.9753425 531.00 8169
1681054663.9766524 531.00 8175
1681054663.9780633 531.00 8181
1681054663.9794793 531.00 8187
1681054663.9808006 531.00 8194
1681054663.9821272 531.00 8200
1681054663.9833267 531.00 8207
1681054663.9845247 531.00 8213
1681054664.0517883 531.00 8219
1681054664.0536592 531.00 8225
1681054664.0551069 531.00 8231
1681054664.0565023 531.00 8238
1681054664.0579073 531.00 8244
1681054664.0593116 531.00 8251
1681054664.0606704 531.00 8257
1681054664.0620587 531.00 8263
1681054664.0634463 531.00 8269
1681054664.0647402 531.00 8275
1681054664.066023 531.00 8282
1681054664.067361 531.00 8288
1681054664.0687273 531.00 8295
1681054664.0700352 531.00 8301
1681054664.1368937 531.00 8307
1681054664.1382914 531.00 8313
1681054664.1396108 531.00 8320
1681054664.1409047 531.00 8326
1681054664.1422238 531.00 8332
1681054664.143518 531.00 8339
1681054664.144817 531.00 8345
1681054664.146028 531.00 8351
1681054664.1472232 531.00 8357
1681054664.1485112 531.00 8364
1681054664.149877 532.00 8370
1681054664.1511002 531.00 8376
1681054664.1523216 531.00 8383
1681054664.2209504 531.00 8389
1681054664.2223537 531.00 8395
1681054664.2236826 531.00 8401
1681054664.224998 531.00 8408
1681054664.2266655 531.00 8414
1681054664.2280383 531.00 8420
1681054664.2293608 532.00 8427
1681054664.2306972 531.00 8433
1681054664.231985 531.00 8439
1681054664.2331915 531.00 8445
1681054664.2344337 531.00 8452
1681054664.2357106 531.00 8458
1681054664.236915 531.00 8464
1681054664.3043978 531.00 8471
1681054664.3058734 531.00 8477
1681054664.3072972 531.00 8483
1681054664.3085468 531.00 8489
1681054664.3098025 531.00 8496
1681054664.3110247 531.00 8502
1681054664.3122926 531.00 8508
1681054664.313605 531.00 8515
1681054664.314827 531.00 8521
1681054664.316029 531.00 8527
1681054664.3172307 531.00 8534
1681054664.3184683 531.00 8540
1681054664.3198612 531.00 8546
1681054664.3211055 531.00 8552
1681054664.3897598 531.00 8559
1681054664.3911338 531.00 8565
1681054664.392472 531.00 8571
1681054664.3941932 531.00 8578
1681054664.395696 531.00 8584
1681054664.3971033 531.00 8590
1681054664.3984623 531.00 8596
1681054664.3997962 531.00 8603
1681054664.4010112 531.00 8609
1681054664.4024599 531.00 8615
1681054664.4039867 531.00 8622
1681054664.4052148 531.00 8628
1681054664.406533 531.00 8634
1681054664.4732254 532.00 8640
1681054664.4749854 531.00 8647
1681054664.4766226 531.00 8653
1681054664.478109 531.00 8659
1681054664.479392 531.00 8666
1681054664.480683 531.00 8672
1681054664.4819334 531.00 8678
1681054664.4831488 531.00 8684
1681054664.484352 531.00 8691
1681054664.4855971 531.00 8697
1681054664.4871352 531.00 8704
1681054664.4886894 531.00 8710
1681054664.4901 531.00 8716
1681054664.491331 531.00 8722
1681054664.5590432 531.00 8728
1681054664.5613298 531.00 8735
1681054664.5636048 531.00 8741
1681054664.5658882 531.00 8748
1681054664.5681427 531.00 8754
1681054664.5704646 531.00 8760
1681054664.572716 531.00 8766
1681054664.5749693 531.00 8772
1681054664.5767777 531.00 8779
1681054664.578409 531.00 8785
1681054664.5800266 531.00 8792
1681054664.5814562 531.00 8798
1681054664.582743 531.00 8804
1681054664.6423473 531.00 8810
1681054664.6435158 531.00 8816
1681054664.6446416 531.00 8823
1681054664.6457944 531.00 8829
1681054664.647104 531.00 8836
1681054664.6483233 531.00 8842
1681054664.6495528 531.00 8848
1681054664.650985 531.00 8854
1681054664.6525326 531.00 8860
1681054664.654078 531.00 8867
1681054664.655334 531.00 8873
1681054664.656547 531.00 8880
1681054664.657783 531.00 8886
1681054664.7259552 531.00 8892
1681054664.7275183 531.00 8898
1681054664.7288678 531.00 8904
1681054664.7302094 531.00 8911
1681054664.731519 531.00 8918
1681054664.732823 531.00 8924
1681054664.734261 531.00 8930
1681054664.7356563 532.00 8936
1681054664.736976 531.00 8942
1681054664.738208 531.00 8948
1681054664.7394073 531.00 8955
1681054664.7406085 531.00 8962
1681054664.741836 531.00 8968
1681054664.7430632 531.00 8974
1681054664.811118 531.00 8980
1681054664.812553 531.00 8986
1681054664.8139448 531.00 8992
1681054664.8152773 531.00 8999
1681054664.8165264 531.00 9006
1681054664.8177483 531.00 9012
1681054664.8191497 531.00 9018
1681054664.8203678 531.00 9024
1681054664.8215954 531.00 9030
1681054664.8228385 531.00 9036
1681054664.8240528 531.00 9043
1681054664.8252614 531.00 9050
1681054664.82649 531.00 9056
1681054664.8946078 531.00 9062
1681054664.896289 531.00 9068
1681054664.8978596 531.00 9074
1681054664.8992777 531.00 9080
1681054664.9006548 531.00 9088
1681054664.902112 531.00 9094
1681054664.9034135 531.00 9100
1681054664.904644 531.00 9106
1681054664.9058712 531.00 9112
1681054664.907071 531.00 9118
1681054664.9082785 531.00 9124
1681054664.9094963 531.00 9132
1681054664.91072 531.00 9138
1681054664.9120128 531.00 9144
1681054664.9799287 531.00 9150
1681054664.9813967 531.00 9156
1681054664.9828107 531.00 9162
1681054664.9841535 531.00 9168
1681054664.9859102 531.00 9176
1681054664.987291 531.00 9182
1681054664.9886043 531.00 9188
1681054664.9899373 531.00 9194
1681054664.9912496 531.00 9200
1681054664.9925508 531.00 9206
1681054664.993897 531.00 9212
1681054664.9952497 531.00 9220
1681054664.9965012 531.00 9226
1681054665.0634146 531.00 9232
1681054665.0651042 531.00 9238
1681054665.0665207 531.00 9244
1681054665.0678108 531.00 9250
1681054665.069264 531.00 9256
1681054665.0707622 531.00 9264
1681054665.0720296 531.00 9270
1681054665.0736177 531.00 9276
1681054665.0753195 531.00 9282
1681054665.0766504 531.00 9288
1681054665.077939 531.00 9294
1681054665.0792055 531.00 9300
1681054665.0806139 531.00 9308
1681054665.147443 531.00 9314
1681054665.1491206 531.00 9320
1681054665.1505551 531.00 9326
1681054665.1520286 531.00 9332
1681054665.1539557 531.00 9338
1681054665.1555197 531.00 9345
1681054665.1569178 531.00 9352
1681054665.1582859 531.00 9358
1681054665.1595395 531.00 9364
1681054665.1608114 531.00 9370
1681054665.1621048 531.00 9376
1681054665.1633513 531.00 9382
1681054665.16459 531.00 9389
1681054665.1658535 531.00 9396
1681054665.2326617 531.00 9402
1681054665.2341433 531.00 9408
1681054665.235759 531.00 9414
1681054665.2375903 531.00 9420
1681054665.2392046 531.00 9426
1681054665.2406 531.00 9433
1681054665.2419937 531.00 9440
1681054665.2433722 531.00 9446
1681054665.2446575 531.00 9452
1681054665.2459188 531.00 9458
1681054665.2472641 531.00 9464
1681054665.2487442 531.00 9470
1681054665.250103 531.00 9477
1681054665.3161123 531.00 9484
1681054665.317615 531.00 9490
1681054665.318919 531.00 9496
1681054665.320226 531.00 9502
1681054665.3214965 531.00 9508
1681054665.3227553 531.00 9515
1681054665.323994 531.00 9521
1681054665.3252554 531.00 9528
1681054665.3265376 531.00 9534
1681054665.3278034 531.00 9540
1681054665.329078 531.00 9546
1681054665.3303783 531.00 9552
1681054665.3316715 531.00 9559
1681054665.3329387 531.00 9565
1681054665.401397 531.00 9572
1681054665.402877 531.00 9578
1681054665.4042957 531.00 9584
1681054665.4056916 531.00 9590
1681054665.4070778 531.00 9596
1681054665.4084895 531.00 9603
1681054665.410377 531.00 9609
1681054665.4117558 531.00 9616
1681054665.413108 531.00 9622
1681054665.4143946 531.00 9628
1681054665.4156723 531.00 9634
1681054665.4169211 531.00 9640
1681054665.4182158 532.00 9647
1681054665.4847836 531.00 9653
1681054665.4864118 531.00 9659
1681054665.4876897 531.00 9666
1681054665.4889371 531.00 9672
1681054665.4902403 531.00 9678
1681054665.4914896 531.00 9684
1681054665.4928548 531.00 9691
1681054665.4941807 531.00 9697
1681054665.4954295 531.00 9703
1681054665.4966714 531.00 9710
1681054665.4979372 531.00 9716
1681054665.4992058 531.00 9722
1681054665.5004373 531.00 9729
1681054665.568804 531.00 9735
1681054665.570557 531.00 9741
1681054665.571976 531.00 9747
1681054665.5733788 531.00 9754
1681054665.5748022 531.00 9760
1681054665.5762286 531.00 9766
1681054665.5776289 531.00 9773
1681054665.579001 531.00 9779
1681054665.5803525 531.00 9785
1681054665.5816667 531.00 9791
1681054665.5829694 531.00 9798
1681054665.5843408 531.00 9804
1681054665.585623 531.00 9810
1681054665.586897 531.00 9817
1681054665.6539617 531.00 9823
1681054665.655328 531.00 9829
1681054665.6566024 531.00 9835
1681054665.6579611 531.00 9842
1681054665.659262 531.00 9848
1681054665.660515 531.00 9854
1681054665.6617937 531.00 9861
1681054665.6630485 531.00 9867
1681054665.664327 531.00 9873
1681054665.665604 531.00 9879
1681054665.6668758 531.00 9886
1681054665.6681516 531.00 9892
1681054665.6694286 531.00 9899
1681054665.7374554 531.00 9905
1681054665.7391334 531.00 9911
1681054665.7405155 531.00 9917
1681054665.7419174 531.00 9923
1681054665.7432892 531.00 9930
1681054665.7445688 531.00 9936
1681054665.745856 531.00 9943
1681054665.7471468 531.00 9949
1681054665.748394 531.00 9955
1681054665.7496827 531.00 9961
1681054665.75095 531.00 9967
1681054665.7522728 531.00 9974
1681054665.7535574 531.00 9980
1681054665.754828 531.00 9987
1681054665.8228164 531.00 9993
1681054665.824232 531.00 9999
1681054665.8256543 531.00 10005
1681054665.82705 531.00 10012
1681054665.8285906 531.00 10018
1681054665.8300054 531.00 10024
1681054665.8313735 531.00 10032
1681054665.8326643 531.00 10038
1681054665.8339844 531.00 10044
1681054665.835395 531.00 10051
1681054665.836783 531.00 10057
1681054665.8381152 531.00 10063
1681054665.8393877 531.00 10070
1681054665.9069903 531.00 10077
1681054665.9083405 531.00 10083
1681054665.9096558 531.00 10089
1681054665.9111328 531.00 10096
1681054665.9124234 531.00 10102
1681054665.9137142 531.00 10108
1681054665.9149904 531.00 10116
1681054665.9163315 531.00 10122
1681054665.9176996 531.00 10128
1681054665.919195 531.00 10135
1681054665.9204972 531.00 10141
1681054665.9217846 531.00 10147
1681054665.9232306 531.00 10153
