1681054964.6597528 533.00 1
1681054964.779847 533.00 50
1681054964.7814207 534.00 52
1681054964.7827501 534.00 53
1681054964.7840242 533.00 56
1681054964.7852647 533.00 61
1681054964.7866213 533.00 65
1681054964.7878828 533.00 70
1681054964.789116 533.00 75
1681054964.790395 533.00 80
1681054964.7915828 533.00 86
1681054964.7927115 533.00 90
1681054964.7938359 533.00 95
1681054964.795015 533.00 100
1681054964.796187 533.00 105
1681054964.797355 533.00 110
1681054964.7985473 533.00 115
1681054964.7996976 533.00 120
1681054964.8650198 533.00 125
1681054964.8664684 533.00 132
1681054964.8677952 533.00 137
1681054964.8691144 533.00 142
1681054964.870542 533.00 148
1681054964.8718736 533.00 153
1681054964.87318 533.00 159
1681054964.8745482 533.00 164
1681054964.875865 530.00 171
1681054964.8773422 530.00 176
1681054964.8787436 530.00 182
1681054964.880003 530.00 187
1681054964.8812158 532.00 193
1681054964.882474 530.00 198
1681054964.8836727 530.00 204
1681054964.9485304 530.00 209
1681054964.9501874 530.00 216
1681054964.9515707 530.00 221
1681054964.9529226 530.00 227
1681054964.9542851 530.00 232
1681054964.9556532 530.00 238
1681054964.95711 530.00 244
1681054964.9585307 530.00 249
1681054964.959876 530.00 256
1681054964.961194 530.00 262
1681054964.9625075 530.00 267
1681054964.963824 530.00 273
1681054964.96507 530.00 278
1681054964.9663043 530.00 284
1681054964.967563 530.00 290
1681054965.0335174 530.00 295
1681054965.0348334 530.00 302
1681054965.0362544 529.00 308
1681054965.0376182 530.00 313
1681054965.0389721 530.00 319
1681054965.0402124 533.00 325
1681054965.0414782 530.00 330
1681054965.0428126 530.00 336
1681054965.0440407 530.00 343
1681054965.0452437 530.00 348
1681054965.0465143 530.00 354
1681054965.0477316 530.00 359
1681054965.0489438 530.00 365
1681054965.050177 530.00 371
1681054965.1168616 530.00 376
1681054965.1179066 530.00 382
1681054965.1188657 530.00 389
1681054965.1198614 538.00 394
1681054965.1208465 529.00 400
1681054965.1218233 529.00 406
1681054965.1228333 529.00 411
1681054965.123806 529.00 417
1681054965.124777 529.00 423
1681054965.125744 534.00 429
1681054965.1267421 529.00 435
1681054965.1277175 529.00 440
1681054965.1286862 529.00 446
1681054965.1296508 529.00 452
1681054965.1306565 529.00 457
1681054965.2021828 530.00 463
1681054965.2036295 529.00 470
1681054965.2049623 530.00 475
1681054965.2062726 529.00 481
1681054965.2075572 529.00 487
1681054965.2087693 529.00 492
1681054965.209947 529.00 498
1681054965.2111216 530.00 504
1681054965.2122927 529.00 509
1681054965.2137544 529.00 516
1681054965.2150207 529.00 522
1681054965.2162063 529.00 527
1681054965.2174134 531.00 533
1681054965.218694 530.00 538
1681054965.2854416 532.00 544
1681054965.2878954 533.00 550
1681054965.2900763 533.00 556
1681054965.2922263 533.00 562
1681054965.294274 533.00 568
1681054965.2958739 533.00 573
1681054965.2974632 532.00 579
1681054965.2990701 532.00 585
1681054965.3005586 532.00 590
1681054965.3104284 531.00 596
1681054965.3123307 531.00 603
1681054965.3141758 531.00 608
1681054965.3159237 530.00 614
1681054965.3178074 529.00 619
1681054965.3196282 528.00 625
1681054965.3698037 528.00 631
1681054965.3706725 527.00 636
1681054965.3714123 527.00 643
1681054965.3721392 526.00 649
1681054965.3727834 526.00 654
1681054965.3732352 525.00 660
1681054965.3736472 525.00 666
1681054965.3740587 524.00 671
1681054965.3744667 524.00 677
1681054965.3748667 524.00 684
1681054965.3752673 523.00 689
1681054965.375695 523.00 695
1681054965.3761144 522.00 700
1681054965.3765228 522.00 706
1681054965.376929 520.00 712
1681054965.455098 520.00 717
1681054965.4564116 519.00 723
1681054965.4578092 518.00 730
1681054965.4591384 518.00 735
1681054965.4604185 517.00 741
1681054965.4616857 517.00 747
1681054965.4630332 516.00 752
1681054965.4643133 516.00 758
1681054965.4655454 516.00 764
1681054965.4667246 515.00 770
1681054965.4679084 515.00 776
1681054965.4690745 514.00 782
1681054965.4702694 514.00 787
1681054965.4714353 514.00 793
1681054965.5385413 514.00 798
1681054965.5403295 513.00 804
1681054965.5416274 513.00 811
1681054965.542938 512.00 816
1681054965.5442066 512.00 822
1681054965.5454595 512.00 828
1681054965.5467522 512.00 833
1681054965.5480146 511.00 839
1681054965.549263 504.00 845
1681054965.5504231 511.00 850
1681054965.5515637 510.00 857
1681054965.5528543 510.00 863
1681054965.5541255 510.00 868
1681054965.555321 509.00 874
1681054965.5565023 509.00 879
1681054965.6235788 509.00 885
1681054965.6248946 509.00 891
1681054965.6262026 508.00 897
1681054965.627472 508.00 903
1681054965.6286688 508.00 909
1681054965.6298378 508.00 914
1681054965.6310313 512.00 920
1681054965.6321876 507.00 926
1681054965.6333592 507.00 931
1681054965.6345634 507.00 937
1681054965.6358285 507.00 944
1681054965.6371005 507.00 949
1681054965.6383364 507.00 955
1681054965.639516 502.00 960
1681054965.7069118 506.00 966
1681054965.7084212 506.00 972
1681054965.7098007 506.00 977
1681054965.7111802 506.00 984
1681054965.7123513 506.00 990
1681054965.713528 506.00 995
1681054965.7147536 506.00 1001
1681054965.7159586 506.00 1007
1681054965.717149 506.00 1013
1681054965.7183924 506.00 1019
1681054965.7196267 506.00 1026
1681054965.7208393 506.00 1032
1681054965.7220566 506.00 1038
1681054965.7232609 506.00 1044
1681054965.7912617 506.00 1050
1681054965.7928243 506.00 1056
1681054965.7941718 506.00 1062
1681054965.7954752 506.00 1069
1681054965.7967565 505.00 1075
1681054965.7980754 506.00 1081
1681054965.7993755 505.00 1087
1681054965.8006651 506.00 1093
1681054965.8019745 505.00 1099
1681054965.8031921 505.00 1105
1681054965.8044798 505.00 1112
1681054965.8056815 505.00 1118
1681054965.8069122 505.00 1124
1681054965.808098 505.00 1129
1681054965.875727 505.00 1135
1681054965.8774302 505.00 1141
1681054965.8789551 505.00 1147
1681054965.8803654 505.00 1154
1681054965.8816626 505.00 1160
1681054965.8829753 505.00 1166
1681054965.8842542 505.00 1172
1681054965.8855379 505.00 1178
1681054965.8868399 505.00 1184
1681054965.8881137 505.00 1190
1681054965.8894 505.00 1197
1681054965.8906593 505.00 1203
1681054965.8918529 505.00 1209
1681054965.8930383 505.00 1215
1681054965.9599717 505.00 1221
1681054965.9615672 505.00 1227
1681054965.9629736 505.00 1233
1681054965.9643085 505.00 1240
1681054965.965816 505.00 1246
1681054965.9671886 505.00 1252
1681054965.9685428 505.00 1258
1681054965.969984 503.00 1264
1681054965.9713538 502.00 1270
1681054965.9727037 505.00 1276
1681054965.9740498 505.00 1283
1681054965.9753008 505.00 1289
1681054965.9765291 505.00 1295
1681054965.9777625 505.00 1301
1681054966.0450509 505.00 1307
1681054966.0464828 505.00 1313
1681054966.0479028 505.00 1320
1681054966.0493493 505.00 1327
1681054966.0507555 504.00 1333
1681054966.052336 505.00 1339
1681054966.0537267 507.00 1345
1681054966.0551116 505.00 1351
1681054966.056326 504.00 1357
1681054966.0575356 505.00 1364
1681054966.058757 504.00 1371
1681054966.0599644 504.00 1377
1681054966.0613015 504.00 1383
1681054966.128532 504.00 1389
1681054966.1299887 504.00 1395
1681054966.131222 504.00 1401
1681054966.132455 504.00 1409
1681054966.1336532 505.00 1415
1681054966.1350334 505.00 1421
1681054966.1363814 504.00 1427
1681054966.137603 504.00 1433
1681054966.1387742 505.00 1439
1681054966.1398716 504.00 1445
1681054966.1409721 504.00 1453
1681054966.1422882 506.00 1459
1681054966.1435275 504.00 1465
1681054966.144781 504.00 1471
1681054966.2137616 504.00 1477
1681054966.215166 504.00 1483
1681054966.216485 505.00 1489
1681054966.2177916 504.00 1497
1681054966.2191153 504.00 1503
1681054966.220412 504.00 1509
1681054966.2217402 504.00 1515
1681054966.2234433 505.00 1521
1681054966.2247577 504.00 1527
1681054966.2261639 505.00 1533
1681054966.2274125 504.00 1541
1681054966.228618 504.00 1547
1681054966.2298224 504.00 1553
1681054966.297952 505.00 1559
1681054966.2994468 504.00 1565
1681054966.3008852 504.00 1571
1681054966.3023486 504.00 1577
1681054966.303797 504.00 1585
1681054966.305215 504.00 1591
1681054966.306528 504.00 1597
1681054966.3078496 504.00 1603
1681054966.3091364 504.00 1609
1681054966.3104434 504.00 1615
1681054966.311744 504.00 1622
1681054966.3130336 504.00 1629
1681054966.314325 504.00 1635
1681054966.3813112 499.00 1641
1681054966.382967 504.00 1647
1681054966.3845809 504.00 1653
1681054966.3860261 505.00 1659
1681054966.3874643 506.00 1666
1681054966.3887932 504.00 1673
1681054966.3900836 504.00 1679
1681054966.3913438 504.00 1685
1681054966.3926284 504.00 1691
1681054966.3939252 505.00 1697
1681054966.3951912 504.00 1703
1681054966.3964841 505.00 1710
1681054966.3978481 504.00 1717
1681054966.39918 504.00 1723
1681054966.4661975 504.00 1729
1681054966.4672735 505.00 1735
1681054966.4682622 504.00 1741
1681054966.469307 504.00 1747
1681054966.470158 504.00 1755
1681054966.470893 504.00 1761
1681054966.4716167 504.00 1767
1681054966.472338 504.00 1773
1681054966.4730585 504.00 1779
1681054966.4737766 505.00 1785
1681054966.474429 504.00 1792
1681054966.4750218 504.00 1798
1681054966.475612 504.00 1805
1681054966.5500712 504.00 1811
1681054966.5521896 505.00 1817
1681054966.5537536 505.00 1823
1681054966.5553093 504.00 1829
1681054966.5566974 504.00 1836
1681054966.5580819 505.00 1842
1681054966.5594745 505.00 1849
1681054966.5608413 504.00 1855
1681054966.5622323 505.00 1861
1681054966.5636504 505.00 1867
1681054966.565162 504.00 1873
1681054966.5665667 504.00 1880
1681054966.5678673 505.00 1886
1681054966.5692208 505.00 1893
1681054966.635249 505.00 1899
1681054966.6367579 504.00 1905
1681054966.638211 504.00 1911
1681054966.6396234 504.00 1917
1681054966.6409428 504.00 1924
1681054966.642304 504.00 1930
1681054966.6436014 504.00 1937
1681054966.6449418 504.00 1943
1681054966.6463223 502.00 1949
1681054966.6475415 504.00 1955
1681054966.6487534 504.00 1961
1681054966.6500225 505.00 1968
1681054966.6513555 504.00 1974
1681054966.7192783 504.00 1981
1681054966.720616 504.00 1987
1681054966.7218788 504.00 1993
1681054966.7231383 505.00 1999
1681054966.7243502 504.00 2006
1681054966.725553 504.00 2012
1681054966.7269294 504.00 2018
1681054966.7282736 500.00 2025
1681054966.7294912 505.00 2031
1681054966.7307336 504.00 2037
1681054966.7319853 504.00 2043
1681054966.7332733 504.00 2050
1681054966.734612 504.00 2056
1681054966.8027325 504.00 2062
1681054966.804288 504.00 2069
1681054966.805623 504.00 2075
1681054966.806986 504.00 2081
1681054966.8082983 506.00 2087
1681054966.8101811 505.00 2094
1681054966.8117254 504.00 2100
1681054966.8130083 505.00 2106
1681054966.8143058 505.00 2113
1681054966.8155963 504.00 2119
1681054966.8168685 504.00 2125
1681054966.8181145 505.00 2131
1681054966.8196373 504.00 2138
1681054966.8210037 504.00 2144
1681054966.887913 504.00 2150
1681054966.8892694 505.00 2157
1681054966.8907924 504.00 2163
1681054966.8923147 504.00 2169
1681054966.8936777 508.00 2176
1681054966.8950233 504.00 2182
1681054966.8963325 504.00 2188
1681054966.8976574 505.00 2194
1681054966.8989928 504.00 2201
1681054966.900214 504.00 2207
1681054966.9016137 505.00 2213
1681054966.9031932 504.00 2220
1681054966.904516 504.00 2226
1681054966.9715018 504.00 2232
1681054966.973242 504.00 2238
1681054966.9747434 504.00 2245
1681054966.9761333 504.00 2251
1681054966.9775465 504.00 2257
1681054966.978981 504.00 2264
1681054966.9803507 504.00 2270
1681054966.981722 504.00 2276
1681054966.9831476 504.00 2282
1681054966.9844315 504.00 2289
1681054966.9859035 504.00 2295
1681054966.9873648 504.00 2301
1681054966.9886792 504.00 2308
1681054966.989974 504.00 2314
1681054967.0564976 504.00 2320
1681054967.0579717 504.00 2326
1681054967.0592668 504.00 2333
1681054967.060555 504.00 2339
1681054967.0617588 504.00 2345
1681054967.0629954 504.00 2352
1681054967.0642092 505.00 2358
1681054967.0654087 504.00 2364
1681054967.066622 504.00 2370
1681054967.0681753 504.00 2377
1681054967.0693996 504.00 2383
1681054967.070653 504.00 2390
1681054967.071889 504.00 2396
1681054967.1406538 504.00 2402
1681054967.1420393 505.00 2408
1681054967.1433802 504.00 2414
1681054967.1446867 504.00 2421
1681054967.1460803 505.00 2427
1681054967.147414 504.00 2434
1681054967.1488261 505.00 2440
1681054967.1503758 504.00 2446
1681054967.1519294 504.00 2452
1681054967.1532927 504.00 2458
1681054967.1546159 504.00 2465
1681054967.1558247 504.00 2471
1681054967.1570356 504.00 2478
1681054967.224189 504.00 2484
1681054967.2259166 504.00 2490
1681054967.2271929 505.00 2496
1681054967.2284875 513.00 2502
1681054967.2297575 504.00 2509
1681054967.23109 504.00 2515
1681054967.2325377 504.00 2522
1681054967.2337883 504.00 2528
1681054967.235023 504.00 2534
1681054967.236253 504.00 2540
1681054967.2374594 505.00 2546
1681054967.2386832 504.00 2553
1681054967.2398906 505.00 2560
1681054967.241093 504.00 2566
1681054967.3093886 504.00 2572
1681054967.310795 504.00 2578
1681054967.312124 504.00 2584
1681054967.313468 504.00 2590
1681054967.3148134 504.00 2597
1681054967.3165183 504.00 2604
1681054967.3178864 504.00 2610
1681054967.3192306 504.00 2616
1681054967.320559 504.00 2622
1681054967.3218904 504.00 2628
1681054967.3231325 504.00 2634
1681054967.3243294 504.00 2641
1681054967.325621 505.00 2648
1681054967.392861 504.00 2654
1681054967.394565 505.00 2660
1681054967.3959892 504.00 2666
1681054967.3974066 504.00 2672
1681054967.3992527 504.00 2678
1681054967.4005954 504.00 2685
1681054967.4019508 504.00 2692
1681054967.4033153 504.00 2698
1681054967.4046037 504.00 2704
1681054967.4058037 505.00 2710
1681054967.4070208 504.00 2716
1681054967.408237 504.00 2722
1681054967.409448 504.00 2729
1681054967.4106684 504.00 2736
1681054967.4781098 504.00 2742
1681054967.4794543 504.00 2748
1681054967.4810085 504.00 2754
1681054967.4823816 504.00 2760
1681054967.4836001 504.00 2766
1681054967.4848857 504.00 2774
1681054967.486111 504.00 2780
1681054967.4873233 504.00 2786
1681054967.4885497 504.00 2792
1681054967.4897506 504.00 2798
1681054967.4909928 504.00 2804
1681054967.4922101 504.00 2810
1681054967.4936893 504.00 2818
1681054967.5615368 504.00 2824
1681054967.563159 504.00 2830
1681054967.5643237 504.00 2836
1681054967.5655437 504.00 2842
1681054967.566786 504.00 2848
1681054967.5680711 504.00 2854
1681054967.5692906 504.00 2862
1681054967.5704274 504.00 2868
1681054967.5715363 504.00 2874
1681054967.5726454 504.00 2880
1681054967.573755 504.00 2886
1681054967.5748754 504.00 2892
1681054967.5761082 504.00 2898
1681054967.6456008 504.00 2906
1681054967.647209 504.00 2912
1681054967.6486566 504.00 2918
1681054967.6501803 504.00 2924
1681054967.651536 504.00 2930
1681054967.6528158 504.00 2936
1681054967.6540325 504.00 2942
1681054967.6552405 504.00 2950
1681054967.6564424 504.00 2956
1681054967.657643 503.00 2962
1681054967.658869 504.00 2968
1681054967.6600876 504.00 2974
1681054967.6612964 504.00 2980
1681054967.662547 504.00 2987
1681054967.730853 504.00 2994
1681054967.7322888 504.00 3000
1681054967.7336967 504.00 3006
1681054967.7349677 504.00 3012
1681054967.7361875 504.00 3018
1681054967.7374115 504.00 3024
1681054967.7386348 504.00 3031
1681054967.7399752 504.00 3038
1681054967.7412975 504.00 3044
1681054967.742637 504.00 3050
1681054967.7439365 504.00 3056
1681054967.7452435 504.00 3062
1681054967.7466094 504.00 3068
1681054967.8143013 504.00 3075
1681054967.81575 504.00 3082
1681054967.817033 504.00 3088
1681054967.8184965 504.00 3094
1681054967.8197603 504.00 3100
1681054967.820972 504.00 3106
1681054967.8221965 504.00 3112
1681054967.8234289 504.00 3119
1681054967.8246477 504.00 3126
1681054967.825862 504.00 3132
1681054967.8271492 504.00 3138
1681054967.8283792 504.00 3144
1681054967.8295913 504.00 3150
1681054967.830824 504.00 3156
1681054967.8996284 504.00 3163
1681054967.901043 504.00 3170
1681054967.9026039 504.00 3176
1681054967.9039907 504.00 3182
1681054967.905353 504.00 3188
1681054967.906753 504.00 3194
1681054967.908048 504.00 3201
1681054967.9092913 504.00 3207
1681054967.9105904 504.00 3214
1681054967.9118345 504.00 3220
1681054967.913125 505.00 3226
1681054967.914386 504.00 3232
1681054967.915859 504.00 3238
1681054967.983163 504.00 3245
1681054967.9850657 504.00 3251
1681054967.9866655 505.00 3258
1681054967.988067 505.00 3264
1681054967.989591 504.00 3270
1681054967.9910512 504.00 3276
1681054967.992314 504.00 3282
1681054967.9936526 504.00 3289
1681054967.9950626 504.00 3295
1681054967.996529 504.00 3302
1681054967.9978433 502.00 3308
1681054967.9991837 504.00 3314
1681054968.0005393 504.00 3320
1681054968.0670402 504.00 3326
1681054968.0686958 504.00 3333
1681054968.0700967 504.00 3339
1681054968.0713828 504.00 3346
1681054968.0726223 504.00 3352
1681054968.0738692 504.00 3358
1681054968.0753508 504.00 3364
1681054968.0766418 504.00 3371
1681054968.0779462 504.00 3377
1681054968.0792131 504.00 3383
1681054968.0805545 504.00 3390
1681054968.0819092 504.00 3396
1681054968.0831604 504.00 3402
1681054968.0844185 504.00 3408
1681054968.1524432 504.00 3415
1681054968.153952 504.00 3421
1681054968.1553018 504.00 3427
1681054968.1566026 504.00 3434
1681054968.1579425 514.00 3440
1681054968.1593168 504.00 3446
1681054968.1606448 504.00 3452
1681054968.1620166 504.00 3459
1681054968.1633403 505.00 3465
1681054968.1646085 505.00 3471
1681054968.1657941 504.00 3478
1681054968.1670527 504.00 3484
1681054968.168354 505.00 3490
1681054968.235686 504.00 3496
1681054968.2371075 504.00 3503
1681054968.2383983 504.00 3509
1681054968.2396104 504.00 3515
1681054968.241132 504.00 3522
1681054968.2425456 504.00 3528
1681054968.2437525 504.00 3534
1681054968.24495 504.00 3540
1681054968.2461567 504.00 3547
1681054968.2473514 504.00 3553
1681054968.248542 504.00 3559
1681054968.249738 504.00 3566
1681054968.250977 505.00 3572
1681054968.2521987 504.00 3578
1681054968.3208776 504.00 3585
1681054968.322349 504.00 3591
1681054968.3236966 504.00 3597
1681054968.325001 504.00 3603
1681054968.326377 504.00 3610
1681054968.3276114 504.00 3616
1681054968.3288074 504.00 3622
1681054968.3300226 504.00 3629
1681054968.331228 504.00 3635
1681054968.332439 504.00 3641
1681054968.3336265 504.00 3647
1681054968.3349552 504.00 3654
1681054968.3364112 504.00 3660
1681054968.404356 508.00 3666
1681054968.4058208 504.00 3673
1681054968.4070988 504.00 3679
1681054968.4083114 504.00 3685
1681054968.409516 504.00 3691
1681054968.4107525 504.00 3698
1681054968.4119754 504.00 3704
1681054968.413174 504.00 3710
1681054968.4143991 504.00 3717
1681054968.4159076 504.00 3723
1681054968.4172242 504.00 3729
1681054968.418662 504.00 3735
1681054968.419877 504.00 3741
1681054968.488405 503.00 3748
1681054968.4891043 503.00 3755
1681054968.4896736 503.00 3761
1681054968.490252 503.00 3767
1681054968.4908254 503.00 3773
1681054968.491386 503.00 3779
1681054968.4919457 503.00 3785
1681054968.4925013 503.00 3792
1681054968.4930553 503.00 3799
1681054968.4936085 502.00 3805
1681054968.4941952 503.00 3811
1681054968.494752 503.00 3817
1681054968.4954827 502.00 3823
1681054968.4964108 502.00 3829
1681054968.573635 503.00 3836
1681054968.5749714 509.00 3843
1681054968.576247 502.00 3849
1681054968.5775204 502.00 3855
1681054968.578794 502.00 3861
1681054968.580067 503.00 3867
1681054968.5814285 502.00 3873
1681054968.5827143 502.00 3880
1681054968.583992 502.00 3887
1681054968.5852368 502.00 3893
1681054968.586543 502.00 3899
1681054968.5878158 502.00 3905
1681054968.5889847 502.00 3911
1681054968.657119 502.00 3918
1681054968.6586688 502.00 3924
1681054968.660072 503.00 3931
1681054968.6613624 502.00 3937
1681054968.6626682 502.00 3943
1681054968.6639266 502.00 3949
1681054968.6651728 502.00 3955
1681054968.6664524 503.00 3961
1681054968.6677158 502.00 3969
1681054968.6689782 502.00 3975
1681054968.670248 502.00 3981
1681054968.6715336 502.00 3987
1681054968.6727862 506.00 3993
1681054968.67406 502.00 3999
1681054968.742745 503.00 4005
1681054968.7442033 502.00 4013
1681054968.7456207 502.00 4019
1681054968.747009 502.00 4025
1681054968.7483587 502.00 4031
1681054968.7497587 502.00 4037
1681054968.751138 502.00 4043
1681054968.7525156 502.00 4049
1681054968.7538805 502.00 4057
1681054968.7553263 502.00 4063
1681054968.7566247 502.00 4069
1681054968.7579677 502.00 4075
1681054968.7592752 502.00 4081
1681054968.8257642 502.00 4087
1681054968.8273463 502.00 4093
1681054968.8286967 502.00 4101
1681054968.829966 502.00 4107
1681054968.831176 502.00 4113
1681054968.8323786 502.00 4119
1681054968.8335774 503.00 4125
1681054968.8348672 502.00 4131
1681054968.8360653 502.00 4137
1681054968.8373196 502.00 4145
1681054968.8385818 502.00 4151
1681054968.8397925 502.00 4157
1681054968.8409958 502.00 4163
1681054968.9098167 502.00 4169
1681054968.911492 502.00 4175
1681054968.9128766 502.00 4182
1681054968.914324 502.00 4189
1681054968.9157195 502.00 4195
1681054968.9172204 502.00 4201
1681054968.9186568 502.00 4207
1681054968.9200194 504.00 4213
1681054968.9213681 502.00 4219
1681054968.922902 502.00 4226
1681054968.924274 502.00 4233
1681054968.9255686 502.00 4239
1681054968.9268582 502.00 4245
1681054968.9281123 504.00 4251
1681054968.9951594 502.00 4257
1681054968.9965687 502.00 4263
1681054968.9979112 502.00 4270
1681054968.9993267 504.00 4277
1681054969.0008018 502.00 4283
1681054969.002212 502.00 4289
1681054969.0035207 502.00 4295
1681054969.0048382 502.00 4301
1681054969.0060995 503.00 4307
1681054969.0073113 502.00 4314
1681054969.0085237 503.00 4321
1681054969.009723 502.00 4327
1681054969.0109434 502.00 4333
1681054969.0786307 502.00 4339
1681054969.0801942 502.00 4345
1681054969.0815074 502.00 4352
1681054969.0828383 502.00 4358
1681054969.0841131 502.00 4365
1681054969.085407 502.00 4371
1681054969.0869122 502.00 4377
1681054969.0881257 502.00 4383
1681054969.0893164 502.00 4389
1681054969.0905538 502.00 4396
1681054969.091824 502.00 4402
1681054969.093129 502.00 4409
1681054969.094348 502.00 4415
1681054969.0955575 504.00 4421
1681054969.1638103 502.00 4427
1681054969.1651893 502.00 4433
1681054969.166532 503.00 4440
1681054969.1679199 503.00 4446
1681054969.1692264 503.00 4453
1681054969.1706688 502.00 4459
1681054969.1719844 503.00 4465
1681054969.1732814 503.00 4471
1681054969.174597 502.00 4477
1681054969.1759026 502.00 4484
1681054969.1772032 502.00 4490
1681054969.1785424 502.00 4497
1681054969.1797934 502.00 4503
1681054969.247368 503.00 4509
1681054969.2489295 503.00 4515
1681054969.2503026 502.00 4521
1681054969.2517982 502.00 4528
1681054969.2531283 502.00 4534
1681054969.2544847 502.00 4541
1681054969.2557938 502.00 4547
1681054969.2570972 502.00 4553
1681054969.258435 502.00 4559
1681054969.259757 510.00 4566
1681054969.2609892 502.00 4572
1681054969.2622073 502.00 4578
1681054969.263471 502.00 4585
1681054969.2646997 502.00 4591
1681054969.3323736 502.00 4597
1681054969.3336256 502.00 4603
1681054969.3350513 502.00 4610
1681054969.3362741 503.00 4616
1681054969.3374822 502.00 4622
1681054969.338732 502.00 4629
1681054969.3399467 502.00 4635
1681054969.3411474 502.00 4641
1681054969.342389 502.00 4647
1681054969.3435993 502.00 4654
1681054969.3448117 503.00 4660
1681054969.3460238 503.00 4666
1681054969.3472357 502.00 4673
1681054969.4168215 502.00 4679
1681054969.4188068 502.00 4685
1681054969.4202824 502.00 4691
1681054969.4216356 502.00 4698
1681054969.422982 502.00 4704
1681054969.4242911 503.00 4710
1681054969.4255948 502.00 4717
1681054969.4269164 502.00 4723
1681054969.428236 495.00 4729
1681054969.4298005 502.00 4736
1681054969.4313548 502.00 4742
1681054969.4326785 502.00 4748
1681054969.4341266 502.00 4754
1681054969.4999743 502.00 4761
1681054969.5016153 502.00 4767
1681054969.5030124 502.00 4773
1681054969.5042672 502.00 4780
1681054969.5054655 502.00 4786
1681054969.5066867 502.00 4792
1681054969.507881 502.00 4798
1681054969.5090768 502.00 4805
1681054969.510308 503.00 4811
1681054969.5115116 502.00 4817
1681054969.5127027 502.00 4824
1681054969.5139468 502.00 4830
1681054969.5151527 502.00 4836
1681054969.5163476 502.00 4842
1681054969.5853856 502.00 4849
1681054969.5867867 502.00 4855
1681054969.5881035 502.00 4861
1681054969.5894153 503.00 4868
1681054969.5906587 502.00 4874
1681054969.5918624 502.00 4880
1681054969.5930653 502.00 4886
1681054969.5943062 502.00 4893
1681054969.5955229 502.00 4899
1681054969.596726 502.00 4905
1681054969.5979395 502.00 4912
1681054969.5991552 502.00 4918
1681054969.600442 503.00 4924
1681054969.6687365 502.00 4930
1681054969.6704602 502.00 4937
1681054969.6718163 502.00 4943
1681054969.6731849 502.00 4950
1681054969.6745017 502.00 4956
1681054969.6757722 502.00 4962
1681054969.6770227 502.00 4968
1681054969.6782994 502.00 4974
1681054969.6795855 502.00 4981
1681054969.6808333 502.00 4987
1681054969.682094 502.00 4994
1681054969.6835206 502.00 5000
1681054969.6847954 502.00 5006
1681054969.6861336 502.00 5012
1681054969.754134 502.00 5018
1681054969.755704 502.00 5025
1681054969.7570803 502.00 5031
1681054969.7584946 502.00 5038
1681054969.7598467 502.00 5044
1681054969.7612224 502.00 5050
1681054969.76274 502.00 5056
1681054969.7644508 503.00 5062
1681054969.7657635 502.00 5069
1681054969.7672803 502.00 5075
1681054969.768615 502.00 5082
1681054969.7698777 502.00 5088
1681054969.7711208 502.00 5094
1681054969.838037 502.00 5100
1681054969.839418 502.00 5106
1681054969.840738 502.00 5113
1681054969.8422062 501.00 5120
1681054969.8435743 504.00 5126
1681054969.8448308 503.00 5132
1681054969.8460844 504.00 5138
1681054969.847342 504.00 5144
1681054969.848655 505.00 5150
1681054969.8499181 506.00 5157
1681054969.8511398 506.00 5164
1681054969.852352 507.00 5170
1681054969.853556 508.00 5176
1681054969.9215314 508.00 5182
1681054969.9231207 510.00 5188
1681054969.9244366 510.00 5194
1681054969.9257343 511.00 5201
1681054969.9270458 512.00 5208
1681054969.928331 512.00 5214
1681054969.9296181 513.00 5220
1681054969.9309564 513.00 5226
1681054969.9322374 514.00 5232
1681054969.9334238 515.00 5238
1681054969.9346218 515.00 5245
1681054969.935832 516.00 5252
1681054969.9370182 517.00 5258
1681054969.938217 517.00 5264
1681054970.0068483 518.00 5270
1681054970.0083628 519.00 5276
1681054970.0098143 520.00 5282
1681054970.0113091 520.00 5289
1681054970.012754 521.00 5296
1681054970.0141196 521.00 5302
1681054970.0154219 522.00 5308
1681054970.0170963 522.00 5314
1681054970.0188334 523.00 5320
1681054970.0201595 523.00 5326
1681054970.0215187 524.00 5334
1681054970.0231616 524.00 5340
1681054970.0245109 524.00 5346
1681054970.089928 524.00 5352
1681054970.0905478 525.00 5358
1681054970.0910313 525.00 5364
1681054970.0915065 525.00 5370
1681054970.0919814 525.00 5378
1681054970.092455 525.00 5384
1681054970.092929 526.00 5390
1681054970.0933993 526.00 5396
1681054970.0938818 526.00 5402
1681054970.094357 527.00 5408
1681054970.0948296 527.00 5414
1681054970.0953064 527.00 5422
1681054970.0957918 527.00 5428
1681054970.0962682 527.00 5434
1681054970.1754847 527.00 5440
1681054970.1769953 528.00 5446
1681054970.1784122 528.00 5452
1681054970.1796992 528.00 5458
1681054970.1810381 528.00 5466
1681054970.1823971 528.00 5472
1681054970.1836157 529.00 5478
1681054970.1851466 529.00 5484
1681054970.1864302 529.00 5490
1681054970.1879876 529.00 5496
1681054970.1893544 529.00 5502
1681054970.1906176 529.00 5510
1681054970.1918213 530.00 5516
1681054970.2595096 529.00 5522
1681054970.2608647 529.00 5528
1681054970.262202 530.00 5534
1681054970.2635105 530.00 5540
1681054970.2647972 530.00 5547
1681054970.2661335 529.00 5554
1681054970.267442 530.00 5560
1681054970.2689056 530.00 5566
1681054970.270455 530.00 5572
1681054970.2721636 530.00 5578
1681054970.2734826 530.00 5584
1681054970.274823 530.00 5591
1681054970.2760549 530.00 5598
1681054970.3429072 530.00 5604
1681054970.3445747 530.00 5610
1681054970.3460188 530.00 5616
1681054970.3473728 530.00 5622
1681054970.3486693 530.00 5628
1681054970.3499808 530.00 5635
1681054970.351677 531.00 5642
1681054970.353475 545.00 5648
1681054970.3548253 530.00 5654
1681054970.356138 530.00 5660
1681054970.3574445 530.00 5666
1681054970.3587246 530.00 5672
1681054970.3599107 531.00 5679
1681054970.3611193 531.00 5686
1681054970.428273 531.00 5692
1681054970.4297636 531.00 5698
1681054970.4313622 531.00 5704
1681054970.4328609 531.00 5710
1681054970.4345157 531.00 5716
1681054970.435866 530.00 5723
1681054970.4371724 531.00 5730
1681054970.4384906 531.00 5736
1681054970.439786 531.00 5742
1681054970.4410849 531.00 5748
1681054970.4424043 531.00 5754
1681054970.4435997 531.00 5761
1681054970.445 531.00 5767
1681054970.5117621 531.00 5774
1681054970.5133202 531.00 5780
1681054970.5146713 531.00 5786
1681054970.516194 531.00 5792
1681054970.5179873 531.00 5798
1681054970.5193348 531.00 5805
1681054970.5206435 531.00 5811
1681054970.5219812 531.00 5818
1681054970.523293 531.00 5824
1681054970.5245914 531.00 5830
1681054970.5258312 531.00 5836
1681054970.5270512 531.00 5842
1681054970.5282516 531.00 5849
1681054970.5295258 531.00 5855
1681054970.5968528 531.00 5862
1681054970.5983956 531.00 5868
1681054970.5998065 531.00 5874
1681054970.6012487 531.00 5880
1681054970.6026347 531.00 5886
1681054970.603956 531.00 5893
1681054970.6052647 531.00 5899
1681054970.6066017 531.00 5906
1681054970.6079137 531.00 5912
1681054970.6093986 531.00 5918
1681054970.610779 531.00 5924
1681054970.6120992 531.00 5931
1681054970.613453 531.00 5937
1681054970.6803145 531.00 5943
1681054970.681986 531.00 5950
1681054970.6835308 531.00 5956
1681054970.6850343 531.00 5962
1681054970.6864762 531.00 5968
1681054970.6878452 531.00 5975
1681054970.6893854 531.00 5981
1681054970.6908197 531.00 5987
1681054970.6921875 531.00 5994
1681054970.6935687 531.00 6000
1681054970.6948662 531.00 6006
1681054970.6961255 531.00 6012
1681054970.697399 531.00 6019
1681054970.764382 531.00 6025
1681054970.7659316 531.00 6031
1681054970.7674854 531.00 6038
1681054970.768771 531.00 6044
1681054970.7700362 531.00 6050
1681054970.7712693 531.00 6056
1681054970.7725153 531.00 6063
1681054970.773722 531.00 6069
1681054970.7749548 531.00 6075
1681054970.776182 531.00 6082
1681054970.7774 531.00 6088
1681054970.7786565 531.00 6094
1681054970.7799413 531.00 6100
1681054970.7811465 531.00 6107
1681054970.8500552 531.00 6113
1681054970.852334 531.00 6119
1681054970.8544931 531.00 6126
1681054970.8566854 531.00 6132
1681054970.8589046 531.00 6138
1681054970.8604703 531.00 6145
1681054970.8620875 531.00 6151
1681054970.8640394 531.00 6157
1681054970.865552 531.00 6163
1681054970.8669038 531.00 6170
1681054970.8686004 531.00 6176
1681054970.8707836 531.00 6182
1681054970.8728468 531.00 6189
1681054970.9330118 531.00 6195
1681054970.934556 531.00 6201
1681054970.9359787 531.00 6207
1681054970.9372425 531.00 6214
1681054970.938516 531.00 6220
1681054970.939727 531.00 6226
1681054970.9410088 531.00 6233
1681054970.9423575 531.00 6239
1681054970.9435751 531.00 6245
1681054970.9448483 531.00 6251
1681054970.9461079 531.00 6258
1681054970.9473205 531.00 6264
1681054970.9485264 531.00 6270
1681054970.9497223 531.00 6277
1681054971.0183642 531.00 6283
1681054971.019719 531.00 6289
1681054971.0210407 531.00 6295
1681054971.0223577 531.00 6302
1681054971.023551 531.00 6308
1681054971.0247335 531.00 6315
1681054971.0259402 531.00 6321
1681054971.0271235 531.00 6327
1681054971.0283065 531.00 6333
1681054971.0294929 531.00 6339
1681054971.0307243 531.00 6346
1681054971.0320306 531.00 6352
1681054971.0332775 531.00 6359
1681054971.1017263 531.00 6365
1681054971.1031938 531.00 6371
1681054971.1044097 531.00 6377
1681054971.1056097 531.00 6383
1681054971.1068616 531.00 6390
1681054971.1080575 531.00 6396
1681054971.1092477 531.00 6403
1681054971.1104686 531.00 6409
1681054971.1116896 531.00 6415
1681054971.1128867 531.00 6421
1681054971.1141043 531.00 6427
1681054971.1152983 531.00 6434
1681054971.1165056 531.00 6440
1681054971.1857762 531.00 6447
1681054971.1873817 531.00 6453
1681054971.1886933 531.00 6459
1681054971.190042 531.00 6465
1681054971.1913571 531.00 6471
1681054971.1926494 531.00 6478
1681054971.1938481 531.00 6484
1681054971.1951947 531.00 6491
1681054971.1963913 531.00 6497
1681054971.1975777 531.00 6503
1681054971.198789 532.00 6509
1681054971.2000082 531.00 6515
1681054971.201397 531.00 6522
1681054971.2026496 531.00 6529
1681054971.270964 531.00 6535
1681054971.2723775 531.00 6541
1681054971.2738001 531.00 6547
1681054971.2753792 531.00 6553
1681054971.2767828 531.00 6559
1681054971.278189 532.00 6566
1681054971.2795925 531.00 6573
1681054971.2809596 531.00 6579
1681054971.2823315 531.00 6585
1681054971.2837355 531.00 6591
1681054971.2851107 531.00 6597
1681054971.286484 531.00 6603
1681054971.2879143 531.00 6610
1681054971.3545084 531.00 6617
1681054971.3565388 531.00 6623
1681054971.3579795 531.00 6629
1681054971.359383 531.00 6635
1681054971.3607607 531.00 6641
1681054971.362161 531.00 6647
1681054971.3635283 531.00 6654
1681054971.3647616 531.00 6661
1681054971.3660483 531.00 6667
1681054971.3672965 531.00 6673
1681054971.3687274 531.00 6679
1681054971.3703258 531.00 6685
1681054971.3716981 531.00 6691
1681054971.3729205 531.00 6699
1681054971.4398017 531.00 6705
1681054971.4413652 531.00 6711
1681054971.4428954 531.00 6717
1681054971.4443185 531.00 6723
1681054971.4456136 531.00 6729
1681054971.4469419 531.00 6735
1681054971.448255 531.00 6743
1681054971.4497285 531.00 6749
1681054971.4511614 531.00 6755
1681054971.4525392 531.00 6761
1681054971.453833 531.00 6767
1681054971.4551682 531.00 6773
1681054971.4564564 531.00 6779
1681054971.5231574 531.00 6787
1681054971.5247757 531.00 6793
1681054971.5261867 531.00 6799
1681054971.5275815 531.00 6805
1681054971.5289693 531.00 6811
1681054971.5303562 531.00 6817
1681054971.5318582 531.00 6823
1681054971.5332615 531.00 6831
1681054971.5348136 531.00 6837
1681054971.5360553 531.00 6843
1681054971.5373013 531.00 6849
1681054971.5386155 531.00 6855
1681054971.5398703 531.00 6861
1681054971.6072114 531.00 6867
1681054971.6090212 531.00 6874
1681054971.6106381 531.00 6881
1681054971.6120932 531.00 6887
1681054971.6135786 531.00 6893
1681054971.6150823 531.00 6899
1681054971.6165373 531.00 6905
1681054971.6179235 531.00 6912
1681054971.619287 531.00 6918
1681054971.620668 531.00 6925
1681054971.6220465 531.00 6931
1681054971.6234434 531.00 6937
1681054971.6248271 531.00 6943
1681054971.626201 531.00 6949
1681054971.69259 531.00 6956
1681054971.6940017 531.00 6962
1681054971.6953256 531.00 6969
1681054971.6967115 531.00 6975
1681054971.6983886 531.00 6981
1681054971.7000053 531.00 6987
1681054971.7013817 531.00 6993
1681054971.7028117 531.00 7000
1681054971.7041957 531.00 7006
1681054971.705584 531.00 7013
1681054971.706927 531.00 7019
1681054971.7082417 531.00 7025
1681054971.7095559 531.00 7031
1681054971.7759202 531.00 7037
1681054971.7778034 531.00 7044
1681054971.779361 531.00 7050
1681054971.7806711 531.00 7057
1681054971.7820208 531.00 7063
1681054971.7833545 531.00 7069
1681054971.7847028 531.00 7075
1681054971.7860303 531.00 7081
1681054971.7873394 531.00 7088
1681054971.78864 531.00 7094
1681054971.7899885 531.00 7101
1681054971.791538 531.00 7107
1681054971.792796 531.00 7113
1681054971.7941244 531.00 7119
1681054971.8611813 531.00 7126
1681054971.8627105 531.00 7132
1681054971.8641756 531.00 7138
1681054971.8656192 531.00 7145
1681054971.867034 531.00 7151
1681054971.8684492 531.00 7157
1681054971.869741 531.00 7163
1681054971.871091 531.00 7170
1681054971.8727024 531.00 7176
1681054971.8741221 531.00 7182
1681054971.8754604 531.00 7189
1681054971.8767626 531.00 7195
1681054971.8780873 531.00 7201
1681054971.9446292 531.00 7207
1681054971.946194 531.00 7214
1681054971.9492536 531.00 7220
1681054971.9506927 531.00 7226
1681054971.9520626 531.00 7233
1681054971.9534698 531.00 7239
1681054971.95481 531.00 7245
1681054971.9561205 531.00 7251
1681054971.957407 531.00 7258
1681054971.9586837 531.00 7264
1681054971.959923 531.00 7270
1681054971.9611108 531.00 7277
1681054971.9623215 531.00 7283
1681054972.0285566 531.00 7289
1681054972.030154 531.00 7296
1681054972.0315943 531.00 7302
1681054972.0329561 531.00 7308
1681054972.0343275 531.00 7314
1681054972.0356476 531.00 7321
1681054972.0369437 531.00 7327
1681054972.0382895 531.00 7333
1681054972.039597 531.00 7340
1681054972.0408893 531.00 7346
1681054972.0422122 531.00 7352
1681054972.0434163 531.00 7358
1681054972.0446012 531.00 7365
1681054972.0457973 531.00 7371
1681054972.1138957 531.00 7377
1681054972.1154692 531.00 7384
1681054972.1169522 531.00 7390
1681054972.1183054 531.00 7396
1681054972.1196384 531.00 7402
1681054972.1209292 531.00 7409
1681054972.1222491 531.00 7415
1681054972.1234493 531.00 7421
1681054972.1246405 531.00 7428
1681054972.1258316 531.00 7434
1681054972.1270719 531.00 7440
1681054972.1282709 531.00 7446
1681054972.1294708 531.00 7453
1681054972.1973364 531.00 7459
1681054972.1990783 531.00 7465
1681054972.200549 531.00 7472
1681054972.2020001 531.00 7478
1681054972.2034183 531.00 7484
1681054972.20472 531.00 7490
1681054972.206052 531.00 7497
1681054972.207359 531.00 7503
1681054972.2086518 531.00 7510
1681054972.2099533 531.00 7516
1681054972.211245 531.00 7522
1681054972.2125368 531.00 7528
1681054972.2137833 531.00 7534
1681054972.2149904 531.00 7541
1681054972.2828035 531.00 7547
1681054972.284312 531.00 7554
1681054972.2856107 531.00 7560
1681054972.2869408 531.00 7566
1681054972.2882578 531.00 7572
1681054972.2895684 531.00 7578
1681054972.290922 531.00 7585
1681054972.2925801 531.00 7591
1681054972.2939143 531.00 7598
1681054972.2952232 531.00 7604
1681054972.2965236 531.00 7610
1681054972.2978168 531.00 7616
1681054972.2991674 531.00 7622
1681054972.3660746 531.00 7629
1681054972.3677845 531.00 7635
1681054972.369231 531.00 7642
1681054972.3707108 531.00 7648
1681054972.3721466 531.00 7654
1681054972.3735754 531.00 7660
1681054972.3749719 531.00 7666
1681054972.3762639 531.00 7673
1681054972.3775616 531.00 7680
1681054972.378891 531.00 7686
1681054972.3801863 531.00 7692
1681054972.3814785 531.00 7698
1681054972.3827875 531.00 7704
1681054972.3841598 531.00 7710
1681054972.4513397 531.00 7717
1681054972.4530702 531.00 7724
1681054972.4544773 531.00 7730
1681054972.455797 531.00 7736
1681054972.457104 531.00 7742
1681054972.4584355 531.00 7748
1681054972.4597409 531.00 7754
1681054972.4610364 531.00 7761
1681054972.46236 531.00 7768
1681054972.4636703 531.00 7774
1681054972.4649107 531.00 7780
1681054972.4661207 531.00 7786
1681054972.4675972 531.00 7792
1681054972.5354688 531.00 7798
1681054972.5368295 531.00 7805
1681054972.5381749 531.00 7812
1681054972.5395052 531.00 7818
1681054972.5408175 531.00 7824
1681054972.5421357 531.00 7830
1681054972.5434432 531.00 7836
1681054972.5447068 531.00 7842
1681054972.5458987 531.00 7849
1681054972.547226 531.00 7856
1681054972.5486102 531.00 7862
1681054972.5498157 531.00 7868
1681054972.551032 531.00 7874
1681054972.618812 531.00 7880
1681054972.6205325 531.00 7886
1681054972.6219285 531.00 7894
1681054972.623388 531.00 7900
1681054972.6246886 531.00 7906
1681054972.6260018 531.00 7912
1681054972.6273196 531.00 7918
1681054972.6286297 531.00 7924
1681054972.6303272 531.00 7930
1681054972.6316683 531.00 7938
1681054972.6329863 531.00 7944
1681054972.6343265 531.00 7950
1681054972.6356401 531.00 7956
1681054972.6369348 531.00 7962
1681054972.704063 531.00 7968
1681054972.7054248 531.00 7974
1681054972.7067945 531.00 7982
1681054972.7080922 531.00 7988
1681054972.7095711 531.00 7994
1681054972.71094 531.00 8000
1681054972.7122393 531.00 8006
1681054972.7135057 531.00 8012
1681054972.7148218 531.00 8018
1681054972.7160249 531.00 8026
1681054972.7172325 531.00 8032
1681054972.7184806 531.00 8038
1681054972.719679 531.00 8044
1681054972.7874875 531.00 8050
1681054972.7893257 531.00 8056
1681054972.790873 531.00 8062
1681054972.7923148 531.00 8070
1681054972.7936978 531.00 8076
1681054972.7951183 531.00 8082
1681054972.7964919 531.00 8088
1681054972.797783 531.00 8094
1681054972.7991247 531.00 8100
1681054972.8004322 531.00 8107
1681054972.8018239 531.00 8114
1681054972.8032358 531.00 8120
1681054972.8045409 531.00 8126
1681054972.8058417 531.00 8132
1681054972.8728223 531.00 8138
1681054972.8743417 531.00 8144
1681054972.875873 531.00 8151
1681054972.877307 531.00 8158
1681054972.878646 531.00 8164
1681054972.87996 531.00 8170
1681054972.8812714 531.00 8176
1681054972.8826015 531.00 8182
1681054972.8840897 531.00 8188
1681054972.8853905 531.00 8195
1681054972.8867288 531.00 8202
1681054972.8880174 531.00 8208
1681054972.889291 531.00 8214
1681054972.9569066 531.00 8220
1681054972.958543 531.00 8226
1681054972.959999 531.00 8232
1681054972.9613204 531.00 8239
1681054972.9626355 531.00 8246
1681054972.9639354 531.00 8252
1681054972.9652252 531.00 8258
1681054972.966757 531.00 8264
1681054972.96809 531.00 8270
1681054972.9693816 531.00 8276
1681054972.970727 531.00 8283
1681054972.9720426 531.00 8290
1681054972.9733138 531.00 8296
1681054973.0402033 531.00 8302
1681054973.0418887 531.00 8308
1681054973.0432935 531.00 8314
1681054973.0447292 531.00 8321
1681054973.0460253 531.00 8327
1681054973.047292 531.00 8334
1681054973.048568 531.00 8340
1681054973.049823 531.00 8346
1681054973.0511 531.00 8352
1681054973.052326 531.00 8358
1681054973.0535927 531.00 8365
1681054973.05488 531.00 8371
1681054973.0562627 531.00 8378
1681054973.0575678 531.00 8384
1681054973.125266 531.00 8390
1681054973.1265562 531.00 8396
1681054973.127756 531.00 8402
1681054973.1289566 532.00 8409
1681054973.1301732 531.00 8415
1681054973.131385 531.00 8422
1681054973.1325853 531.00 8428
1681054973.1337874 531.00 8434
1681054973.135004 531.00 8440
1681054973.136199 531.00 8446
1681054973.137395 531.00 8453
1681054973.1387193 531.00 8459
1681054973.1399276 531.00 8466
1681054973.2088833 531.00 8472
1681054973.2105148 531.00 8478
1681054973.2118719 531.00 8484
1681054973.213216 531.00 8491
1681054973.2144916 531.00 8497
1681054973.2157142 531.00 8503
1681054973.2170162 531.00 8510
1681054973.2182567 531.00 8516
1681054973.219594 531.00 8522
1681054973.2208226 531.00 8528
1681054973.2220669 531.00 8535
1681054973.2232816 531.00 8541
1681054973.2245126 531.00 8547
1681054973.2257187 531.00 8554
1681054973.2941594 531.00 8560
1681054973.2956288 531.00 8566
1681054973.296942 531.00 8572
1681054973.2982771 531.00 8579
1681054973.2997031 531.00 8585
1681054973.3010304 531.00 8591
1681054973.302356 531.00 8598
1681054973.3038387 531.00 8604
1681054973.3051908 532.00 8610
1681054973.3065248 531.00 8616
1681054973.3078444 531.00 8623
1681054973.3091602 531.00 8629
1681054973.3104289 531.00 8635
1681054973.3782241 531.00 8642
1681054973.379584 531.00 8648
1681054973.381012 531.00 8654
1681054973.3823767 531.00 8660
1681054973.3836985 531.00 8667
1681054973.3849945 531.00 8673
1681054973.3863432 531.00 8679
1681054973.3876524 531.00 8686
1681054973.388895 531.00 8692
1681054973.3901086 531.00 8698
1681054973.3913128 531.00 8705
1681054973.3926084 531.00 8711
1681054973.393824 531.00 8717
1681054973.4617126 531.00 8723
1681054973.4641833 531.00 8730
1681054973.4664478 531.00 8736
1681054973.4686975 531.00 8742
1681054973.4704669 531.00 8749
1681054973.4720712 531.00 8755
1681054973.473685 531.00 8761
1681054973.475058 531.00 8767
1681054973.4762888 531.00 8774
1681054973.47711 531.00 8780
1681054973.4778092 531.00 8786
1681054973.4785206 531.00 8793
1681054973.4791956 531.00 8799
1681054973.479754 531.00 8805
1681054973.5468132 531.00 8811
1681054973.5480647 531.00 8818
1681054973.5492976 531.00 8824
1681054973.5505798 531.00 8830
1681054973.5518029 531.00 8837
1681054973.5530171 531.00 8843
1681054973.554256 531.00 8849
1681054973.5554872 531.00 8855
1681054973.5567355 531.00 8862
1681054973.5579832 531.00 8868
1681054973.559218 531.00 8875
1681054973.5604432 531.00 8881
1681054973.561664 531.00 8887
1681054973.630304 531.00 8893
1681054973.6317742 531.00 8899
1681054973.6330457 531.00 8906
1681054973.6342974 531.00 8912
1681054973.6355488 531.00 8919
1681054973.6367981 531.00 8925
1681054973.6380498 531.00 8931
1681054973.639323 531.00 8937
1681054973.6405542 531.00 8943
1681054973.641762 531.00 8950
1681054973.6430132 531.00 8956
1681054973.6442382 531.00 8963
1681054973.645469 531.00 8969
1681054973.646701 531.00 8975
1681054973.7155843 531.00 8981
1681054973.716983 531.00 8987
1681054973.7183678 531.00 8994
1681054973.7197647 531.00 9000
1681054973.7210264 531.00 9007
1681054973.722287 531.00 9013
1681054973.7235298 531.00 9019
1681054973.7247753 531.00 9025
1681054973.7260299 531.00 9031
1681054973.7272522 531.00 9038
1681054973.7284782 531.00 9044
1681054973.7296898 531.00 9051
1681054973.7309525 531.00 9057
1681054973.7990615 531.00 9063
1681054973.8006916 531.00 9069
1681054973.8021202 531.00 9075
1681054973.803489 531.00 9082
1681054973.8048303 531.00 9089
1681054973.8061948 531.00 9095
1681054973.8075457 531.00 9101
1681054973.808867 531.00 9107
1681054973.8101635 531.00 9113
1681054973.8114908 531.00 9119
1681054973.8126936 531.00 9126
1681054973.813946 531.00 9133
1681054973.815265 531.00 9139
1681054973.8830986 531.00 9145
1681054973.8850498 531.00 9151
1681054973.8866112 531.00 9157
1681054973.8879728 531.00 9163
1681054973.889279 531.00 9170
1681054973.8906174 531.00 9177
1681054973.8918664 531.00 9183
1681054973.8930593 531.00 9189
1681054973.8942754 531.00 9195
1681054973.8956485 531.00 9201
1681054973.896852 531.00 9207
1681054973.8981636 531.00 9214
1681054973.899559 531.00 9221
1681054973.9008684 531.00 9227
1681054973.9682906 531.00 9233
1681054973.9696298 531.00 9239
1681054973.970963 531.00 9245
1681054973.9721968 531.00 9251
1681054973.9734607 531.00 9259
1681054973.9746635 531.00 9265
1681054973.9759703 531.00 9271
1681054973.9772475 531.00 9277
1681054973.97848 531.00 9283
1681054973.979702 531.00 9289
1681054973.9808936 531.00 9295
1681054973.9821997 531.00 9303
1681054973.9834914 531.00 9309
1681054974.0518312 531.00 9315
1681054974.053395 531.00 9321
1681054974.0547452 531.00 9327
1681054974.0565414 531.00 9333
1681054974.0578873 531.00 9339
1681054974.0592792 531.00 9347
1681054974.060615 531.00 9353
1681054974.0619414 531.00 9359
1681054974.0632553 531.00 9365
1681054974.0648131 531.00 9371
1681054974.0661523 531.00 9377
1681054974.0677576 531.00 9383
1681054974.0691552 531.00 9391
1681054974.0704486 531.00 9397
1681054974.1370115 531.00 9403
1681054974.13843 531.00 9409
1681054974.139805 531.00 9415
1681054974.141136 531.00 9421
1681054974.1424775 531.00 9427
1681054974.1437755 531.00 9435
1681054974.1450195 531.00 9441
1681054974.1462796 531.00 9447
1681054974.1474848 531.00 9453
1681054974.1488097 531.00 9459
1681054974.1501253 531.00 9465
1681054974.151342 531.00 9472
1681054974.1525438 531.00 9479
1681054974.2206125 531.00 9485
1681054974.2221897 531.00 9491
1681054974.2235107 531.00 9497
1681054974.224805 531.00 9503
1681054974.2261028 531.00 9509
1681054974.227576 531.00 9516
1681054974.2289083 531.00 9523
1681054974.2302456 531.00 9529
1681054974.2316456 531.00 9535
1681054974.233113 531.00 9541
1681054974.2345157 531.00 9547
1681054974.235733 531.00 9553
1681054974.236929 531.00 9560
1681054974.3045688 531.00 9567
1681054974.3061786 531.00 9573
1681054974.3075085 531.00 9579
1681054974.3088112 531.00 9585
1681054974.3101313 531.00 9591
1681054974.31142 531.00 9597
1681054974.3126743 531.00 9604
1681054974.3139849 531.00 9611
1681054974.3152215 531.00 9617
1681054974.3166127 531.00 9623
1681054974.3179138 531.00 9629
1681054974.3191376 531.00 9635
1681054974.320343 531.00 9641
1681054974.32163 531.00 9648
1681054974.3892121 531.00 9655
1681054974.390007 531.00 9661
