1681070847.856526 0.00 0
1681070847.9765368 0.00 0
1681070847.9778664 0.00 0
1681070847.9791682 0.00 0
1681070847.9805133 0.00 0
1681070847.9817727 0.00 0
1681070847.9830155 0.00 0
1681070847.9842923 0.00 0
1681070847.9855402 0.00 0
1681070847.9867816 0.00 0
1681070847.9880154 0.00 0
1681070847.9892957 0.00 0
1681070847.990529 0.00 0
1681070847.991776 0.00 0
1681070847.9929955 0.00 0
1681070847.9942865 0.00 0
1681070847.9955356 0.00 0
1681070848.0597467 0.00 0
1681070848.06147 0.00 0
1681070848.0627737 0.00 0
1681070848.0640485 0.00 0
1681070848.065372 0.00 0
1681070848.0666344 0.00 0
1681070848.067889 0.00 0
1681070848.0694978 0.00 0
1681070848.0708423 0.00 0
1681070848.0720997 0.00 0
1681070848.0734675 0.60 174
1681070848.074765 4.10 179
1681070848.0760448 7.68 185
1681070848.0774002 11.14 190
1681070848.0786655 14.76 196
1681070848.0798705 18.34 201
1681070848.144073 22.12 207
1681070848.1458316 27.26 212
1681070848.1471896 33.98 219
1681070848.1485312 40.94 224
1681070848.1498804 47.93 230
1681070848.151368 54.89 235
1681070848.1528144 61.69 241
1681070848.154168 68.64 246
1681070848.1554608 75.60 252
1681070848.1567888 82.68 258
1681070848.1582115 89.35 263
1681070848.15952 96.39 269
1681070848.1609209 100.89 275
1681070848.1623678 104.67 280
1681070848.163719 108.33 286
1681070848.2284303 112.07 292
1681070848.2300096 116.18 297
1681070848.2314017 122.49 304
1681070848.2327738 129.45 309
1681070848.2343168 136.16 315
1681070848.2356691 143.04 321
1681070848.2370298 149.91 326
1681070848.2383747 156.59 332
1681070848.2397132 162.94 338
1681070848.241095 169.61 344
1681070848.2425125 176.13 350
1681070848.2437947 182.80 356
1681070848.2450528 189.15 361
1681070848.2462926 193.29 367
1681070848.247505 197.07 373
1681070848.3135517 200.81 378
1681070848.3149211 204.59 385
1681070848.316235 208.53 390
1681070848.3174882 215.25 396
1681070848.3187096 221.92 402
1681070848.3199177 228.64 407
1681070848.32128 235.39 413
1681070848.3225174 241.70 419
1681070848.3237317 248.46 424
1681070848.3249915 255.05 431
1681070848.326225 261.81 437
1681070848.3274312 266.80 442
1681070848.3286793 270.94 448
1681070848.3298771 275.04 454
1681070848.396867 279.55 459
1681070848.39855 285.86 465
1681070848.4000416 292.30 471
1681070848.4019315 298.85 477
1681070848.4034078 306.01 483
1681070848.404856 312.45 488
1681070848.4061885 319.05 494
1681070848.4074605 325.56 500
1681070848.408757 331.67 505
1681070848.4100285 336.30 512
1681070848.411408 340.36 518
1681070848.4127638 344.55 523
1681070848.414231 351.14 529
1681070848.4156606 357.82 535
1681070848.4169724 361.48 540
1681070848.4815328 365.10 546
1681070848.4835768 368.80 552
1681070848.485064 372.46 558
1681070848.4864762 376.28 564
1681070848.4878325 381.79 569
1681070848.4891336 387.14 575
1681070848.490405 393.26 581
1681070848.4916708 399.93 586
1681070848.4929633 405.84 592
1681070848.4943666 409.55 599
1681070848.4959786 413.17 604
1681070848.4973261 416.91 610
1681070848.498602 420.65 616
1681070848.499864 426.60 621
1681070848.501165 431.63 627
1681070848.5666423 437.62 633
1681070848.5682259 444.50 638
1681070848.5695293 450.01 645
1681070848.5708055 453.71 650
1681070848.5720968 457.37 656
1681070848.5734792 461.11 662
1681070848.5747507 465.17 667
1681070848.576014 470.60 673
1681070848.5773065 476.60 679
1681070848.5785694 482.39 685
1681070848.5798779 489.18 691
1681070848.5811756 493.21 697
1681070848.5824373 496.83 702
1681070848.5839243 500.57 708
1681070848.650003 504.27 714
1681070848.6516302 509.90 719
1681070848.6530802 514.57 726
1681070848.6543708 520.16 732
1681070848.6556435 526.95 737
1681070848.6569498 531.82 743
1681070848.65824 535.48 748
1681070848.6594934 539.18 754
1681070848.660794 542.88 760
1681070848.6620421 547.83 765
1681070848.6633265 552.25 772
1681070848.6646647 558.17 778
1681070848.6659925 564.56 783
1681070848.6674597 569.87 789
1681070848.669024 573.57 795
1681070848.735143 577.31 800
1681070848.73665 581.01 806
1681070848.7379906 585.64 813
1681070848.73926 590.42 818
1681070848.7405577 596.26 824
1681070848.7418177 602.17 829
1681070848.7430801 608.04 835
1681070848.7443736 611.74 841
1681070848.7456417 615.48 846
1681070848.7469132 619.18 852
1681070848.7482352 623.12 859
1681070848.7496734 628.23 864
1681070848.7510927 633.66 870
1681070848.7524312 639.29 876
1681070848.8182955 645.21 881
1681070848.818841 648.91 887
1681070848.819266 652.60 893
1681070848.819689 656.31 899
1681070848.8201385 660.49 905
1681070848.820593 665.52 911
1681070848.8210385 670.59 916
1681070848.8215446 676.18 922
1681070848.8220441 681.17 927
1681070848.8225884 684.87 933
1681070848.823119 688.49 940
1681070848.823658 692.23 945
1681070848.8242064 696.81 951
1681070848.824755 701.24 957
1681070848.825365 706.59 962
1681070848.9035742 712.22 968
1681070848.9050467 716.72 974
1681070848.9064395 720.34 979
1681070848.9078138 724.04 986
1681070848.9092362 727.78 992
1681070848.9104981 732.81 997
1681070848.911781 737.03 1003
1681070848.9132311 741.98 1009
1681070848.9145792 748.62 1015
1681070848.9159324 752.60 1021
1681070848.917389 756.46 1028
1681070848.9187138 760.36 1034
1681070848.9200158 764.55 1040
1681070848.9213417 769.94 1046
1681070848.987256 775.33 1052
1681070848.9888885 781.28 1058
1681070848.9902444 785.54 1064
1681070848.9916728 789.40 1071
1681070848.9932067 793.39 1077
1681070848.994514 797.29 1083
1681070848.995948 802.84 1089
1681070848.9973202 807.95 1095
1681070848.9986165 813.30 1101
1681070849.0000618 818.68 1107
1681070849.001433 822.63 1114
1681070849.0027595 826.49 1120
1681070849.0040653 830.43 1126
1681070849.0054255 835.82 1131
1681070849.0723217 840.04 1137
1681070849.0738451 845.31 1143
1681070849.0751982 851.63 1149
1681070849.0765574 855.57 1156
1681070849.0778809 859.43 1162
1681070849.0791936 863.37 1168
1681070849.080601 867.72 1174
1681070849.0819497 872.78 1180
1681070849.0833087 877.97 1186
1681070849.0846765 884.29 1192
1681070849.0859978 888.63 1199
1681070849.0873067 892.53 1205
1681070849.0886304 896.47 1211
1681070849.089961 900.38 1217
1681070849.1567729 905.85 1223
1681070849.1582785 910.95 1229
1681070849.1596866 916.55 1235
1681070849.161132 922.30 1242
1681070849.1625526 926.20 1248
1681070849.163856 930.06 1254
1681070849.1651857 934.00 1260
1681070849.166493 939.23 1266
1681070849.167794 943.57 1272
1681070849.1691217 948.48 1278
1681070849.1704395 955.00 1285
1681070849.1717465 958.94 1291
1681070849.173068 962.80 1297
1681070849.2398016 966.78 1303
1681070849.241452 971.21 1309
1681070849.2427795 976.07 1315
1681070849.2440798 981.54 1321
1681070849.245429 987.94 1328
1681070849.2471144 992.08 1334
1681070849.2485425 995.94 1340
1681070849.2498791 999.89 1346
1681070849.251633 1003.79 1352
1681070849.2531414 1009.46 1358
1681070849.2544904 1014.57 1364
1681070849.255818 1020.16 1371
1681070849.2571833 1024.90 1377
1681070849.258701 1028.88 1383
1681070849.3244357 1032.93 1390
1681070849.3263428 1036.95 1396
1681070849.3277533 1042.05 1402
1681070849.3291306 1047.43 1409
1681070849.3304703 1053.10 1415
1681070849.3317919 1057.92 1421
1681070849.3333435 1061.93 1427
1681070849.3348584 1065.99 1434
1681070849.336215 1069.96 1440
1681070849.337549 1075.26 1446
1681070849.339072 1080.89 1453
1681070849.3406188 1086.63 1459
1681070849.3419595 1091.57 1465
1681070849.408536 1095.55 1472
1681070849.410253 1099.56 1478
1681070849.4116411 1103.62 1484
1681070849.4130769 1108.96 1490
1681070849.4144793 1114.74 1497
1681070849.4158378 1120.20 1503
1681070849.4173212 1125.23 1509
1681070849.418776 1129.20 1516
1681070849.42024 1133.22 1522
1681070849.4216297 1137.27 1528
1681070849.4237807 1141.89 1534
1681070849.4263496 1147.23 1541
1681070849.4283254 1152.66 1547
1681070849.4299664 1158.16 1553
1681070849.4937747 1162.13 1559
1681070849.4953358 1166.15 1566
1681070849.4968815 1170.21 1572
1681070849.4984062 1175.55 1579
1681070849.499775 1180.65 1585
1681070849.5012975 1186.23 1591
1681070849.50266 1191.89 1597
1681070849.5040238 1195.95 1604
1681070849.505422 1199.92 1610
1681070849.5067701 1203.98 1616
1681070849.5081246 1209.32 1623
1681070849.5095143 1213.90 1629
1681070849.5108619 1219.20 1635
1681070849.577166 1225.03 1641
1681070849.5789325 1229.04 1647
1681070849.5805264 1233.02 1654
1681070849.582034 1237.07 1660
1681070849.5834975 1242.38 1667
1681070849.5851877 1246.95 1673
1681070849.586559 1251.85 1679
1681070849.5879164 1257.56 1685
1681070849.5893214 1261.53 1691
1681070849.5907202 1265.51 1698
1681070849.5921237 1269.56 1704
1681070849.593499 1274.95 1711
1681070849.5948527 1279.72 1717
1681070849.5962527 1285.19 1723
1681070849.662627 1291.17 1729
1681070849.6642075 1295.19 1735
1681070849.6657562 1299.12 1742
1681070849.6671498 1303.18 1748
1681070849.6685925 1308.36 1755
1681070849.669978 1313.02 1761
1681070849.6713789 1318.16 1767
1681070849.672774 1323.94 1773
1681070849.6741478 1327.96 1780
1681070849.675748 1331.97 1786
1681070849.6771865 1336.03 1793
1681070849.6785972 1341.21 1799
1681070849.6800008 1345.51 1805
1681070849.7458186 1350.65 1811
1681070849.7473845 1356.51 1817
1681070849.7487478 1360.57 1824
1681070849.7500682 1364.55 1830
1681070849.7513776 1368.60 1837
1681070849.7527115 1373.98 1843
1681070849.75404 1378.40 1849
1681070849.755355 1383.82 1855
1681070849.7572021 1389.73 1861
1681070849.758847 1393.74 1867
1681070849.76023 1397.80 1874
1681070849.7615783 1401.85 1881
1681070849.7629046 1407.28 1887
1681070849.8299093 1411.94 1893
1681070849.831542 1416.84 1899
1681070849.8329408 1422.82 1905
1681070849.8342867 1426.84 1911
1681070849.8356216 1430.81 1918
1681070849.8369625 1434.83 1925
1681070849.8383577 1440.17 1931
1681070849.8404531 1444.91 1937
1681070849.8422983 1449.77 1943
1681070849.8436587 1455.55 1949
1681070849.8450558 1459.53 1955
1681070849.8463876 1463.54 1963
1681070849.8477175 1467.56 1969
1681070849.849054 1472.86 1975
1681070849.9152195 1477.56 1981
1681070849.9166672 1482.66 1987
1681070849.918015 1488.80 1993
1681070849.9194865 1492.82 1999
1681070849.9208748 1496.80 2007
1681070849.9221985 1500.85 2013
1681070849.9235184 1506.11 2019
1681070849.9248474 1510.81 2025
1681070849.9261613 1515.67 2031
1681070849.9274707 1521.17 2037
1681070849.9287975 1525.19 2043
1681070849.9301124 1529.13 2051
1681070849.9314122 1533.18 2057
1681070849.9985912 1538.48 2063
1681070850.0003443 1543.26 2069
1681070850.0017326 1548.56 2075
1681070850.0030723 1553.26 2081
1681070850.004866 1557.24 2087
1681070850.0062485 1561.25 2095
1681070850.0075934 1565.27 2101
1681070850.0089552 1570.25 2107
1681070850.0104203 1574.67 2113
1681070850.0117764 1579.93 2119
1681070850.0131156 1583.95 2125
1681070850.0144393 1587.88 2131
1681070850.015887 1591.90 2139
1681070850.0174131 1596.23 2145
1681070850.0841744 1600.69 2151
1681070850.0858514 1604.83 2157
1681070850.0873373 1609.65 2163
1681070850.0888345 1613.70 2169
1681070850.0903888 1617.52 2176
1681070850.0918264 1621.54 2183
1681070850.093185 1626.64 2189
1681070850.0945115 1630.77 2195
1681070850.0959654 1635.75 2201
1681070850.0974877 1640.77 2207
1681070850.098815 1644.75 2213
1681070850.1002362 1648.77 2220
1681070850.1016612 1652.82 2227
1681070850.1673532 1657.88 2233
1681070850.1691978 1662.34 2239
1681070850.1706474 1668.00 2245
1681070850.1720068 1672.34 2251
1681070850.1733682 1676.32 2257
1681070850.174706 1680.33 2264
1681070850.1762252 1684.39 2271
1681070850.1776729 1689.53 2277
1681070850.1790001 1694.07 2283
1681070850.18035 1699.57 2289
1681070850.1817858 1703.63 2295
1681070850.183199 1707.60 2301
1681070850.1845484 1711.62 2308
1681070850.2512858 1716.00 2315
1681070850.2529268 1720.69 2321
1681070850.254289 1725.19 2327
1681070850.2556539 1731.02 2333
1681070850.2572236 1735.03 2339
1681070850.2586458 1739.05 2345
1681070850.2600331 1743.06 2352
1681070850.261504 1747.84 2359
1681070850.262886 1752.38 2365
1681070850.2643003 1757.24 2371
1681070850.2657318 1763.22 2377
1681070850.2671266 1767.24 2383
1681070850.268564 1771.18 2390
1681070850.2699597 1775.23 2396
1681070850.336649 1780.45 2403
1681070850.3380308 1784.99 2409
1681070850.3393734 1789.45 2415
1681070850.3411129 1795.19 2421
1681070850.3425224 1799.21 2427
1681070850.3438544 1803.19 2434
1681070850.3452208 1807.24 2440
1681070850.3465455 1812.50 2447
1681070850.3478684 1817.44 2453
1681070850.3492732 1822.46 2459
1681070850.3509269 1828.29 2465
1681070850.352344 1832.30 2471
1681070850.3537579 1836.28 2478
1681070850.419963 1840.33 2484
1681070850.4214532 1845.64 2491
1681070850.422715 1850.13 2497
1681070850.4239357 1855.43 2503
1681070850.4251945 1861.38 2509
1681070850.4264095 1865.35 2515
1681070850.427628 1869.33 2522
1681070850.4288993 1873.39 2528
1681070850.4301264 1878.81 2535
1681070850.4313407 1883.47 2541
1681070850.4327319 1888.73 2547
1681070850.4341073 1894.43 2553
1681070850.4353836 1898.49 2560
1681070850.4366431 1902.46 2566
1681070850.5054345 1906.48 2572
1681070850.5069437 1912.14 2579
1681070850.5083382 1916.92 2585
1681070850.5096822 1922.30 2591
1681070850.5110288 1928.41 2597
1681070850.5123775 1932.38 2604
1681070850.5137177 1936.36 2610
1681070850.5150385 1940.42 2616
1681070850.516552 1945.76 2623
1681070850.518503 1950.17 2629
1681070850.5198803 1955.32 2635
1681070850.5212562 1961.30 2641
1681070850.5225782 1965.32 2648
1681070850.5886571 1969.33 2654
1681070850.5902653 1973.35 2660
1681070850.5916138 1978.77 2667
1681070850.592977 1983.67 2673
1681070850.59429 1988.29 2679
1681070850.5955892 1994.07 2685
1681070850.596924 1998.09 2692
1681070850.5983448 2002.10 2698
1681070850.5997334 2006.16 2704
1681070850.6010876 2011.42 2711
1681070850.6024125 2016.20 2717
1681070850.603737 2021.26 2723
1681070850.6051023 2027.00 2729
1681070850.6064327 2031.02 2736
1681070850.6739745 2034.96 2742
1681070850.6753478 2039.01 2748
1681070850.676735 2044.27 2755
1681070850.67807 2048.89 2761
1681070850.679491 2053.77 2767
1681070850.6808486 2059.53 2774
1681070850.6821635 2063.52 2780
1681070850.6835601 2067.54 2786
1681070850.6849277 2071.57 2792
1681070850.6862574 2076.97 2799
1681070850.6875794 2081.64 2805
1681070850.688916 2086.68 2811
1681070850.690237 2091.84 2818
1681070850.7581766 2095.86 2824
1681070850.7597253 2099.81 2830
1681070850.7611759 2103.88 2836
1681070850.7626119 2109.16 2843
1681070850.7639353 2114.07 2849
1681070850.7652807 2119.39 2855
1681070850.7666976 2124.67 2862
1681070850.7680416 2128.69 2868
1681070850.7693827 2132.72 2874
1681070850.770698 2136.75 2880
1681070850.7720153 2142.07 2887
1681070850.7733717 2147.06 2893
1681070850.774683 2152.62 2899
1681070850.8414755 2158.06 2906
1681070850.8430445 2162.09 2912
1681070850.844589 2166.08 2918
1681070850.8460712 2170.15 2924
1681070850.847416 2175.91 2931
1681070850.8487647 2181.55 2937
1681070850.8500836 2188.84 2944
1681070850.8514 2193.43 2950
1681070850.8527334 2197.42 2956
1681070850.854055 2201.45 2962
1681070850.8555846 2206.28 2968
1681070850.8569882 2210.95 2975
1681070850.8583133 2217.60 2981
1681070850.8596354 2223.96 2988
1681070850.9268913 2227.95 2994
1681070850.9283845 2231.98 3000
1681070850.9297554 2236.17 3006
1681070850.9310904 2241.57 3012
1681070850.932426 2247.09 3019
1681070850.933763 2254.42 3025
1681070850.9352012 2258.57 3032
1681070850.9366443 2262.52 3038
1681070850.9380076 2266.54 3044
1681070850.9393342 2272.10 3050
1681070850.9407063 2277.26 3056
1681070850.9420352 2284.59 3063
1681070850.9433506 2289.18 3069
1681070851.0101993 2293.17 3076
1681070851.0117931 2297.24 3082
1681070851.0133424 2302.68 3088
1681070851.0148838 2307.79 3094
1681070851.0162559 2315.04 3100
1681070851.0176215 2319.40 3107
1681070851.0190053 2323.38 3113
1681070851.020437 2327.41 3120
1681070851.0218167 2333.01 3126
1681070851.0231912 2338.45 3132
1681070851.0245516 2345.66 3138
1681070851.0258768 2349.61 3144
1681070851.027184 2353.64 3151
1681070851.0285285 2358.51 3158
1681070851.0954418 2363.59 3164
1681070851.0968437 2370.15 3170
1681070851.098165 2376.32 3176
1681070851.0994956 2380.26 3182
1681070851.1008244 2384.29 3188
1681070851.102126 2389.73 3195
1681070851.1034238 2395.41 3202
1681070851.104745 2402.58 3208
1681070851.1060464 2407.25 3214
1681070851.1073403 2411.24 3220
1681070851.108811 2415.27 3226
1681070851.1101537 2420.83 3232
1681070851.1114638 2427.03 3239
1681070851.1794448 2433.48 3246
1681070851.1808658 2437.47 3252
1681070851.1822603 2441.49 3258
1681070851.1836112 2446.97 3264
1681070851.184968 2452.17 3270
1681070851.1862857 2458.82 3276
1681070851.1875954 2463.33 3283
1681070851.1889617 2467.32 3290
1681070851.190278 2471.67 3296
1681070851.1915898 2477.22 3302
1681070851.1929338 2483.27 3308
1681070851.1942766 2489.19 3314
1681070851.1955907 2493.14 3320
1681070851.2628925 2497.21 3328
1681070851.2645032 2502.32 3334
1681070851.265864 2507.44 3340
1681070851.2671957 2514.41 3346
1681070851.2685628 2518.39 3352
1681070851.269894 2522.42 3358
1681070851.2712128 2527.58 3364
1681070851.272547 2532.61 3372
1681070851.2738755 2538.98 3378
1681070851.2751937 2543.85 3384
1681070851.2765532 2547.84 3390
1681070851.2778873 2551.99 3396
1681070851.2792003 2557.47 3402
1681070851.280551 2563.19 3408
1681070851.3482127 2568.99 3416
1681070851.3496256 2572.94 3422
1681070851.351136 2577.01 3428
1681070851.3525105 2581.92 3434
1681070851.3538504 2586.84 3440
1681070851.3552525 2593.48 3446
1681070851.3567245 2597.47 3452
1681070851.3580837 2601.54 3460
1681070851.359404 2606.70 3466
1681070851.360767 2611.97 3472
1681070851.3620899 2618.30 3478
1681070851.363574 2622.45 3484
1681070851.3649411 2626.43 3490
1681070851.4316895 2631.11 3496
1681070851.433588 2636.30 3504
1681070851.4349647 2642.51 3510
1681070851.436391 2647.46 3516
1681070851.4378383 2651.45 3522
1681070851.439173 2655.48 3528
1681070851.440528 2660.84 3534
1681070851.4418511 2666.35 3540
1681070851.4431596 2671.91 3548
1681070851.444496 2675.94 3554
1681070851.446112 2679.97 3560
1681070851.4475005 2685.05 3566
1681070851.4488661 2690.16 3572
1681070851.4502459 2696.16 3578
1681070851.5169458 2700.15 3585
1681070851.518487 2704.22 3592
1681070851.5199673 2709.34 3598
1681070851.521405 2714.37 3604
1681070851.522756 2720.45 3610
1681070851.524154 2724.44 3616
1681070851.525537 2728.47 3622
1681070851.5270605 2733.59 3629
1681070851.5284693 2738.74 3636
1681070851.5298584 2744.79 3642
1681070851.5313075 2748.85 3648
1681070851.5329652 2752.88 3654
1681070851.5345652 2757.56 3660
1681070851.6009352 2762.43 3666
1681070851.6023667 2768.11 3673
1681070851.6037369 2772.22 3680
1681070851.6051373 2776.25 3686
1681070851.6065152 2780.72 3692
1681070851.6080692 2785.47 3698
1681070851.6095068 2791.23 3704
1681070851.6108737 2795.38 3710
1681070851.612345 2799.37 3717
1681070851.613739 2803.84 3724
1681070851.6150842 2808.59 3730
1681070851.6167543 2814.11 3736
1681070851.618249 2818.58 3742
1681070851.6844506 2822.57 3748
1681070851.685983 2826.64 3755
1681070851.6874962 2831.80 3761
1681070851.6892025 2837.12 3768
1681070851.6905859 2841.95 3774
1681070851.6919127 2846.02 3780
1681070851.6933944 2850.05 3786
1681070851.6946273 2855.12 3792
1681070851.695829 2859.88 3799
1681070851.6970637 2864.99 3805
1681070851.698263 2868.98 3812
1681070851.6997404 2873.01 3818
1681070851.7011702 2877.92 3824
1681070851.7026255 2882.68 3830
1681070851.769974 2888.11 3836
1681070851.7715492 2892.10 3843
1681070851.772973 2896.17 3849
1681070851.774366 2901.00 3856
1681070851.7757754 2905.68 3862
1681070851.7771096 2910.99 3868
1681070851.7784188 2914.94 3874
1681070851.7805054 2919.01 3880
1681070851.7818825 2923.60 3887
1681070851.7835605 2928.07 3893
1681070851.7852964 2932.95 3900
1681070851.7867787 2936.94 3906
1681070851.7880108 2941.01 3912
1681070851.8530464 2946.00 3918
1681070851.8546238 2950.51 3924
1681070851.855962 2955.67 3931
1681070851.857486 2959.66 3937
1681070851.858827 2963.68 3944
1681070851.8601518 2968.48 3950
1681070851.8614504 2972.99 3956
1681070851.8626478 2978.15 3962
1681070851.8638453 2982.13 3969
1681070851.8651423 2986.12 3975
1681070851.866528 2991.00 3981
1681070851.8677647 2995.51 3988
1681070851.8689995 3001.15 3994
1681070851.8701982 3005.14 4000
1681070851.9381819 3009.20 4006
1681070851.939674 3013.88 4013
1681070851.9410567 3018.31 4019
1681070851.9423652 3023.91 4025
1681070851.9436638 3027.86 4032
1681070851.9450133 3031.92 4038
1681070851.9463172 3036.80 4044
1681070851.9475183 3041.19 4050
1681070851.9487638 3046.79 4057
1681070851.9499655 3050.78 4063
1681070851.951159 3054.85 4069
1681070851.9523766 3059.64 4076
1681070851.9535782 3063.91 4082
1681070852.0224202 3069.35 4088
1681070852.023849 3073.34 4094
1681070852.0253131 3077.40 4101
1681070852.026793 3082.28 4107
1681070852.0285091 3086.59 4113
1681070852.0299125 3091.79 4120
1681070852.0312986 3095.77 4126
1681070852.0326977 3099.84 4132
1681070852.0340593 3104.68 4139
1681070852.035433 3108.99 4145
1681070852.03683 3114.42 4151
1681070852.0381782 3118.45 4157
1681070852.0395558 3122.48 4164
1681070852.1058724 3127.19 4170
1681070852.1075904 3131.55 4176
1681070852.1092722 3136.78 4183
1681070852.1107473 3140.77 4189
1681070852.1121726 3144.80 4195
1681070852.1135426 3149.51 4201
1681070852.1149862 3153.66 4208
1681070852.1164021 3159.18 4214
1681070852.117713 3163.21 4220
1681070852.119017 3167.24 4227
1681070852.120329 3172.07 4233
1681070852.1218433 3176.70 4239
1681070852.1231916 3181.98 4245
1681070852.1245482 3186.01 4252
1681070852.1910486 3190.08 4258
1681070852.1925342 3194.95 4264
1681070852.1939664 3199.46 4271
1681070852.1952875 3205.10 4277
1681070852.1966395 3209.09 4283
1681070852.1980023 3213.16 4289
1681070852.1995723 3218.11 4295
1681070852.2009819 3222.42 4302
1681070852.2023194 3227.98 4308
1681070852.203635 3232.05 4315
1681070852.2050798 3236.04 4321
1681070852.2065048 3240.83 4327
1681070852.2079012 3245.14 4333
1681070852.2745085 3250.90 4339
1681070852.275886 3254.97 4346
1681070852.2770722 3259.08 4353
1681070852.2781873 3263.67 4359
1681070852.2792947 3268.06 4365
1681070852.280446 3273.87 4371
1681070852.2815652 3278.06 4377
1681070852.2830565 3282.04 4383
1681070852.2842355 3286.64 4390
1681070852.285372 3291.35 4397
1681070852.2864878 3296.91 4403
1681070852.2875943 3301.06 4409
1681070852.2887366 3305.04 4415
1681070852.2898388 3309.27 4421
1681070852.3598008 3314.23 4427
1681070852.3613675 3319.43 4434
1681070852.3627808 3324.06 4441
1681070852.3644955 3328.09 4447
1681070852.3659415 3332.16 4453
1681070852.367263 3337.27 4459
1681070852.3686008 3342.51 4465
1681070852.369917 3347.12 4471
1681070852.371233 3351.09 4478
1681070852.3725715 3355.16 4485
1681070852.3738928 3359.91 4491
1681070852.3752105 3364.95 4497
1681070852.376853 3369.74 4503
1681070852.443229 3373.73 4509
1681070852.4453957 3377.76 4516
1681070852.446895 3382.91 4523
1681070852.4483807 3387.67 4529
1681070852.449795 3392.90 4535
1681070852.4511206 3396.85 4541
1681070852.4524522 3400.92 4547
1681070852.4537687 3406.08 4553
1681070852.455071 3410.91 4559
1681070852.4566987 3416.07 4567
1681070852.458092 3420.05 4573
1681070852.459418 3424.12 4579
1681070852.4607596 3428.96 4585
1681070852.5272477 3433.63 4591
1681070852.5289161 3438.87 4597
1681070852.530284 3442.85 4604
1681070852.5316017 3446.92 4611
1681070852.533019 3451.76 4617
1681070852.5343635 3456.23 4623
1681070852.535694 3461.67 4629
1681070852.5372171 3465.61 4635
1681070852.538775 3469.68 4641
1681070852.5401497 3474.44 4647
1681070852.5414772 3479.07 4655
1681070852.5427928 3484.75 4661
1681070852.5441182 3488.74 4667
1681070852.5454395 3492.76 4673
1681070852.6125104 3497.48 4679
1681070852.6138844 3501.91 4685
1681070852.6153555 3507.35 4692
1681070852.6168163 3511.34 4699
1681070852.6185253 3515.36 4705
1681070852.6198602 3520.32 4711
1681070852.621194 3524.43 4717
1681070852.6225016 3530.11 4723
1681070852.6238072 3534.10 4729
1681070852.6251326 3538.16 4736
1681070852.626434 3543.04 4743
1681070852.6277351 3547.35 4749
1681070852.6290567 3552.87 4755
1681070852.6959283 3556.90 4761
1681070852.6975846 3560.92 4767
1681070852.6991363 3565.84 4773
1681070852.7005825 3570.03 4780
1681070852.701944 3575.67 4787
1681070852.7033222 3579.74 4793
1681070852.704694 3583.72 4799
1681070852.7060547 3588.72 4805
1681070852.7074258 3593.11 4811
1681070852.7087796 3598.91 4817
1681070852.710119 3603.06 4824
1681070852.711539 3607.09 4831
1681070852.7129781 3611.64 4837
1681070852.7143621 3616.39 4843
1681070852.7815037 3622.11 4849
1681070852.7831185 3626.26 4855
1681070852.784768 3630.25 4861
1681070852.7862866 3634.56 4868
1681070852.787727 3638.95 4875
1681070852.7891128 3644.35 4881
1681070852.7904723 3648.66 4887
1681070852.7918177 3652.61 4893
1681070852.7932358 3656.80 4899
1681070852.7945802 3661.71 4905
1681070852.7959251 3667.03 4912
1681070852.797319 3671.46 4919
1681070852.798733 3675.45 4925
1681070852.864749 3679.56 4931
1681070852.866891 3684.43 4937
1681070852.8685088 3689.67 4943
1681070852.869918 3693.78 4950
1681070852.8713238 3697.69 4956
1681070852.872744 3701.91 4963
1681070852.8741167 3706.47 4969
1681070852.8754985 3711.62 4975
1681070852.8768992 3715.73 4981
1681070852.8782973 3719.72 4987
1681070852.8796883 3724.03 4994
1681070852.8810785 3728.38 5000
1681070852.8825414 3733.46 5007
1681070852.9487298 3737.69 5013
1681070852.9503684 3741.67 5019
1681070852.9517577 3745.90 5025
1681070852.9531767 3750.62 5031
1681070852.954543 3755.85 5038
1681070852.9558876 3760.00 5044
1681070852.957335 3762.78 5049
1681070852.9585955 3764.31 5055
1681070852.9599798 3765.97 5062
1681070852.9614472 3766.45 5067
1681070852.9626727 3766.61 5073
1681070852.9639385 3766.65 5081
1681070852.965216 3766.65 5081
1681070852.966507 3766.65 5081
1681070853.0339158 3766.65 5081
1681070853.0353093 3766.69 5105
1681070853.0366943 3766.69 5105
1681070853.038039 3766.69 5105
1681070853.039408 3766.69 5105
1681070853.040782 3766.73 5130
1681070853.042117 3766.73 5130
1681070853.0434582 3766.73 5130
1681070853.0448413 3766.77 5147
1681070853.0461893 3766.77 5147
1681070853.0475543 3766.77 5147
1681070853.0489435 3766.81 5165
1681070853.0502024 3766.85 5175
1681070853.1174648 3766.85 5175
1681070853.1191201 3766.89 5187
1681070853.1205742 3766.89 5187
1681070853.121891 3766.89 5187
1681070853.1231906 3766.89 5208
1681070853.124528 3766.93 5208
1681070853.1258361 3766.93 5208
1681070853.127151 3766.93 5226
1681070853.128473 3766.97 5226
1681070853.1297767 3766.97 5226
1681070853.1311154 3766.97 5226
1681070853.1325786 3766.97 5226
1681070853.1338165 3767.01 5254
1681070853.1350908 3767.01 5254
1681070853.2025743 3767.01 5254
1681070853.2039647 3767.01 5254
1681070853.2053642 3767.01 5254
1681070853.2067063 3767.05 5287
1681070853.2080572 3767.05 5287
1681070853.2094343 3767.05 5287
1681070853.2107637 3767.05 5287
1681070853.2120872 3767.09 5310
1681070853.213455 3767.09 5310
1681070853.2146783 3767.09 5327
1681070853.215904 3767.13 5327
1681070853.2171514 3767.13 5327
1681070853.2183886 3767.17 5343
1681070853.2860734 3767.17 5343
1681070853.2876606 3767.17 5343
1681070853.289078 3767.21 5363
1681070853.290436 3767.21 5363
1681070853.2917786 3767.21 5363
1681070853.2931693 3767.21 5363
1681070853.2944858 3767.25 5385
1681070853.295723 3767.25 5385
1681070853.296983 3767.25 5385
1681070853.2982585 3767.25 5385
1681070853.2995398 3767.29 5412
1681070853.3008265 3767.29 5412
1681070853.3020747 3767.29 5412
1681070853.3701487 3767.29 5412
1681070853.3717978 3767.29 5412
1681070853.3732054 3767.29 5412
1681070853.3745532 3767.29 5412
1681070853.3759122 3767.33 5456
1681070853.3773499 3767.33 5465
1681070853.3786561 3767.38 5465
1681070853.379956 3767.42 5476
1681070853.3812819 3767.42 5476
1681070853.3826673 3767.42 5476
1681070853.3839767 3767.42 5476
1681070853.385244 3767.42 5476
1681070853.3864827 3767.46 5506
1681070853.3877757 3767.46 5506
1681070853.45544 3767.46 5522
1681070853.4568717 3767.50 5522
1681070853.4582083 3767.50 5522
1681070853.4595144 3767.50 5522
1681070853.4608376 3767.54 5542
1681070853.4621317 3767.54 5542
1681070853.4634476 3767.54 5542
1681070853.4648187 3767.54 5542
1681070853.466144 3767.54 5542
1681070853.467444 3767.58 5575
1681070853.468758 3767.58 5575
1681070853.4700568 3767.58 5575
1681070853.4713495 3767.58 5575
1681070853.5388925 3767.58 5575
1681070853.5408041 3767.58 5575
1681070853.5423713 3767.62 5612
1681070853.5438488 3767.62 5612
1681070853.5452716 3767.62 5612
1681070853.5466475 3767.62 5612
1681070853.5480297 3767.62 5612
1681070853.5494385 3767.62 5612
1681070853.5509017 3767.62 5654
1681070853.5523603 3767.66 5654
1681070853.5537288 3767.66 5654
1681070853.5550835 3767.66 5654
1681070853.5564942 3767.66 5654
1681070853.5578568 3767.66 5654
1681070853.624248 3767.66 5692
1681070853.625856 3767.70 5692
1681070853.6272748 3767.70 5692
1681070853.6286912 3767.70 5692
1681070853.6300597 3767.70 5718
1681070853.6315043 3767.74 5718
1681070853.6330214 3767.74 5718
1681070853.6344237 3767.74 5718
1681070853.635799 3767.74 5718
1681070853.63719 3767.74 5718
1681070853.6385906 3767.78 5749
1681070853.6399114 3767.78 5749
1681070853.6411846 3767.78 5749
1681070853.7075686 3767.78 5749
1681070853.7091663 3767.78 5749
1681070853.7105467 3767.82 5781
1681070853.7119596 3767.82 5781
1681070853.7133257 3767.82 5781
1681070853.7146423 3767.82 5781
1681070853.7159476 3767.86 5810
1681070853.7172937 3767.86 5810
1681070853.7186148 3767.86 5810
1681070853.7199137 3767.86 5810
1681070853.7212722 3767.86 5810
1681070853.7225728 3767.86 5810
1681070853.7238288 3767.86 5810
1681070853.7250605 3767.86 5810
1681070853.7927978 3767.86 5810
1681070853.7941914 3767.90 5863
1681070853.7955823 3767.90 5863
1681070853.7969456 3767.90 5863
1681070853.7982671 3767.90 5863
1681070853.7995837 3767.90 5863
1681070853.8009295 3767.90 5863
1681070853.8022206 3767.90 5863
1681070853.8035128 3767.90 5863
1681070853.8048272 3767.90 5863
1681070853.8061223 3767.90 5863
1681070853.8075144 3767.90 5863
1681070853.8088672 3767.90 5863
1681070853.8767395 3767.90 5863
1681070853.8781035 3767.90 5863
1681070853.879451 3767.90 5863
1681070853.8807938 3767.90 5863
1681070853.882109 3767.90 5863
1681070853.8834186 3767.90 5863
1681070853.884739 3767.90 5863
1681070853.8860657 3767.90 5863
1681070853.8874524 3767.90 5863
1681070853.8888083 3767.90 5863
1681070853.8901155 3767.90 5863
1681070853.891409 3767.90 5863
1681070853.8927317 3767.90 5863
1681070853.9603467 3767.90 5863
1681070853.9619339 3767.90 5863
1681070853.9633307 3767.90 5863
1681070853.9647164 3767.90 5863
1681070853.966156 3767.90 5863
1681070853.9674957 3767.90 5863
1681070853.9688644 3767.90 5863
1681070853.9701867 3767.90 5863
1681070853.9715154 3767.90 5863
1681070853.9728758 3767.90 5863
1681070853.9742224 3767.90 5863
1681070853.9754546 3767.90 5863
1681070853.9767063 3767.90 5863
1681070853.9779732 3767.90 5863
1681070854.0455213 3767.90 5863
1681070854.0469232 3767.90 5863
1681070854.0483904 3767.90 5863
1681070854.0497313 3767.90 5863
1681070854.0510368 3767.90 5863
1681070854.0523834 3767.90 5863
1681070854.053698 3767.90 5863
1681070854.0549054 3767.90 5863
1681070854.056117 3767.90 5863
1681070854.0573354 3767.90 5863
1681070854.0585272 3767.90 5863
1681070854.0597203 3767.90 5863
1681070854.0610397 3767.90 5863
1681070854.12895 3767.90 5863
1681070854.1305263 3767.90 5863
1681070854.1319106 3767.90 5863
1681070854.1332986 3767.90 5863
1681070854.1346626 3767.90 5863
1681070854.1359992 3767.90 5863
1681070854.1373243 3767.90 5863
1681070854.1385407 3767.90 5863
1681070854.1397634 3767.90 5863
1681070854.1410196 3767.90 5863
1681070854.1422377 3767.90 5863
1681070854.1434724 3767.90 5863
1681070854.144724 3767.90 5863
1681070854.1459527 3767.90 5863
1681070854.2143588 3767.90 5863
1681070854.2158146 3767.90 5863
1681070854.2173023 3767.90 5863
1681070854.2187264 3767.90 5863
1681070854.2200658 3767.90 5863
1681070854.221501 3767.90 5863
1681070854.2227962 3767.90 5863
1681070854.224084 3767.90 5863
1681070854.2254384 3767.90 5863
1681070854.2267306 3767.90 5863
1681070854.2280288 3767.90 5863
1681070854.2293699 3767.90 5863
1681070854.2306705 3767.90 5863
1681070854.2983155 3767.90 5863
1681070854.299746 3767.90 5863
1681070854.3011658 3767.90 5863
1681070854.302572 3767.90 5863
1681070854.304071 3767.90 5863
1681070854.305517 3767.90 5863
1681070854.3068824 3767.90 5863
1681070854.3082874 3767.90 5863
1681070854.3095772 3767.90 5863
1681070854.3108366 3767.90 5863
1681070854.3120868 3767.90 5863
1681070854.313402 3767.90 5863
1681070854.3146603 3767.90 5863
1681070854.381733 3767.90 5863
1681070854.3835046 3767.90 5863
1681070854.3851728 3767.90 5863
1681070854.3867161 3767.90 5863
1681070854.3882537 3767.90 5863
1681070854.3896453 3767.90 5863
1681070854.3910282 3767.90 5863
1681070854.3924367 3767.90 5863
1681070854.393805 3767.90 5863
1681070854.3952074 3767.90 5863
1681070854.396718 3767.90 5863
1681070854.3981435 3767.90 5863
1681070854.3995354 3767.90 5863
1681070854.4009337 3767.90 5863
1681070854.4669588 3767.90 5863
1681070854.4684477 3767.90 5863
1681070854.4699874 3767.90 5863
1681070854.471431 3767.90 5863
1681070854.4727585 3767.90 5863
1681070854.474065 3767.90 5863
1681070854.4753695 3767.90 5863
1681070854.4766927 3767.90 5863
1681070854.4779947 3767.90 5863
1681070854.4792964 3767.90 5863
1681070854.4806697 3767.90 5863
1681070854.4820101 3767.90 5863
1681070854.4833982 3767.90 5863
1681070854.5504434 3767.90 5863
1681070854.5520155 3767.90 5863
1681070854.5534542 3767.90 5863
1681070854.554806 3767.90 5863
1681070854.5561745 3767.90 5863
1681070854.5576856 3767.90 5863
1681070854.5589926 3767.90 5863
1681070854.560235 3767.90 5863
1681070854.5614333 3767.90 5863
1681070854.5626302 3767.90 5863
1681070854.5638406 3767.90 5863
1681070854.5650709 3767.90 5863
1681070854.5662622 3767.90 5863
1681070854.56745 3767.90 5863
1681070854.635552 3767.90 5863
1681070854.6369443 3767.90 5863
1681070854.6382618 3767.90 5863
1681070854.6395717 3767.90 5863
1681070854.6409118 3767.90 5863
1681070854.642261 3767.90 5863
1681070854.6436157 3767.90 5863
1681070854.6449687 3767.90 5863
1681070854.646277 3767.90 5863
1681070854.6474752 3767.90 5863
1681070854.648707 3767.90 5863
1681070854.649901 3767.90 5863
1681070854.6510913 3767.90 5863
1681070854.7197201 3767.90 5863
1681070854.721114 3767.90 5863
1681070854.7224176 3767.90 5863
1681070854.7237175 3767.90 5863
1681070854.7250452 3767.90 5863
1681070854.7264314 3767.90 5863
1681070854.7277336 3767.90 5863
1681070854.7291994 3767.90 5863
1681070854.7304926 3767.90 5863
1681070854.7318492 3767.90 5863
1681070854.7331548 3767.90 5863
1681070854.734363 3767.90 5863
1681070854.735564 3767.90 5863
1681070854.803134 3767.90 5863
1681070854.8046968 3767.90 5863
1681070854.8060317 3767.90 5863
1681070854.8073328 3767.90 5863
1681070854.8086407 3767.90 5863
1681070854.8099327 3767.90 5863
1681070854.8112729 3767.90 5863
1681070854.81257 3767.90 5863
1681070854.8140206 3767.90 5863
1681070854.8154585 3767.90 5863
1681070854.8167763 3767.90 5863
1681070854.8180723 3767.90 5863
1681070854.8193069 3767.90 5863
1681070854.8205314 3767.90 5863
1681070854.8885062 3767.90 5863
1681070854.889892 3767.90 5863
1681070854.8912086 3767.90 5863
1681070854.892527 3767.90 5863
1681070854.893821 3767.90 5863
1681070854.895118 3767.90 5863
1681070854.8965838 3767.90 5863
1681070854.8979104 3767.90 5863
1681070854.899287 3767.90 5863
1681070854.9006422 3767.90 5863
1681070854.9020019 3767.90 5863
1681070854.9033215 3767.90 5863
1681070854.9046335 3767.90 5863
1681070854.9718618 3767.90 5863
1681070854.973482 3767.90 5863
1681070854.9748325 3767.90 5863
1681070854.9761682 3767.90 5863
1681070854.9774854 3767.90 5863
1681070854.9787827 3767.90 5863
1681070854.9801552 3767.90 5863
1681070854.9816709 3767.90 5863
1681070854.9829898 3767.90 5863
1681070854.9843283 3767.90 5863
1681070854.9855351 3767.90 5863
1681070854.9867353 3767.90 5863
1681070854.9879296 3767.90 5863
1681070854.9891636 3767.90 5863
1681070855.0571182 3767.90 5863
1681070855.0584686 3767.90 5863
1681070855.0597866 3767.90 5863
1681070855.0612068 3767.90 5863
1681070855.0625148 3767.90 5863
1681070855.0639265 3767.90 5863
1681070855.065348 3767.90 5863
1681070855.0666533 3767.90 5863
1681070855.0679572 3767.90 5863
1681070855.0692737 3767.90 5863
1681070855.070575 3767.90 5863
1681070855.0718672 3767.90 5863
1681070855.0731814 3767.90 5863
1681070855.1411602 3767.90 5863
1681070855.1444557 3767.90 5863
1681070855.145819 3767.90 5863
1681070855.1472244 3767.90 5863
1681070855.148732 3767.90 5863
1681070855.1501617 3767.90 5863
1681070855.1514654 3767.90 5863
1681070855.1528077 3767.90 5863
1681070855.1541007 3767.90 5863
1681070855.1553912 3767.90 5863
1681070855.1567156 3767.90 5863
1681070855.1580055 3767.90 5863
1681070855.1592903 3767.90 5863
1681070855.224632 3767.90 5863
1681070855.226193 3767.90 5863
1681070855.2276127 3767.90 5863
1681070855.2289996 3767.90 5863
1681070855.2303708 3767.90 5863
1681070855.2318163 3767.90 5863
1681070855.2332394 3767.90 5863
1681070855.2345483 3767.90 5863
1681070855.2358391 3767.90 5863
1681070855.2371612 3767.90 5863
1681070855.2384558 3767.90 5863
1681070855.2397556 3767.90 5863
1681070855.241037 3767.90 5863
1681070855.242338 3767.90 5863
1681070855.3098993 3767.90 5863
1681070855.3113596 3767.90 5863
1681070855.3127897 3767.90 5863
1681070855.3141818 3767.90 5863
1681070855.3155806 3767.90 5863
1681070855.3169916 3767.90 5863
1681070855.3183706 3767.90 5863
1681070855.3196096 3767.90 5863
1681070855.3208752 3767.90 5863
1681070855.3221116 3767.90 5863
1681070855.323411 3767.90 5863
1681070855.3248813 3767.90 5863
1681070855.3261473 3767.90 5863
1681070855.3933275 3767.90 5863
1681070855.395348 3767.90 5863
1681070855.397203 3767.90 5863
1681070855.399096 3767.90 5863
1681070855.4005284 3767.90 5863
1681070855.4018676 3767.90 5863
1681070855.4032164 3767.90 5863
1681070855.4047532 3767.90 5863
1681070855.4061778 3767.90 5863
1681070855.4076662 3767.90 5863
1681070855.4091835 3767.90 5863
1681070855.4106727 3767.90 5863
1681070855.4119718 3767.90 5863
1681070855.4132671 3767.90 5863
1681070855.4785728 3767.90 5863
1681070855.4799752 3767.90 5863
1681070855.481382 3767.90 5863
1681070855.482713 3767.90 5863
1681070855.4840481 3767.90 5863
1681070855.4855008 3767.90 5863
1681070855.4870856 3767.90 5863
1681070855.4886448 3767.90 5863
1681070855.489964 3767.90 5863
1681070855.4911954 3767.90 5863
1681070855.492411 3767.90 5863
1681070855.4936225 3767.90 5863
1681070855.4948194 3767.90 5863
1681070855.56198 3767.90 5863
1681070855.563573 3767.90 5863
1681070855.564973 3767.90 5863
1681070855.5663404 3767.90 5863
1681070855.5677125 3767.90 5863
1681070855.5690951 3767.90 5863
1681070855.5704472 3767.90 5863
1681070855.5717719 3767.90 5863
1681070855.5731306 3767.90 5863
1681070855.5743694 3767.90 5863
1681070855.5756025 3767.90 5863
1681070855.5768476 3767.90 5863
1681070855.5780692 3767.90 5863
1681070855.6460338 3767.90 5863
1681070855.647833 3767.90 5863
1681070855.6495051 3767.90 5863
1681070855.6509914 3767.90 5863
1681070855.6524758 3767.90 5863
1681070855.653812 3767.90 5863
1681070855.655127 3767.90 5863
1681070855.6564875 3767.90 5863
1681070855.657821 3767.90 5863
1681070855.6591372 3767.90 5863
1681070855.6605928 3767.90 5863
1681070855.6619477 3767.90 5863
1681070855.6632588 3767.90 5863
1681070855.6646411 3767.90 5863
1681070855.731546 3767.90 5863
1681070855.7332027 3767.90 5863
1681070855.734655 3767.90 5863
1681070855.7360864 3767.90 5863
1681070855.737542 3767.90 5863
1681070855.738835 3767.90 5863
1681070855.740151 3767.90 5863
1681070855.7414951 3767.90 5863
1681070855.742796 3767.90 5863
1681070855.744099 3767.90 5863
1681070855.745562 3767.90 5863
1681070855.746983 3767.90 5863
1681070855.7484472 3767.90 5863
1681070855.8146691 3767.90 5863
1681070855.8163073 3767.90 5863
1681070855.8177896 3767.90 5863
1681070855.8191006 3767.90 5863
1681070855.8204343 3767.90 5863
1681070855.8217473 3767.90 5863
1681070855.823057 3767.90 5863
1681070855.8244343 3767.90 5863
1681070855.8258083 3767.90 5863
1681070855.8271022 3767.90 5863
1681070855.8284237 3767.90 5863
1681070855.8297923 3767.90 5863
1681070855.8312461 3767.90 5863
1681070855.8325899 3767.90 5863
1681070855.9000337 3767.90 5863
1681070855.9016042 3767.90 5863
1681070855.903089 3767.90 5863
1681070855.9046395 3767.90 5863
1681070855.9060354 3767.90 5863
1681070855.9073727 3767.90 5863
1681070855.9087305 3767.90 5863
1681070855.9100556 3767.90 5863
1681070855.9115317 3767.90 5863
1681070855.9129126 3767.90 5863
1681070855.914362 3767.90 5863
1681070855.9163058 3767.90 5863
1681070855.9177058 3767.90 5863
1681070855.9835088 3767.90 5863
1681070855.9855509 3767.90 5863
1681070855.9874 3767.90 5863
1681070855.9887903 3767.90 5863
1681070855.9900951 3767.90 5863
1681070855.9913905 3767.90 5863
1681070855.9927013 3767.90 5863
1681070855.9939945 3767.90 5863
1681070855.9952865 3767.90 5863
1681070855.996632 3767.90 5863
1681070855.9982018 3767.90 5863
1681070855.9999318 3767.90 5863
1681070856.001329 3767.90 5863
1681070856.0675554 3767.90 5863
1681070856.069323 3767.90 5863
1681070856.0707753 3767.90 5863
1681070856.0722198 3767.90 5863
1681070856.0736253 3767.90 5863
1681070856.0750065 3767.90 5863
1681070856.0764585 3767.90 5863
1681070856.077919 3767.90 5863
1681070856.0794427 3767.90 5863
1681070856.080946 3767.90 5863
1681070856.0823634 3767.90 5863
1681070856.0836718 3767.90 5863
1681070856.0850196 3767.90 5863
1681070856.0863276 3767.90 5863
1681070856.1524272 3767.90 5863
1681070856.153369 3767.90 5863
1681070856.1542873 3767.90 5863
1681070856.1553884 3767.90 5863
1681070856.1564994 3767.90 5863
1681070856.1575887 3767.90 5863
1681070856.158672 3767.90 5863
1681070856.1597474 3767.90 5863
1681070856.1609552 3767.90 5863
1681070856.1620944 3767.90 5863
1681070856.1631973 3767.90 5863
1681070856.1645453 3767.90 5863
1681070856.1656535 3767.90 5863
1681070856.2362535 3767.90 5863
1681070856.2378337 3767.90 5863
1681070856.239328 3767.90 5863
1681070856.2407217 3767.90 5863
1681070856.2420719 3767.90 5863
1681070856.2434115 3767.90 5863
1681070856.2447934 3767.90 5863
1681070856.2461348 3767.90 5863
1681070856.247477 3767.90 5863
1681070856.2488482 3767.90 5863
1681070856.2501726 3767.90 5863
1681070856.2515216 3767.90 5863
1681070856.2528892 3767.90 5863
1681070856.2542505 3767.90 5863
1681070856.321474 3767.90 5863
1681070856.3228357 3767.90 5863
1681070856.3241858 3767.90 5863
1681070856.3255024 3767.90 5863
1681070856.3268323 3767.90 5863
1681070856.3281574 3767.90 5863
1681070856.329468 3767.90 5863
1681070856.3307688 3767.90 5863
1681070856.3320708 3767.90 5863
1681070856.3334477 3767.90 5863
1681070856.3347523 3767.90 5863
1681070856.3360434 3767.90 5863
1681070856.3373709 3767.90 5863
1681070856.404907 3767.90 5863
1681070856.4065814 3767.90 5863
1681070856.4080288 3767.90 5863
1681070856.4095206 3767.90 5863
1681070856.410945 3767.90 5863
1681070856.4125125 3767.90 5863
1681070856.4139154 3767.90 5863
1681070856.4152162 3767.90 5863
1681070856.4165485 3767.90 5863
1681070856.4182043 3767.90 5863
1681070856.4195318 3767.90 5863
1681070856.420894 3767.90 5863
1681070856.4221961 3767.90 5863
1681070856.4888933 3767.90 5863
1681070856.490598 3767.90 5863
1681070856.4920592 3767.90 5863
1681070856.4935148 3767.90 5863
1681070856.4948575 3767.90 5863
1681070856.4962103 3767.90 5863
1681070856.4977767 3767.90 5863
1681070856.499098 3767.90 5863
1681070856.5004413 3767.90 5863
1681070856.5017502 3767.90 5863
1681070856.5030417 3767.90 5863
1681070856.5043604 3767.90 5863
1681070856.5056705 3767.90 5863
1681070856.5069733 3767.90 5863
1681070856.5743334 3767.90 5863
1681070856.5756962 3767.90 5863
1681070856.5770597 3767.90 5863
1681070856.5783753 3767.90 5863
1681070856.5796845 3767.90 5863
1681070856.581046 3767.90 5863
1681070856.5823436 3767.90 5863
1681070856.5836444 3767.90 5863
1681070856.5849931 3767.90 5863
1681070856.5862997 3767.90 5863
1681070856.5876076 3767.90 5863
1681070856.5889652 3767.90 5863
1681070856.590265 3767.90 5863
1681070856.6576252 3767.90 5863
1681070856.659229 3767.90 5863
1681070856.6606667 3767.90 5863
1681070856.662041 3767.90 5863
1681070856.663444 3767.90 5863
1681070856.6648362 3767.90 5863
1681070856.6661687 3767.90 5863
1681070856.6675222 3767.90 5863
1681070856.6688983 3767.90 5863
1681070856.6702225 3767.90 5863
1681070856.6715517 3767.90 5863
1681070856.6729226 3767.90 5863
1681070856.6742444 3767.90 5863
1681070856.6755745 3767.90 5863
1681070856.7429013 3767.90 5863
1681070856.744444 3767.90 5863
1681070856.7458804 3767.90 5863
1681070856.7472491 3767.90 5863
1681070856.748641 3767.90 5863
1681070856.7499812 3767.90 5863
1681070856.7513194 3767.90 5863
1681070856.752689 3767.90 5863
1681070856.7540495 3767.90 5863
1681070856.7553992 3767.90 5863
1681070856.75677 3767.90 5863
1681070856.7581038 3767.90 5863
1681070856.7594452 3767.90 5863
1681070856.82648 3767.90 5863
1681070856.828248 3767.90 5863
1681070856.829645 3767.90 5863
1681070856.8310497 3767.90 5863
1681070856.8324997 3767.90 5863
1681070856.8338053 3767.94 8920
1681070856.835261 3767.94 8920
1681070856.836728 3767.94 8920
1681070856.8380497 3767.94 8920
1681070856.8393536 3767.94 8920
1681070856.8407626 3767.94 8920
1681070856.84218 3767.94 8920
1681070856.8435028 3767.94 8920
1681070856.8448312 3767.94 8920
1681070856.9122088 3767.94 8920
1681070856.914436 3767.94 8920
1681070856.9166677 3767.94 8920
1681070856.9188952 3767.94 8920
1681070856.9210935 3767.94 8920
1681070856.923306 3767.94 8920
1681070856.9305606 3767.94 8920
1681070856.9323266 3767.94 8920
1681070856.9345465 3767.94 8920
1681070856.9370875 3767.94 8920
1681070856.9397497 3767.94 8920
1681070856.9424794 3767.94 8920
1681070856.9453542 3767.94 8920
1681070856.9958093 3767.94 8920
1681070856.9977007 3767.94 8920
1681070856.9991467 3767.94 8920
1681070857.0002954 3767.94 8920
1681070857.0013978 3767.94 8920
1681070857.002466 3767.94 8920
1681070857.0034795 3767.94 8920
1681070857.0047083 3767.94 8920
1681070857.006602 3767.94 8920
1681070857.008904 3767.94 8920
1681070857.0112672 3767.94 8920
1681070857.0138073 3767.94 8920
1681070857.0155573 3767.94 8920
1681070857.0790532 3767.94 8920
1681070857.0803545 3767.94 8920
1681070857.081329 3767.94 8920
1681070857.082294 3767.94 8920
1681070857.0832324 3767.94 8920
1681070857.084176 3767.94 8920
1681070857.085136 3767.94 8920
1681070857.0860636 3767.94 8920
1681070857.086987 3767.94 8920
1681070857.08791 3767.94 8920
1681070857.0888658 3767.94 8920
1681070857.089813 3767.94 8920
1681070857.091007 3767.94 8920
1681070857.091993 3767.94 8920
1681070857.1645215 3767.94 8920
1681070857.1660318 3767.94 8920
1681070857.1674786 3767.94 8920
1681070857.1688318 3767.94 8920
1681070857.1701543 3767.94 8920
1681070857.1717699 3767.94 8920
1681070857.173198 3767.94 8920
1681070857.1745243 3767.94 8920
1681070857.1758385 3767.94 8920
1681070857.1771853 3767.94 8920
1681070857.1785278 3767.94 8920
1681070857.1799822 3767.94 8920
1681070857.1814494 3767.94 8920
1681070857.2475793 3767.94 8920
1681070857.2486777 3767.94 8920
1681070857.2496073 3767.94 8920
1681070857.250607 3767.94 8920
1681070857.2517154 3767.94 8920
1681070857.2527199 3767.94 8920
1681070857.2537189 3767.94 8920
1681070857.2547398 3767.94 8920
1681070857.2556388 3767.94 8920
1681070857.2565432 3767.94 8920
1681070857.2574227 3767.94 8920
1681070857.2582986 3767.94 8920
1681070857.2591748 3767.94 8920
1681070857.260047 3767.94 8920
1681070857.3331244 3767.94 8920
1681070857.3345058 3767.94 8920
1681070857.3358288 3767.94 8920
1681070857.3371742 3767.94 8920
1681070857.3385186 3767.94 8920
1681070857.3398292 3767.94 8920
1681070857.341154 3767.94 8920
1681070857.3424642 3767.94 8920
1681070857.343768 3767.94 8920
1681070857.345094 3767.94 8920
1681070857.3465152 3767.94 8920
1681070857.3479912 3767.94 8920
1681070857.3493462 3767.94 8920
1681070857.417159 3767.94 8920
1681070857.4186668 3767.94 8920
1681070857.420052 3767.94 8920
1681070857.421394 3767.94 8920
1681070857.4227104 3767.94 8920
1681070857.42402 3767.94 8920
1681070857.4253495 3767.94 8920
1681070857.4266562 3767.94 8920
1681070857.427957 3767.94 8920
1681070857.4292886 3767.94 8920
1681070857.4307477 3767.94 8920
1681070857.4321957 3767.94 8920
1681070857.4335515 3767.94 8920
1681070857.500559 3767.94 8920
1681070857.5021362 3767.94 8920
1681070857.5037262 3767.94 8920
1681070857.5051825 3767.94 8920
1681070857.5066996 3767.94 8920
1681070857.5080884 3767.94 8920
1681070857.5094562 3767.94 8920
1681070857.5107663 3767.94 8920
1681070857.512068 3767.94 8920
1681070857.5136316 3767.94 8920
1681070857.5149698 3767.94 8920
1681070857.5163918 3767.94 8920
1681070857.5177548 3767.94 8920
1681070857.5190701 3767.94 8920
1681070857.5857222 3767.94 8920
1681070857.5872264 3767.94 8920
1681070857.5886006 3767.94 8920
1681070857.5899203 3767.94 8920
1681070857.5912285 3767.94 8920
1681070857.5925715 3767.94 8920
1681070857.5939243 3767.94 8920
1681070857.595239 3767.94 8920
1681070857.5966861 3767.94 8920
1681070857.5980833 3767.94 8920
1681070857.5994997 3767.94 8920
1681070857.6008894 3767.94 8920
1681070857.6022224 3767.94 8920
1681070857.6691787 3767.94 8920
1681070857.6708958 3767.94 8920
1681070857.6723158 3767.94 8920
1681070857.6737096 3767.94 8920
1681070857.675082 3767.94 8920
1681070857.6764758 3767.94 8920
1681070857.677831 3767.94 8920
1681070857.6791723 3767.94 8920
1681070857.6807795 3767.94 8920
1681070857.6821542 3767.94 8920
1681070857.6835392 3767.94 8920
1681070857.6848986 3767.94 8920
1681070857.6861463 3767.94 8920
1681070857.6874003 3767.94 8920
1681070857.7543972 3767.94 8920
1681070857.755758 3767.94 8920
1681070857.757117 3767.94 8920
1681070857.7584305 3767.94 8920
1681070857.7597296 3767.94 8920
1681070857.7610457 3767.94 8920
1681070857.7623584 3767.94 8920
1681070857.7637928 3767.94 8920
1681070857.7651458 3767.94 8920
1681070857.7664528 3767.94 8920
1681070857.767679 3767.94 8920
1681070857.7689154 3767.94 8920
1681070857.7701254 3767.94 8920
1681070857.838435 3767.94 8920
1681070857.8397815 3767.94 8920
1681070857.8411376 3767.94 8920
1681070857.8424273 3767.94 8920
1681070857.8436952 3767.94 8920
1681070857.8453727 3767.94 8920
1681070857.8467116 3767.94 8920
1681070857.847997 3767.94 8920
1681070857.849239 3767.94 8920
1681070857.8504453 3767.94 8920
1681070857.851646 3767.94 8920
1681070857.8528879 3767.94 8920
1681070857.8540747 3767.94 8920
1681070857.9219875 3767.94 8920
1681070857.9235625 3767.94 8920
1681070857.9249885 3767.94 8920
1681070857.9263175 3767.94 8920
1681070857.9276342 3767.94 8920
1681070857.9290009 3767.94 8920
1681070857.9303358 3767.94 8920
1681070857.931652 3767.94 8920
1681070857.9329903 3767.94 8920
1681070857.9343019 3767.94 8920
1681070857.9355967 3767.94 8920
1681070857.9368258 3767.94 8920
1681070857.9380293 3767.94 8920
1681070858.0062542 3767.94 8920
1681070858.0083678 3767.94 8920
1681070858.009998 3767.94 8920
1681070858.0114677 3767.94 8920
1681070858.013137 3767.94 8920
1681070858.0146277 3767.94 8920
1681070858.016015 3767.94 8920
1681070858.017423 3767.94 8920
1681070858.018834 3767.94 8920
1681070858.020474 3767.94 8920
1681070858.021916 3767.94 8920
1681070858.0232913 3767.94 8920
1681070858.0247226 3767.94 8920
1681070858.0261264 3767.94 8920
1681070858.0919814 3767.94 8920
1681070858.093516 3767.94 8920
1681070858.0949192 3767.94 8920
1681070858.096367 3767.94 8920
1681070858.097778 3767.94 8920
1681070858.0991526 3767.94 8920
1681070858.100587 3767.94 8920
1681070858.1019661 3767.94 8920
1681070858.1033697 3767.94 8920
1681070858.1049147 3767.94 8920
1681070858.106392 3767.94 8920
1681070858.1077757 3767.94 8920
1681070858.10919 3767.94 8920
1681070858.175904 3767.94 8920
1681070858.1773 3767.94 8920
1681070858.1786256 3767.94 8920
1681070858.1799495 3767.94 8920
1681070858.1812816 3767.94 8920
1681070858.1825943 3767.94 8920
1681070858.1839027 3767.94 8920
1681070858.1852617 3767.94 8920
1681070858.1865926 3767.94 8920
1681070858.1879582 3767.94 8920
1681070858.1893961 3767.94 8920
1681070858.1907215 3767.94 8920
1681070858.1922452 3767.94 8920
1681070858.260292 3767.94 8920
1681070858.2616994 3767.94 8920
1681070858.2631583 3767.94 8920
1681070858.2647092 3767.94 8920
1681070858.266144 3767.94 8920
1681070858.2677054 3767.94 8920
1681070858.269199 3767.94 8920
1681070858.2706168 3767.94 8920
1681070858.2719944 3767.94 8920
1681070858.273433 3767.94 8920
1681070858.2748172 3767.94 8920
1681070858.276239 3767.94 8920
1681070858.2776804 3767.94 8920
1681070858.3445196 3767.94 8920
1681070858.3459737 3767.94 8920
1681070858.34748 3767.94 8920
1681070858.348904 3767.94 8920
1681070858.3502402 3767.94 8920
1681070858.3516738 3767.94 8920
1681070858.3530633 3767.94 8920
1681070858.354391 3767.94 8920
1681070858.355717 3767.94 8920
1681070858.3571177 3767.94 8920
1681070858.3584378 3767.94 8920
1681070858.3596625 3767.94 8920
1681070858.3609314 3767.94 8920
1681070858.428711 3767.94 8920
1681070858.4302933 3767.94 8920
1681070858.431767 3767.94 8920
1681070858.433168 3767.94 8920
1681070858.4345055 3767.94 8920
1681070858.4358354 3767.94 8920
1681070858.4371984 3767.94 8920
1681070858.4385173 3767.94 8920
1681070858.4398386 3767.94 8920
1681070858.4411852 3767.94 8920
1681070858.4425247 3767.94 8920
1681070858.443898 3767.94 8920
1681070858.44534 3767.94 8920
1681070858.5133517 3767.94 8920
1681070858.5149064 3767.94 8920
1681070858.5164034 3767.94 8920
1681070858.5178728 3767.94 8920
1681070858.5193543 3767.94 8920
1681070858.520842 3767.94 8920
1681070858.5222073 3767.94 8920
1681070858.5236404 3767.94 8920
1681070858.5250106 3767.94 8920
1681070858.5263557 3767.94 8920
1681070858.52769 3767.94 8920
1681070858.5290399 3767.94 8920
1681070858.5305562 3767.94 8920
1681070858.5973449 3767.94 8920
1681070858.598976 3767.94 8920
1681070858.600562 3767.94 8920
1681070858.6020195 3767.94 8920
1681070858.60344 3767.94 8920
1681070858.604982 3767.94 8920
1681070858.6065109 3767.94 8920
1681070858.6079416 3767.94 8920
1681070858.6094112 3767.94 8920
1681070858.6107948 3767.94 8920
1681070858.612214 3767.94 8920
1681070858.6136317 3767.94 8920
1681070858.61502 3767.94 8920
1681070858.6815627 3767.94 8920
1681070858.6831324 3767.94 8920
1681070858.6847157 3767.94 8920
1681070858.686243 3767.94 8920
1681070858.6878338 3767.94 8920
1681070858.6892567 3767.94 8920
1681070858.6906688 3767.94 8920
1681070858.6920583 3767.94 8920
1681070858.6934845 3767.94 8920
1681070858.6948683 3767.94 8920
1681070858.6962976 3767.94 8920
1681070858.6977053 3767.94 8920
1681070858.699096 3767.94 8920
1681070858.765821 3767.94 8920
1681070858.7673965 3767.94 8920
1681070858.7689416 3767.94 8920
1681070858.77045 3767.94 8920
1681070858.771826 3767.94 8920
1681070858.7732253 3767.94 8920
1681070858.7745903 3767.94 8920
1681070858.7759452 3767.94 8920
1681070858.7773523 3767.94 8920
1681070858.7787209 3767.94 8920
1681070858.7800891 3767.94 8920
1681070858.7815275 3767.94 8920
1681070858.7829096 3767.94 8920
1681070858.850146 3767.94 8920
1681070858.851601 3767.94 8920
1681070858.853002 3767.94 8920
1681070858.8543913 3767.94 8920
1681070858.8557444 3767.94 8920
1681070858.8571138 3767.94 8920
1681070858.8584826 3767.94 8920
1681070858.8598318 3767.94 8920
1681070858.8612626 3767.94 8920
1681070858.8628206 3767.94 8920
1681070858.8644066 3767.94 8920
1681070858.8659298 3767.94 8920
1681070858.8673468 3767.94 8920
1681070858.9336724 3767.94 8920
1681070858.9353561 3767.94 8920
1681070858.9367647 3767.94 8920
1681070858.9381256 3767.94 8920
1681070858.9394724 3767.94 8920
1681070858.9408233 3767.94 8920
1681070858.9421651 3767.94 8920
1681070858.9434898 3767.94 8920
1681070858.9448187 3767.94 8920
1681070858.9464087 3767.94 8920
1681070858.9478137 3767.94 8920
1681070858.9492376 3767.94 8920
1681070858.9506378 3767.94 8920
1681070859.0179727 3767.94 8920
1681070859.0196483 3767.94 8920
1681070859.021096 3767.94 8920
1681070859.0225258 3767.94 8920
1681070859.023924 3767.94 8920
1681070859.0253837 3767.94 8920
1681070859.0269275 3767.94 8920
1681070859.0284472 3767.94 8920
1681070859.0298564 3767.94 8920
1681070859.0312333 3767.94 8920
1681070859.032689 3767.94 8920
1681070859.0340843 3767.94 8920
1681070859.0354834 3767.94 8920
1681070859.1022336 3767.94 8920
1681070859.104068 3767.94 8920
1681070859.1056666 3767.94 8920
1681070859.107198 3767.94 8920
1681070859.1087763 3767.94 8920
1681070859.1102161 3767.94 8920
1681070859.1116102 3767.94 8920
1681070859.1130238 3767.94 8920
1681070859.1146407 3767.94 8920
1681070859.116044 3767.94 8920
1681070859.117481 3767.94 8920
1681070859.118877 3767.94 8920
1681070859.1203084 3767.94 8920
1681070859.1864731 3767.94 8920
1681070859.1880288 3767.94 8920
1681070859.1894178 3767.94 8920
1681070859.190739 3767.94 8920
1681070859.1920552 3767.94 8920
1681070859.1934013 3767.94 8920
1681070859.1947067 3767.94 8920
1681070859.196217 3767.94 8920
1681070859.1975694 3767.94 8920
1681070859.1990297 3767.94 8920
1681070859.2003884 3767.94 8920
1681070859.2017176 3767.94 8920
1681070859.2030406 3767.94 8920
1681070859.270675 3767.94 8920
1681070859.2722685 3767.94 8920
1681070859.2736287 3767.94 8920
1681070859.274957 3767.94 8920
1681070859.276298 3767.94 8920
1681070859.2778974 3767.94 8920
1681070859.2796016 3767.94 8920
1681070859.2811198 3767.94 8920
1681070859.2824674 3767.94 8920
1681070859.2837982 3767.94 8920
1681070859.285142 3767.94 8920
1681070859.286463 3767.94 8920
1681070859.287784 3767.94 8920
1681070859.3549986 3767.94 8920
1681070859.3568027 3767.94 8920
1681070859.3582351 3767.94 8920
1681070859.3599126 3767.94 8920
1681070859.3613684 3767.94 8920
1681070859.362816 3767.94 8920
1681070859.3645024 3767.94 8920
1681070859.366016 3767.94 8920
1681070859.3673775 3767.94 8920
1681070859.3687267 3767.94 8920
1681070859.3700602 3767.94 8920
1681070859.3713913 3767.94 8920
1681070859.3729122 3767.94 8920
1681070859.4392135 3767.94 8920
1681070859.441157 3767.94 8920
1681070859.4426413 3767.94 8920
1681070859.4440353 3767.94 8920
1681070859.4454834 3767.94 8920
1681070859.4468834 3767.94 8920
1681070859.4482834 3767.94 8920
1681070859.4497561 3767.94 8920
1681070859.4510717 3767.94 8920
1681070859.4524033 3767.94 8920
1681070859.45381 3767.94 8920
1681070859.4551795 3767.94 8920
1681070859.4568229 3767.94 8920
1681070859.5236201 3767.94 8920
1681070859.525531 3767.94 8920
1681070859.527664 3767.94 8920
1681070859.5292838 3767.94 8920
1681070859.5307882 3767.94 8920
1681070859.5323493 3767.94 8920
1681070859.5337672 3767.94 8920
1681070859.5351388 3767.94 8920
1681070859.5365672 3767.94 8920
1681070859.5384073 3767.94 8920
1681070859.539854 3767.94 8920
1681070859.5412383 3767.94 8920
1681070859.5425587 3767.94 8920
1681070859.6076837 3767.94 8920
1681070859.6093364 3767.94 8920
1681070859.6106775 3767.94 8920
1681070859.6121006 3767.94 8920
1681070859.613649 3767.94 8920
1681070859.615167 3767.94 8920
1681070859.6165295 3767.94 8920
1681070859.617898 3767.94 8920
1681070859.6192312 3767.94 8920
1681070859.6205955 3767.94 8920
1681070859.6219761 3767.94 8920
1681070859.6232996 3767.94 8920
1681070859.6246521 3767.94 8920
1681070859.625974 3767.94 8920
1681070859.6933103 3767.94 8920
1681070859.6947665 3767.94 8920
1681070859.6962473 3767.94 8920
1681070859.6976895 3767.94 8920
1681070859.6990995 3767.94 8920
1681070859.7007327 3767.94 8920
1681070859.7021377 3767.94 8920
1681070859.7035394 3767.94 8920
1681070859.7049446 3767.94 8920
1681070859.706508 3767.94 8920
