1681054964.660542 0.00 0
1681054964.7806993 0.00 0
1681054964.7820466 0.00 0
1681054964.7833557 0.00 0
1681054964.7846138 0.00 0
1681054964.7858489 0.00 0
1681054964.7872171 0.00 0
1681054964.788466 0.00 0
1681054964.7897 0.00 0
1681054964.790965 0.00 0
1681054964.792107 0.00 0
1681054964.7932284 0.00 0
1681054964.7944005 0.00 0
1681054964.7955596 0.00 0
1681054964.7967305 0.00 0
1681054964.7979083 0.00 0
1681054964.7990723 0.00 0
1681054964.8640375 0.28 121
1681054964.865703 2.01 129
1681054964.8670938 5.63 134
1681054964.8684385 9.25 139
1681054964.8697922 12.83 145
1681054964.8711662 17.97 150
1681054964.8725185 22.08 156
1681054964.8738256 27.34 161
1681054964.8751743 34.02 167
1681054964.876581 41.02 173
1681054964.8780367 47.77 179
1681054964.879374 54.98 184
1681054964.8805988 61.72 190
1681054964.8818145 68.36 195
1681054964.8830483 75.32 201
1681054964.884239 81.91 206
1681054964.94944 88.87 211
1681054964.9508657 95.46 218
1681054964.9522133 102.42 224
1681054964.9535816 109.62 229
1681054964.9549618 116.22 235
1681054964.956288 122.65 241
1681054964.95779 129.33 246
1681054964.9591718 133.75 252
1681054964.9605346 137.53 258
1681054964.9618049 144.28 264
1681054964.9631379 151.08 270
1681054964.964458 158.31 275
1681054964.965666 165.27 281
1681054964.9669242 171.98 287
1681054965.0326893 177.69 292
1681054965.0341675 183.85 299
1681054965.035605 189.07 305
1681054965.0368826 192.77 310
1681054965.038326 198.92 316
1681054965.039589 205.72 322
1681054965.0408323 212.92 327
1681054965.0421317 219.95 333
1681054965.043426 226.83 339
1681054965.0446398 232.70 345
1681054965.0458696 238.41 351
1681054965.0471 243.35 356
1681054965.0483158 247.05 362
1681054965.0495417 253.20 368
1681054965.0508938 260.00 373
1681054965.1174226 267.20 379
1681054965.118391 274.24 386
1681054965.1193488 281.12 391
1681054965.120345 286.43 397
1681054965.1213255 292.42 403
1681054965.1223283 297.37 408
1681054965.123309 301.07 414
1681054965.1242812 307.26 419
1681054965.125249 314.26 425
1681054965.1262443 321.46 432
1681054965.1272159 328.62 437
1681054965.1281884 335.50 443
1681054965.1291585 340.60 449
1681054965.130152 345.71 454
1681054965.201211 349.61 460
1681054965.2028844 353.31 466
1681054965.204293 360.39 472
1681054965.205593 367.39 478
1681054965.206902 374.47 484
1681054965.2081738 381.63 489
1681054965.2093368 385.57 495
1681054965.2105234 389.72 501
1681054965.2116919 393.54 506
1681054965.2128701 397.60 513
1681054965.2143974 404.76 518
1681054965.2156017 411.80 524
1681054965.2168055 418.96 530
1681054965.2180114 424.67 535
1681054965.219302 428.17 541
1681054965.2867558 431.02 547
1681054965.2889538 432.79 552
1681054965.2911394 437.14 559
1681054965.293261 442.97 565
1681054965.2950394 448.68 570
1681054965.296635 453.43 576
1681054965.2982576 457.09 582
1681054965.299649 460.75 587
1681054965.301401 463.64 593
1681054965.3114045 469.07 600
1681054965.3131976 475.07 605
1681054965.3150218 480.34 611
1681054965.3168418 484.32 616
1681054965.3187037 488.02 622
1681054965.3205113 491.60 627
1681054965.3702743 495.78 633
1681054965.371029 501.69 640
1681054965.3717651 507.45 646
1681054965.3725336 512.31 651
1681054965.3730125 515.97 657
1681054965.373439 519.59 663
1681054965.3738432 523.49 668
1681054965.3742547 529.41 674
1681054965.3746614 535.48 680
1681054965.3750622 540.71 686
1681054965.3754733 544.41 692
1681054965.3759072 548.07 697
1681054965.3763146 551.69 703
1681054965.3767166 557.20 709
1681054965.4542139 562.83 714
1681054965.4557533 568.06 720
1681054965.457088 571.84 727
1681054965.4584773 575.54 732
1681054965.4597676 579.20 738
1681054965.4610388 584.03 744
1681054965.462349 590.50 749
1681054965.4636602 597.10 755
1681054965.4649332 600.84 761
1681054965.4661238 604.58 766
1681054965.4673047 608.20 773
1681054965.4684787 613.75 778
1681054965.4696493 620.39 784
1681054965.4708402 624.77 790
1681054965.4720387 628.47 795
1681054965.539622 632.13 801
1681054965.5409708 636.08 807
1681054965.5422838 641.39 813
1681054965.5435615 647.86 819
1681054965.5448174 653.01 825
1681054965.5460842 656.71 830
1681054965.547371 660.37 836
1681054965.5486257 664.84 842
1681054965.5498226 670.27 847
1681054965.5509815 675.70 854
1681054965.5521212 679.64 860
1681054965.5534806 683.34 865
1681054965.5547116 687.00 871
1681054965.5559027 691.82 876
1681054965.62273 697.58 882
1681054965.6242297 703.21 888
1681054965.6255088 706.99 893
1681054965.6268134 710.61 900
1681054965.6280668 714.51 906
1681054965.6292398 719.74 911
1681054965.6304362 725.69 917
1681054965.6315958 730.12 923
1681054965.6327531 733.82 928
1681054965.6339536 737.48 934
1681054965.6351323 741.70 940
1681054965.6364896 747.05 946
1681054965.6376727 752.48 952
1681054965.6389177 756.14 957
1681054965.6400814 759.88 963
1681054965.7077384 763.54 969
1681054965.7091117 768.21 974
1681054965.710516 774.04 980
1681054965.7117543 778.54 987
1681054965.7129157 782.28 992
1681054965.7141302 785.90 998
1681054965.7153437 790.41 1004
1681054965.7165422 795.72 1010
1681054965.7177534 800.91 1016
1681054965.7189872 804.89 1022
1681054965.720217 808.83 1029
1681054965.7214296 812.69 1035
1681054965.7226489 817.96 1041
1681054965.723844 823.47 1047
1681054965.7921233 827.37 1053
1681054965.79347 831.31 1059
1681054965.794816 835.18 1065
1681054965.7961016 839.52 1071
1681054965.7973855 845.58 1077
1681054965.7987158 850.02 1083
1681054965.8000076 853.96 1089
1681054965.8012908 857.82 1095
1681054965.8025868 862.37 1101
1681054965.8038015 868.16 1107
1681054965.8050683 872.82 1114
1681054965.806297 876.77 1120
1681054965.807491 880.67 1126
1681054965.8086774 884.73 1132
1681054965.8766537 890.52 1138
1681054965.8782008 895.79 1144
1681054965.8796573 899.73 1150
1681054965.8809986 903.63 1157
1681054965.882314 907.66 1163
1681054965.8835986 912.85 1169
1681054965.8848794 918.80 1175
1681054965.8861823 923.02 1181
1681054965.8874617 926.96 1187
1681054965.888745 930.82 1193
1681054965.890037 935.69 1200
1681054965.8912332 941.89 1206
1681054965.8924344 946.47 1212
1681054965.8936136 950.41 1218
1681054965.960842 954.31 1224
1681054965.9622695 958.46 1230
1681054965.9636188 964.09 1236
1681054965.9651022 968.87 1243
1681054965.9665132 972.82 1249
1681054965.9678454 976.72 1255
1681054965.9691887 980.90 1261
1681054965.9706676 986.85 1267
1681054965.9720163 992.04 1273
1681054965.9733584 995.94 1280
1681054965.974674 999.85 1286
1681054965.9759085 1004.19 1292
1681054965.9771335 1009.82 1298
1681054966.0441792 1015.69 1304
1681054966.0457337 1019.84 1310
1681054966.0471513 1023.90 1316
1681054966.0486636 1027.95 1324
1681054966.0500283 1033.42 1330
1681054966.0515542 1039.84 1336
1681054966.0529692 1044.14 1342
1681054966.0544677 1048.16 1348
1681054966.0557132 1052.13 1354
1681054966.0569265 1057.55 1360
1681054966.0581474 1064.18 1368
1681054966.0593524 1069.00 1374
1681054966.0605583 1073.02 1380
1681054966.0619447 1076.99 1386
1681054966.129328 1082.01 1392
1681054966.130606 1088.12 1398
1681054966.1318395 1093.42 1404
1681054966.1330457 1097.43 1412
1681054966.134274 1101.41 1418
1681054966.1357377 1105.75 1424
1681054966.1369896 1111.57 1430
1681054966.1382186 1117.11 1436
1681054966.1393166 1121.13 1442
1681054966.1404154 1125.06 1448
1681054966.1415136 1130.12 1456
1681054966.1429477 1136.07 1462
1681054966.1441324 1141.93 1468
1681054966.2128506 1145.99 1474
1681054966.2144861 1149.92 1480
1681054966.21582 1154.78 1486
1681054966.2171326 1160.69 1492
1681054966.2184532 1166.59 1500
1681054966.2197578 1170.61 1506
1681054966.221073 1174.58 1512
1681054966.222672 1178.76 1518
1681054966.2241213 1184.54 1524
1681054966.2254293 1192.01 1530
1681054966.2267904 1196.51 1537
1681054966.2280087 1200.45 1544
1681054966.229213 1205.19 1550
1681054966.2969527 1212.25 1556
1681054966.2987068 1218.92 1562
1681054966.300156 1222.94 1568
1681054966.3015964 1226.87 1574
1681054966.303071 1231.88 1581
1681054966.3045008 1239.32 1588
1681054966.3058684 1245.15 1594
1681054966.3071868 1249.12 1600
1681054966.3084848 1253.06 1606
1681054966.3097727 1259.28 1612
1681054966.311079 1266.59 1618
1681054966.3123832 1271.29 1625
1681054966.3136663 1275.19 1632
1681054966.3149128 1279.64 1638
1681054966.3822198 1286.99 1644
1681054966.3837945 1293.82 1650
1681054966.385268 1297.80 1656
1681054966.3867283 1301.77 1662
1681054966.3881426 1307.40 1669
1681054966.3894284 1314.75 1676
1681054966.3907244 1320.09 1682
1681054966.3919806 1323.98 1688
1681054966.3932397 1328.24 1694
1681054966.3945675 1335.11 1700
1681054966.3958383 1342.22 1707
1681054966.3970997 1346.19 1713
1681054966.398548 1350.13 1719
1681054966.465525 1355.63 1726
1681054966.4667106 1363.14 1732
1681054966.4677725 1368.48 1738
1681054966.468823 1372.42 1744
1681054966.4697423 1377.20 1751
1681054966.4705243 1384.26 1757
1681054966.471249 1390.97 1764
1681054966.4719734 1394.99 1770
1681054966.4726934 1398.96 1776
1681054966.473414 1405.51 1782
1681054966.4741335 1412.74 1788
1681054966.474717 1417.12 1795
1681054966.4753141 1421.05 1801
1681054966.4759007 1426.71 1808
1681054966.5511854 1434.18 1814
1681054966.5530128 1439.73 1820
1681054966.5545588 1443.70 1826
1681054966.5560014 1448.48 1832
1681054966.5573542 1455.35 1839
1681054966.5587695 1461.78 1845
1681054966.5601394 1465.83 1852
1681054966.561529 1470.01 1858
1681054966.5629466 1476.55 1864
1681054966.5643253 1483.62 1870
1681054966.5659242 1487.72 1876
1681054966.5672002 1491.70 1883
1681054966.5685325 1497.12 1889
1681054966.6343246 1504.47 1896
1681054966.6360185 1509.17 1902
1681054966.6374853 1513.14 1908
1681054966.638946 1518.00 1914
1681054966.640276 1525.03 1921
1681054966.6415944 1530.49 1927
1681054966.6429682 1534.51 1933
1681054966.6442015 1539.49 1940
1681054966.6456463 1545.91 1946
1681054966.6469305 1551.94 1952
1681054966.6481404 1555.95 1958
1681054966.6493483 1560.17 1965
1681054966.650656 1566.40 1971
1681054966.718401 1572.38 1977
1681054966.7199202 1576.44 1984
1681054966.7212336 1580.49 1990
1681054966.7225199 1586.32 1996
1681054966.7237377 1590.73 2002
1681054966.7249465 1594.79 2009
1681054966.7261753 1598.68 2015
1681054966.7276318 1604.39 2021
1681054966.728878 1610.13 2028
1681054966.7301152 1614.15 2034
1681054966.7313302 1618.12 2040
1681054966.7326102 1623.58 2046
1681054966.7339287 1629.17 2053
1681054966.735229 1633.18 2059
1681054966.8035965 1637.08 2065
1681054966.8049545 1642.42 2072
1681054966.806314 1648.69 2078
1681054966.8076348 1652.70 2084
1681054966.809138 1656.76 2091
1681054966.8110063 1661.90 2097
1681054966.8123846 1668.81 2103
1681054966.813604 1673.14 2109
1681054966.8149319 1677.08 2116
1681054966.8162441 1681.70 2122
1681054966.8174827 1688.12 2128
1681054966.818804 1692.50 2135
1681054966.8202634 1696.44 2141
1681054966.8870409 1700.93 2147
1681054966.888593 1707.20 2153
1681054966.8899434 1711.38 2160
1681054966.8915327 1715.35 2166
1681054966.893007 1720.21 2172
1681054966.894357 1726.60 2179
1681054966.89567 1730.94 2185
1681054966.896975 1734.87 2191
1681054966.898328 1739.17 2197
1681054966.8996055 1745.59 2204
1681054966.9008102 1750.09 2210
1681054966.90251 1754.07 2216
1681054966.90389 1758.49 2223
1681054966.9051154 1764.03 2229
1681054966.9723682 1768.49 2235
1681054966.9740148 1772.50 2241
1681054966.9754236 1777.11 2247
1681054966.9768298 1782.82 2254
1681054966.9782588 1787.24 2260
1681054966.9796698 1791.22 2267
1681054966.981034 1795.35 2273
1681054966.982459 1801.34 2279
1681054966.983777 1805.80 2285
1681054966.9851809 1809.81 2292
1681054966.986639 1814.47 2298
1681054966.9880304 1820.21 2305
1681054966.9892948 1824.63 2311
1681054967.0556839 1828.61 2317
1681054967.0571606 1832.90 2323
1681054967.0586138 1838.73 2329
1681054967.0599174 1843.51 2336
1681054967.0611503 1847.48 2342
1681054967.0623753 1851.82 2349
1681054967.0635953 1857.16 2355
1681054967.0648038 1861.22 2361
1681054967.0660126 1865.15 2367
1681054967.0675015 1869.61 2373
1681054967.0687847 1874.95 2380
1681054967.0700274 1879.29 2386
1681054967.0712714 1883.31 2393
1681054967.1397457 1887.80 2399
1681054967.141337 1893.11 2405
1681054967.1427116 1897.20 2411
1681054967.1440248 1901.18 2417
1681054967.1453724 1905.27 2423
1681054967.1467478 1910.34 2430
1681054967.148122 1914.43 2437
1681054967.1494796 1918.41 2443
1681054967.1512277 1922.18 2449
1681054967.1525984 1927.93 2455
1681054967.153973 1932.10 2461
1681054967.1552138 1936.08 2467
1681054967.156424 1940.26 2475
1681054967.1576347 1945.80 2481
1681054967.2251792 1949.85 2487
1681054967.2265658 1953.83 2493
1681054967.2278137 1957.93 2499
1681054967.2291443 1963.19 2505
1681054967.2303686 1967.24 2511
1681054967.2319 1971.30 2519
1681054967.2331638 1975.11 2525
1681054967.2344103 1981.06 2531
1681054967.2356226 1985.16 2537
1681054967.2368517 1989.09 2543
1681054967.2380662 1993.35 2549
1681054967.2392778 1998.65 2556
1681054967.2404838 2002.75 2563
1681054967.3084784 2006.72 2569
1681054967.3101122 2010.54 2575
1681054967.3114536 2015.44 2581
1681054967.3127768 2019.53 2587
1681054967.3141415 2023.47 2593
1681054967.3157692 2028.09 2600
1681054967.317186 2033.03 2607
1681054967.3185558 2037.04 2613
1681054967.3198879 2041.02 2619
1681054967.321203 2045.24 2625
1681054967.3225226 2049.98 2631
1681054967.3237247 2054.01 2637
1681054967.3249197 2057.96 2644
1681054967.326298 2062.31 2651
1681054967.3937776 2066.50 2657
1681054967.3952615 2070.53 2663
1681054967.3966863 2074.11 2669
1681054967.398466 2078.94 2675
1681054967.3999224 2083.46 2681
1681054967.4012527 2087.48 2689
1681054967.4026275 2091.35 2695
1681054967.403971 2097.11 2701
1681054967.4051964 2101.58 2707
1681054967.4064155 2105.69 2713
1681054967.4076145 2109.64 2719
1681054967.4088392 2115.00 2725
1681054967.4100556 2119.91 2732
1681054967.477208 2123.98 2739
1681054967.4787972 2127.85 2745
1681054967.480228 2133.21 2751
1681054967.4816916 2138.36 2757
1681054967.4829843 2142.39 2763
1681054967.4842486 2146.18 2769
1681054967.485485 2151.50 2776
1681054967.486714 2156.81 2783
1681054967.487933 2160.84 2789
1681054967.4891436 2164.83 2795
1681054967.49038 2170.43 2801
1681054967.4915934 2176.03 2807
1681054967.4928265 2180.06 2813
1681054967.4942765 2183.96 2820
1681054967.562543 2189.20 2827
1681054967.5637167 2194.76 2833
1681054967.5649264 2198.79 2839
1681054967.5661654 2202.74 2845
1681054967.5674486 2207.89 2851
1681054967.5687153 2213.69 2857
1681054967.569842 2217.72 2864
1681054967.5709753 2221.71 2871
1681054967.5720844 2227.31 2877
1681054967.5731945 2233.15 2883
1681054967.5743213 2237.22 2889
1681054967.575433 2241.13 2895
1681054967.5766776 2246.36 2902
1681054967.646505 2251.88 2909
1681054967.647876 2255.91 2915
1681054967.649344 2259.82 2921
1681054967.6508598 2265.01 2927
1681054967.6522 2270.77 2933
1681054967.6534076 2274.84 2939
1681054967.6546319 2278.83 2946
1681054967.6558385 2284.03 2952
1681054967.657036 2289.75 2959
1681054967.6582553 2293.73 2965
1681054967.6594732 2297.72 2971
1681054967.6606853 2302.64 2977
1681054967.6619148 2308.44 2983
1681054967.729979 2312.51 2990
1681054967.7315378 2316.50 2997
1681054967.7329848 2321.53 3003
1681054967.734344 2326.61 3009
1681054967.7355719 2330.63 3015
1681054967.7367823 2334.62 3021
1681054967.7380204 2339.42 3027
1681054967.7392287 2344.33 3034
1681054967.7406604 2348.36 3040
1681054967.7419722 2352.07 3047
1681054967.7432773 2356.78 3053
1681054967.7445679 2361.45 3059
1681054967.7459257 2365.52 3065
1681054967.7472486 2369.35 3072
1681054967.815104 2374.58 3078
1681054967.8163636 2379.30 3084
1681054967.817663 2383.28 3091
1681054967.81914 2387.23 3097
1681054967.8203611 2392.23 3103
1681054967.8215654 2396.98 3109
1681054967.8228009 2401.01 3116
1681054967.8240352 2404.72 3122
1681054967.8252432 2409.67 3128
1681054967.8264754 2414.75 3135
1681054967.8277621 2418.77 3141
1681054967.8289828 2422.48 3147
1681054967.8302112 2427.76 3153
1681054967.8987098 2432.07 3160
1681054967.9003248 2436.14 3166
1681054967.9017997 2440.12 3172
1681054967.9032788 2445.36 3179
1681054967.9046767 2450.44 3185
1681054967.906059 2454.46 3191
1681054967.9074066 2458.45 3197
1681054967.908675 2463.21 3204
1681054967.9099448 2467.36 3210
1681054967.9111907 2471.42 3216
1681054967.9124992 2475.05 3223
1681054967.9137483 2480.21 3229
1681054967.9151754 2484.40 3235
1681054967.916522 2488.46 3241
1681054967.9842064 2492.05 3248
1681054967.9859126 2497.49 3254
1681054967.9873695 2502.12 3260
1681054967.98884 2506.19 3267
1681054967.9903452 2510.22 3273
1681054967.9916773 2515.45 3279
1681054967.9929204 2519.93 3286
1681054967.994392 2523.99 3292
1681054967.995805 2528.06 3298
1681054967.99715 2533.38 3304
1681054967.998552 2537.85 3311
1681054967.9998288 2541.88 3317
1681054968.0012195 2545.55 3323
1681054968.0679295 2550.98 3330
1681054968.0694182 2556.22 3336
1681054968.0707426 2560.29 3342
1681054968.0719833 2564.32 3348
1681054968.073218 2569.63 3355
1681054968.074499 2573.99 3361
1681054968.0759902 2578.05 3367
1681054968.0772965 2582.20 3374
1681054968.0785913 2587.36 3380
1681054968.0798433 2592.11 3386
1681054968.0812194 2596.14 3392
1681054968.082542 2600.25 3399
1681054968.0837853 2605.69 3405
1681054968.1515052 2610.28 3411
1681054968.15318 2614.39 3418
1681054968.154639 2618.22 3424
1681054968.1559453 2623.33 3430
1681054968.1572473 2627.48 3436
1681054968.158592 2631.51 3443
1681054968.159986 2635.50 3449
1681054968.1613173 2640.82 3456
1681054968.1626673 2645.65 3462
1681054968.1639872 2649.68 3468
1681054968.1651933 2654.03 3474
1681054968.166407 2659.31 3480
1681054968.167664 2663.82 3487
1681054968.1690388 2667.76 3493
1681054968.2364755 2672.03 3500
1681054968.2377284 2677.51 3506
1681054968.2390027 2681.98 3512
1681054968.240418 2685.93 3518
1681054968.2419002 2689.80 3524
1681054968.2431493 2695.40 3531
1681054968.2443426 2700.19 3537
1681054968.2455392 2704.22 3544
1681054968.2467482 2708.61 3550
1681054968.2479389 2714.17 3556
1681054968.249129 2718.84 3562
1681054968.2503464 2722.83 3568
1681054968.2515821 2727.18 3575
1681054968.3200731 2732.62 3581
1681054968.321492 2737.13 3588
1681054968.323072 2741.04 3594
1681054968.324337 2745.35 3600
1681054968.32565 2750.95 3606
1681054968.327001 2756.03 3612
1681054968.3282058 2760.09 3619
1681054968.3293958 2764.36 3625
1681054968.3306246 2769.72 3632
1681054968.3318365 2773.83 3638
1681054968.333024 2777.86 3644
1681054968.3342583 2781.69 3650
1681054968.3357775 2786.84 3656
1681054968.3371105 2791.47 3663
1681054968.405176 2795.46 3670
1681054968.4064765 2799.61 3676
1681054968.4076986 2803.92 3682
1681054968.408911 2808.11 3688
1681054968.4101384 2812.10 3694
1681054968.411343 2816.45 3700
1681054968.4125707 2821.57 3707
1681054968.413765 2825.76 3714
1681054968.4150782 2829.74 3720
1681054968.416531 2833.85 3726
1681054968.4179842 2838.69 3732
1681054968.4192636 2842.84 3738
1681054968.4204717 2846.90 3744
1681054968.4888084 2850.53 3751
1681054968.489387 2855.77 3758
1681054968.4899633 2860.16 3764
1681054968.4905398 2864.23 3770
1681054968.4911032 2868.21 3776
1681054968.4916632 2873.61 3782
1681054968.4922209 2877.72 3788
1681054968.4927752 2881.71 3795
1681054968.493328 2885.82 3802
1681054968.4939015 2891.05 3808
1681054968.4944701 2895.08 3814
1681054968.4950275 2899.11 3820
1681054968.495905 2903.22 3826
1681054968.5727751 2908.50 3832
1681054968.5743074 2912.61 3840
1681054968.5756207 2916.59 3846
1681054968.5768812 2920.54 3852
1681054968.578143 2925.78 3858
1681054968.5794427 2929.81 3864
1681054968.5807538 2933.84 3870
1681054968.5820718 2937.46 3876
1681054968.5833185 2942.50 3884
1681054968.5846205 2946.60 3890
1681054968.5858927 2950.59 3895
1681054968.5871673 2954.42 3902
1681054968.5884225 2959.50 3908
1681054968.5895798 2963.60 3914
1681054968.6579823 2967.59 3920
1681054968.6592956 2971.70 3928
1681054968.660731 2976.54 3934
1681054968.6620197 2980.56 3940
1681054968.6632771 2984.51 3946
1681054968.6645527 2989.02 3952
1681054968.6657612 2993.70 3958
1681054968.6670647 2997.76 3964
1681054968.6683488 3001.71 3972
1681054968.6696014 3006.63 3978
1681054968.670891 3011.38 3984
1681054968.6721425 3015.41 3990
1681054968.67341 3019.44 3996
1681054968.7417254 3024.19 4002
1681054968.743513 3028.54 4008
1681054968.7449133 3032.57 4016
1681054968.746305 3036.15 4022
1681054968.7476866 3041.23 4028
1681054968.7490666 3045.34 4034
1681054968.7504663 3049.41 4040
1681054968.7518175 3052.99 4046
1681054968.7531712 3058.47 4052
1681054968.754637 3062.78 4060
1681054968.75598 3066.85 4066
1681054968.7572646 3070.48 4072
1681054968.7586536 3075.87 4078
1681054968.75991 3080.30 4084
1681054968.8266492 3084.37 4090
1681054968.8280075 3088.32 4097
1681054968.829341 3093.48 4104
1681054968.8305652 3097.79 4110
1681054968.8317711 3101.86 4116
1681054968.8329737 3105.72 4122
1681054968.8342354 3110.88 4128
1681054968.8354647 3115.03 4134
1681054968.8366518 3119.10 4141
1681054968.8379612 3122.84 4148
1681054968.8391814 3127.92 4154
1681054968.8403897 3132.39 4160
1681054968.8416102 3136.46 4166
1681054968.9107494 3140.41 4172
1681054968.9121687 3145.64 4178
1681054968.9136019 3149.79 4185
1681054968.915018 3153.86 4192
1681054968.9164963 3157.61 4198
1681054968.9179397 3162.64 4204
1681054968.9193177 3166.67 4210
1681054968.9206984 3170.66 4216
1681054968.9220734 3174.33 4222
1681054968.9236078 3179.32 4229
1681054968.9249225 3183.39 4236
1681054968.9262073 3187.38 4242
1681054968.927492 3191.53 4248
1681054968.9942486 3196.80 4254
1681054968.9958835 3200.87 4260
1681054968.9972224 3204.86 4267
1681054968.998649 3208.85 4273
1681054969.0000718 3214.09 4280
1681054969.001521 3218.19 4286
1681054969.0028594 3222.18 4292
1681054969.0041742 3226.09 4298
1681054969.0054638 3231.25 4304
1681054969.0067017 3235.31 4311
1681054969.0079122 3239.30 4317
1681054969.0091171 3243.25 4324
1681054969.0103347 3248.25 4330
1681054969.0115373 3252.35 4336
1681054969.0794983 3256.30 4342
1681054969.0808463 3260.17 4348
1681054969.0821748 3265.29 4355
1681054969.0834634 3269.35 4361
1681054969.0847626 3273.34 4367
1681054969.0862327 3277.05 4374
1681054969.0875185 3282.04 4380
1681054969.0887156 3286.15 4386
1681054969.089935 3290.10 4392
1681054969.091151 3294.09 4399
1681054969.0924907 3298.68 4405
1681054969.0937188 3302.75 4412
1681054969.0949464 3306.17 4418
1681054969.162924 3310.60 4424
1681054969.1645148 3314.87 4430
1681054969.1658385 3318.90 4436
1681054969.1672044 3322.04 4443
1681054969.1685677 3327.16 4449
1681054969.1699846 3331.23 4456
1681054969.1713197 3335.30 4462
1681054969.1726248 3338.52 4468
1681054969.1739385 3343.72 4474
1681054969.1752434 3347.87 4481
1681054969.176546 3351.93 4487
1681054969.1778452 3356.00 4493
1681054969.179192 3361.28 4500
1681054969.180379 3365.39 4506
1681054969.2482378 3369.42 4512
1681054969.2495825 3373.16 4518
1681054969.251102 3378.28 4525
1681054969.2524521 3382.51 4531
1681054969.2537835 3386.54 4537
1681054969.2551355 3390.45 4544
1681054969.2564375 3395.64 4550
1681054969.2577415 3399.87 4556
1681054969.2590995 3403.86 4562
1681054969.2603848 3407.57 4569
1681054969.2615764 3412.72 4575
1681054969.2628062 3416.83 4581
1681054969.2640915 3420.82 4588
1681054969.3315659 3424.85 4594
1681054969.3330011 3430.33 4600
1681054969.334348 3434.39 4606
1681054969.3356583 3438.38 4613
1681054969.3368738 3442.41 4619
1681054969.3380973 3447.89 4625
1681054969.3393333 3451.96 4632
1681054969.340547 3455.95 4638
1681054969.3417418 3459.89 4644
1681054969.3429844 3464.97 4651
1681054969.344205 3469.04 4657
1681054969.3453975 3473.07 4663
1681054969.3466258 3476.97 4669
1681054969.4156165 3482.98 4676
1681054969.4178033 3487.33 4682
1681054969.4195514 3491.31 4688
1681054969.4209626 3495.62 4695
1681054969.4223118 3501.39 4701
1681054969.4236295 3505.74 4707
1681054969.4249346 3509.72 4713
1681054969.426256 3514.03 4720
1681054969.4275637 3519.67 4726
1681054969.4290814 3524.27 4732
1681054969.4306355 3528.25 4739
1681054969.4319682 3532.89 4745
1681054969.4334068 3538.49 4751
1681054969.4348118 3542.64 4757
1681054969.5008678 3546.58 4764
1681054969.502383 3551.05 4770
1681054969.5036418 3556.94 4776
1681054969.5048604 3561.45 4783
1681054969.5060763 3565.48 4789
1681054969.5072768 3569.62 4795
1681054969.5084715 3575.30 4801
1681054969.5096698 3579.66 4808
1681054969.5109053 3583.64 4814
1681054969.5121014 3588.07 4820
1681054969.513311 3594.16 4827
1681054969.5145502 3598.75 4833
1681054969.515744 3602.78 4839
1681054969.5844214 3607.05 4845
1681054969.5861015 3612.53 4852
1681054969.58744 3616.84 4858
1681054969.588746 3620.82 4865
1681054969.5900447 3625.22 4871
1681054969.591251 3630.90 4877
1681054969.592456 3635.57 4883
1681054969.593657 3639.56 4889
1681054969.5949113 3643.83 4896
1681054969.596119 3649.51 4902
1681054969.5973186 3654.58 4909
1681054969.598546 3658.57 4915
1681054969.599748 3663.08 4921
1681054969.6010678 3668.56 4927
1681054969.669632 3672.87 4933
1681054969.6711574 3676.86 4940
1681054969.6725013 3681.17 4946
1681054969.6738179 3686.53 4953
1681054969.6751313 3690.92 4959
1681054969.6763973 3694.91 4965
1681054969.6776457 3699.10 4971
1681054969.6789412 3704.69 4977
1681054969.6801896 3709.17 4984
1681054969.6814456 3713.15 4990
1681054969.682829 3717.38 4997
1681054969.6841402 3722.50 5003
1681054969.6854334 3726.77 5009
1681054969.753113 3730.80 5015
1681054969.7549293 3734.75 5021
1681054969.756373 3740.06 5028
1681054969.757755 3744.25 5035
1681054969.7591553 3748.28 5041
1681054969.7605374 3751.66 5047
1681054969.7619305 3754.69 5053
1681054969.7637236 3756.94 5058
1681054969.7651038 3757.34 5062
1681054969.766597 3757.95 5071
1681054969.7679405 3758.63 5076
1681054969.769256 3758.63 5076
1681054969.7704916 3758.67 5087
1681054969.8371227 3758.67 5087
1681054969.8387341 3758.67 5087
1681054969.840073 3758.71 5104
1681054969.8413885 3758.71 5104
1681054969.8429055 3758.71 5122
1681054969.8442276 3758.75 5122
1681054969.8454466 3758.79 5131
1681054969.8466845 3758.79 5131
1681054969.8479586 3758.84 5143
1681054969.8492749 3758.84 5152
1681054969.8505268 3758.88 5152
1681054969.8517435 3758.88 5152
1681054969.8529487 3758.88 5152
1681054969.8541632 3758.92 5174
1681054969.9224257 3758.96 5183
1681054969.9237783 3758.96 5183
1681054969.9250803 3759.00 5195
1681054969.9263935 3759.00 5203
1681054969.9276824 3759.04 5203
1681054969.9289653 3759.04 5216
1681054969.9302974 3759.08 5216
1681054969.931588 3759.12 5229
1681054969.932824 3759.16 5229
1681054969.9340193 3759.16 5240
1681054969.9352255 3759.20 5240
1681054969.9364169 3759.20 5240
1681054969.9376035 3759.20 5260
1681054970.0057726 3759.24 5260
1681054970.0076156 3759.24 5260
1681054970.0090792 3759.24 5260
1681054970.0105493 3759.24 5260
1681054970.0120282 3759.28 5291
1681054970.0134377 3759.28 5291
1681054970.0147636 3759.28 5305
1681054970.016297 3759.32 5305
1681054970.0181081 3759.32 5305
1681054970.019491 3759.36 5318
1681054970.0208051 3759.40 5327
1681054970.0223737 3759.40 5327
1681054970.0238476 3759.44 5339
1681054970.025154 3759.44 5339
1681054970.0902917 3759.44 5339
1681054970.090789 3759.48 5356
1681054970.0912654 3759.48 5356
1681054970.0917418 3759.52 5368
1681054970.092214 3759.52 5368
1681054970.0926895 3759.52 5368
1681054970.0931623 3759.56 5389
1681054970.0936332 3759.56 5389
1681054970.0941188 3759.56 5389
1681054970.0945904 3759.56 5389
1681054970.0950618 3759.60 5413
1681054970.095544 3759.60 5413
1681054970.0960274 3759.60 5413
1681054970.174619 3759.64 5433
1681054970.176286 3759.64 5433
1681054970.1776557 3759.68 5445
1681054970.1790385 3759.68 5445
1681054970.1803205 3759.72 5460
1681054970.1816502 3759.72 5460
1681054970.1830082 3759.72 5460
1681054970.184434 3759.76 5481
1681054970.1857762 3759.80 5481
1681054970.1871765 3759.84 5488
1681054970.1886292 3759.84 5488
1681054970.1899989 3759.84 5488
1681054970.1912134 3759.88 5510
1681054970.2585974 3759.88 5510
1681054970.2601955 3759.88 5510
1681054970.261512 3759.88 5510
1681054970.262852 3759.92 5534
1681054970.2641456 3759.92 5534
1681054970.265435 3759.92 5534
1681054970.2667859 3759.92 5556
1681054970.2680795 3759.96 5556
1681054970.2696474 3759.96 5556
1681054970.2714279 3760.00 5570
1681054970.2728217 3760.00 5570
1681054970.274154 3760.00 5570
1681054970.2754498 3760.04 5588
1681054970.276648 3760.04 5588
1681054970.3438501 3760.08 5605
1681054970.345265 3760.08 5605
1681054970.3467133 3760.08 5605
1681054970.348016 3760.12 5620
1681054970.3493094 3760.12 5620
1681054970.3507864 3760.12 5620
1681054970.3526714 3760.12 5620
1681054970.3541555 3760.16 5646
1681054970.355472 3760.16 5646
1681054970.3567872 3760.16 5646
1681054970.3581183 3760.16 5646
1681054970.3593118 3760.20 5670
1681054970.360498 3760.20 5670
1681054970.427302 3760.20 5670
1681054970.4290257 3760.20 5670
1681054970.4304883 3760.20 5700
1681054970.4320633 3760.25 5700
1681054970.4335647 3760.25 5700
1681054970.4352024 3760.25 5700
1681054970.4365115 3760.25 5725
1681054970.437816 3760.29 5725
1681054970.4391298 3760.29 5725
1681054970.440428 3760.33 5741
1681054970.441744 3760.33 5741
1681054970.442993 3760.33 5741
1681054970.4441946 3760.37 5762
1681054970.4456298 3760.37 5762
1681054970.5126247 3760.37 5762
1681054970.5139997 3760.41 5781
1681054970.5153189 3760.41 5781
1681054970.5170786 3760.41 5781
1681054970.5186646 3760.45 5798
1681054970.5199847 3760.45 5798
1681054970.5212889 3760.45 5798
1681054970.5226338 3760.45 5798
1681054970.5239353 3760.45 5798
1681054970.5252295 3760.49 5828
1681054970.5264332 3760.49 5828
1681054970.5276463 3760.49 5828
1681054970.528852 3760.49 5828
1681054970.5959184 3760.49 5828
1681054970.5975938 3760.49 5828
1681054970.5991344 3760.49 5870
1681054970.6005461 3760.53 5870
1681054970.6019464 3760.53 5870
1681054970.6032903 3760.53 5889
1681054970.6046066 3760.57 5889
1681054970.6059341 3760.57 5889
1681054970.6072545 3760.57 5889
1681054970.6085608 3760.57 5889
1681054970.6100984 3760.61 5917
1681054970.6114333 3760.61 5917
1681054970.6127415 3760.61 5933
1681054970.6141458 3760.65 5933
1681054970.6811883 3760.65 5933
1681054970.6826978 3760.65 5933
1681054970.6842954 3760.69 5953
1681054970.6857252 3760.69 5953
1681054970.687141 3760.69 5953
1681054970.688617 3760.69 5953
1681054970.690107 3760.69 5983
1681054970.6914837 3760.73 5983
1681054970.6928914 3760.73 5983
1681054970.6942067 3760.73 5983
1681054970.6954992 3760.73 5983
1681054970.6967766 3760.73 5983
1681054970.6980615 3760.77 6017
1681054970.7651954 3760.77 6017
1681054970.7667265 3760.77 6017
1681054970.7681413 3760.77 6017
1681054970.769375 3760.77 6017
1681054970.770654 3760.77 6017
1681054970.771867 3760.81 6055
1681054970.7731159 3760.81 6055
1681054970.7743452 3760.81 6055
1681054970.7755537 3760.81 6055
1681054970.7767863 3760.81 6055
1681054970.7780309 3760.81 6089
1681054970.7793133 3760.85 6089
1681054970.7805357 3760.85 6089
1681054970.848723 3760.85 6089
1681054970.8512254 3760.89 6113
1681054970.8533757 3760.89 6113
1681054970.8555894 3760.89 6113
1681054970.857744 3760.89 6113
1681054970.859805 3760.89 6141
1681054970.8612173 3760.93 6141
1681054970.8632164 3760.93 6141
1681054970.864841 3760.93 6141
1681054970.8662229 3760.93 6141
1681054970.867554 3760.97 6168
1681054970.8696623 3760.97 6168
1681054970.8718357 3760.97 6168
1681054970.8734968 3760.97 6168
1681054970.933803 3761.01 6194
1681054970.9353302 3761.01 6194
1681054970.936589 3761.01 6194
1681054970.9378812 3761.01 6194
1681054970.9391155 3761.01 6194
1681054970.9403796 3761.01 6194
1681054970.9416912 3761.01 6194
1681054970.9429615 3761.05 6237
1681054970.9441664 3761.05 6237
1681054970.9454658 3761.05 6237
1681054970.946713 3761.05 6237
1681054970.947916 3761.05 6237
1681054970.9491186 3761.05 6237
1681054971.0174685 3761.05 6237
1681054971.0190454 3761.05 6237
1681054971.020376 3761.05 6237
1681054971.0216894 3761.05 6237
1681054971.0229485 3761.05 6237
1681054971.0241365 3761.05 6237
1681054971.025324 3761.05 6237
1681054971.0265257 3761.05 6237
1681054971.0277069 3761.05 6237
1681054971.0288932 3761.05 6237
1681054971.0300913 3761.05 6237
1681054971.0313652 3761.05 6237
1681054971.0326242 3761.05 6237
1681054971.033915 3761.05 6237
1681054971.102557 3761.05 6237
1681054971.1038003 3761.05 6237
1681054971.1050036 3761.05 6237
1681054971.1062465 3761.05 6237
1681054971.1074522 3761.05 6237
1681054971.108646 3761.05 6237
1681054971.1098359 3761.05 6237
1681054971.1110795 3761.05 6237
1681054971.1122804 3761.05 6237
1681054971.1134753 3761.05 6237
1681054971.1146996 3761.05 6237
1681054971.1159008 3761.05 6237
1681054971.1171765 3761.05 6237
1681054971.1866846 3761.05 6237
1681054971.1880343 3761.05 6237
1681054971.1893346 3761.05 6237
1681054971.190701 3761.05 6237
1681054971.1919978 3761.05 6237
1681054971.1932437 3761.05 6237
1681054971.194564 3761.05 6237
1681054971.1957874 3761.05 6237
1681054971.196979 3761.05 6237
1681054971.1981843 3761.05 6237
1681054971.1993861 3761.05 6237
1681054971.200753 3761.05 6237
1681054971.202031 3761.05 6237
1681054971.2700593 3761.05 6237
1681054971.2716827 3761.05 6237
1681054971.2730896 3761.05 6237
1681054971.2745295 3761.05 6237
1681054971.276091 3761.05 6237
1681054971.277479 3761.05 6237
1681054971.2788885 3761.05 6237
1681054971.2802515 3761.05 6237
1681054971.2816393 3761.05 6237
1681054971.2830343 3761.05 6237
1681054971.2844224 3761.05 6237
1681054971.2857735 3761.05 6237
1681054971.2872264 3761.05 6237
1681054971.2885542 3761.05 6237
1681054971.3557765 3761.05 6237
1681054971.357204 3761.05 6237
1681054971.3586862 3761.05 6237
1681054971.3600693 3761.05 6237
1681054971.361442 3761.05 6237
1681054971.3628519 3761.05 6237
1681054971.364133 3761.05 6237
1681054971.3653643 3761.05 6237
1681054971.3666806 3761.05 6237
1681054971.3680563 3761.05 6237
1681054971.3693414 3761.05 6237
1681054971.3710737 3761.05 6237
1681054971.3723056 3761.05 6237
1681054971.4388106 3761.05 6237
1681054971.4406183 3761.05 6237
1681054971.4421198 3761.05 6237
1681054971.4436054 3761.05 6237
1681054971.444959 3761.05 6237
1681054971.4462829 3761.05 6237
1681054971.4475782 3761.05 6237
1681054971.4489539 3761.05 6237
1681054971.450446 3761.05 6237
1681054971.4518688 3761.05 6237
1681054971.4531767 3761.05 6237
1681054971.4545121 3761.05 6237
1681054971.4558094 3761.05 6237
1681054971.4571078 3761.05 6237
1681054971.5240495 3761.05 6237
1681054971.5254807 3761.05 6237
1681054971.526881 3761.05 6237
1681054971.5282617 3761.05 6237
1681054971.5296533 3761.05 6237
1681054971.5310495 3761.05 6237
1681054971.5325723 3761.05 6237
1681054971.5341365 3761.05 6237
1681054971.5354204 3761.05 6237
1681054971.53668 3761.05 6237
1681054971.5379608 3761.05 6237
1681054971.539225 3761.05 6237
1681054971.5405016 3761.05 6237
1681054971.6081934 3761.05 6237
1681054971.6097999 3761.05 6237
1681054971.6113656 3761.05 6237
1681054971.6128366 3761.05 6237
1681054971.6142693 3761.05 6237
1681054971.6158023 3761.05 6237
1681054971.617204 3761.05 6237
1681054971.618616 3761.05 6237
1681054971.619977 3761.05 6237
1681054971.6213207 3761.05 6237
1681054971.6227338 3761.05 6237
1681054971.6241221 3761.05 6237
1681054971.6255126 3761.05 6237
1681054971.6916656 3761.05 6237
1681054971.6932917 3761.05 6237
1681054971.6946635 3761.05 6237
1681054971.695969 3761.05 6237
1681054971.6973727 3761.05 6237
1681054971.6992614 3761.05 6237
1681054971.7007027 3761.05 6237
1681054971.7021 3761.05 6237
1681054971.7035003 3761.05 6237
1681054971.7048852 3761.05 6237
1681054971.706274 3761.05 6237
1681054971.7075555 3761.05 6237
1681054971.7088945 3761.05 6237
1681054971.710183 3761.05 6237
1681054971.7768047 3761.05 6237
1681054971.7786117 3761.05 6237
1681054971.780011 3761.05 6237
1681054971.7813148 3761.05 6237
1681054971.7826872 3761.05 6237
1681054971.784033 3761.05 6237
1681054971.7853549 3761.05 6237
1681054971.7866802 3761.05 6237
1681054971.7879822 3761.05 6237
1681054971.7892833 3761.05 6237
1681054971.790852 3761.05 6237
1681054971.792194 3761.05 6237
1681054971.7934299 3761.05 6237
1681054971.8602448 3761.05 6237
1681054971.8619554 3761.05 6237
1681054971.863424 3761.05 6237
1681054971.8648927 3761.05 6237
1681054971.866359 3761.05 6237
1681054971.8677537 3761.05 6237
1681054971.869086 3761.05 6237
1681054971.8703945 3761.05 6237
1681054971.8720028 3761.05 6237
1681054971.873354 3761.05 6237
1681054971.8747969 3761.05 6237
1681054971.8761039 3761.05 6237
1681054971.8774042 3761.05 6237
1681054971.8788402 3761.05 6237
1681054971.9454775 3761.05 6237
1681054971.9468539 3761.05 6237
1681054971.9499948 3761.05 6237
1681054971.951352 3761.05 6237
1681054971.952789 3761.05 6237
1681054971.9541397 3761.05 6237
1681054971.955459 3761.05 6237
1681054971.9567664 3761.05 6237
1681054971.9580083 3761.05 6237
1681054971.9593177 3761.05 6237
1681054971.9605112 3761.05 6237
1681054971.961696 3761.05 6237
1681054971.962913 3761.05 6237
1681054972.0294266 3761.05 6237
1681054972.0308323 3761.05 6237
1681054972.0322814 3761.05 6237
1681054972.0336096 3761.05 6237
1681054972.03499 3761.05 6237
1681054972.0362875 3761.05 6237
1681054972.0375812 3761.05 6237
1681054972.0389452 3761.05 6237
1681054972.0402336 3761.05 6237
1681054972.0415266 3761.05 6237
1681054972.0428126 3761.05 6237
1681054972.0440016 3761.05 6237
1681054972.0451899 3761.05 6237
1681054972.112997 3761.05 6237
1681054972.114582 3761.05 6237
1681054972.116269 3761.05 6237
1681054972.117604 3761.05 6237
1681054972.1189797 3761.05 6237
1681054972.1202755 3761.05 6237
1681054972.1215672 3761.05 6237
1681054972.1228495 3761.05 6237
1681054972.1240346 3761.05 6237
1681054972.1252294 3761.05 6237
1681054972.1264603 3761.05 6237
1681054972.1276655 3761.05 6237
1681054972.1288626 3761.05 6237
1681054972.1301136 3761.05 6237
1681054972.1983037 3761.05 6237
1681054972.1998084 3761.05 6237
1681054972.2012565 3761.05 6237
1681054972.2027178 3761.05 6237
1681054972.2040615 3761.05 6237
1681054972.2053592 3761.05 6237
1681054972.2067015 3761.05 6237
1681054972.2079985 3761.05 6237
1681054972.209288 3761.05 6237
1681054972.210593 3761.05 6237
1681054972.2118835 3761.05 6237
1681054972.2131822 3761.05 6237
1681054972.214391 3761.05 6237
1681054972.2817457 3761.05 6237
1681054972.2835758 3761.05 6237
1681054972.2849605 3761.05 6237
1681054972.2862818 3761.05 6237
1681054972.287596 3761.05 6237
1681054972.288906 3761.05 6237
1681054972.290241 3761.05 6237
1681054972.2918694 3761.05 6237
1681054972.2932277 3761.05 6237
1681054972.2945683 3761.05 6237
1681054972.2958667 3761.05 6237
1681054972.2971666 3761.05 6237
1681054972.2985084 3761.05 6237
1681054972.2998118 3761.05 6237
1681054972.3670297 3761.05 6237
1681054972.368502 3761.05 6237
1681054972.369964 3761.05 6237
1681054972.3714192 3761.05 6237
1681054972.3728523 3761.05 6237
1681054972.374311 3761.05 6237
1681054972.3756096 3761.05 6237
1681054972.3769023 3761.05 6237
1681054972.3782275 3761.05 6237
1681054972.3795304 3761.05 6237
1681054972.3808253 3761.05 6237
1681054972.3821638 3761.05 6237
1681054972.3834164 3761.05 6237
1681054972.4504368 3761.05 6237
1681054972.4521065 3761.05 6237
1681054972.4537637 3761.05 6237
1681054972.4551346 3761.05 6237
1681054972.4564438 3761.05 6237
1681054972.4577549 3761.05 6237
1681054972.4590847 3761.05 6237
1681054972.4603837 3761.05 6237
1681054972.461683 3761.05 6237
1681054972.4630103 3761.05 6237
1681054972.4643047 3761.05 6237
1681054972.4654982 3761.05 6237
1681054972.466721 3761.05 6237
1681054972.5344942 3761.05 6237
1681054972.5361555 3761.05 6237
1681054972.5374777 3761.05 6237
1681054972.5388386 3761.05 6237
1681054972.5401525 3761.05 6237
1681054972.5414612 3761.05 6237
1681054972.5427847 3761.05 6237
1681054972.5441058 3761.05 6237
1681054972.5452912 3761.05 6237
1681054972.546486 3761.05 6237
1681054972.547987 3761.05 6237
1681054972.549207 3761.05 6237
1681054972.5504274 3761.05 6237
1681054972.5516186 3761.05 6237
1681054972.6197631 3761.05 6237
1681054972.6212456 3761.05 6237
1681054972.622673 3761.05 6237
1681054972.6240342 3761.05 6237
1681054972.6253288 3761.05 6237
1681054972.6266513 3761.05 6237
1681054972.6279655 3761.05 6237
1681054972.6294389 3761.05 6237
1681054972.6310022 3761.05 6237
1681054972.6323218 3761.05 6237
1681054972.633636 3761.05 6237
1681054972.6349776 3761.05 6237
1681054972.636279 3761.05 6237
1681054972.7031417 3761.05 6237
1681054972.7047524 3761.05 6237
1681054972.706119 3761.05 6237
1681054972.7074378 3761.05 6237
1681054972.7087464 3761.05 6237
1681054972.7102697 3761.09 7992
1681054972.7115853 3761.09 7992
1681054972.712875 3761.09 7992
1681054972.7141461 3761.09 7992
1681054972.7154186 3761.09 7992
1681054972.7166188 3761.09 7992
1681054972.7178226 3761.09 7992
1681054972.719078 3761.09 7992
1681054972.7202652 3761.09 7992
1681054972.7884252 3761.09 7992
1681054972.790121 3761.09 7992
1681054972.79159 3761.09 7992
1681054972.7930205 3761.09 7992
1681054972.7944412 3761.09 7992
1681054972.7958293 3761.09 7992
1681054972.7971292 3761.09 7992
1681054972.7984645 3761.09 7992
1681054972.7997704 3761.09 7992
1681054972.8010685 3761.09 7992
1681054972.8025641 3761.09 7992
1681054972.8038814 3761.09 7992
1681054972.8051856 3761.09 7992
1681054972.871886 3761.09 7992
1681054972.8735628 3761.09 7992
1681054972.8750603 3761.09 7992
1681054972.8766248 3761.09 7992
1681054972.8779705 3761.09 7992
1681054972.8792965 3761.09 7992
1681054972.8806062 3761.09 7992
1681054972.8819299 3761.09 7992
1681054972.8834026 3761.09 7992
1681054972.8847315 3761.09 7992
1681054972.886061 3761.09 7992
1681054972.8873606 3761.09 7992
1681054972.8886323 3761.09 7992
1681054972.9558668 3761.09 7992
1681054972.9577403 3761.09 7992
1681054972.9592686 3761.09 7992
1681054972.960664 3761.09 7992
1681054972.9619758 3761.09 7992
1681054972.9632752 3761.09 7992
1681054972.9645731 3761.09 7992
1681054972.966001 3761.09 7992
1681054972.967431 3761.09 7992
1681054972.9687295 3761.09 7992
1681054972.9700582 3761.09 7992
1681054972.9714143 3761.09 7992
1681054972.9726865 3761.09 7992
1681054972.9739368 3761.09 7992
1681054973.041116 3761.09 7992
1681054973.0426123 3761.09 7992
1681054973.0440576 3761.09 7992
1681054973.0453415 3761.09 7992
1681054973.0466695 3761.09 7992
1681054973.0479279 3761.09 7992
1681054973.0491767 3761.09 7992
1681054973.0504808 3761.09 7992
1681054973.0517097 3761.09 7992
1681054973.0529563 3761.09 7992
1681054973.0542254 3761.09 7992
1681054973.0555327 3761.09 7992
1681054973.056919 3761.09 7992
1681054973.124472 3761.09 7992
1681054973.125921 3761.09 7992
1681054973.1271496 3761.09 7992
1681054973.1283472 3761.09 7992
1681054973.1295493 3761.09 7992
1681054973.1307776 3761.09 7992
1681054973.1319754 3761.09 7992
1681054973.1331766 3761.09 7992
1681054973.134401 3761.09 7992
1681054973.1355968 3761.09 7992
1681054973.13679 3761.09 7992
1681054973.1380448 3761.09 7992
1681054973.139322 3761.09 7992
1681054973.1405158 3761.09 7992
1681054973.2097654 3761.09 7992
1681054973.2111819 3761.09 7992
1681054973.2125423 3761.09 7992
1681054973.2138264 3761.09 7992
1681054973.215093 3761.09 7992
1681054973.2163703 3761.09 7992
1681054973.2176216 3761.09 7992
1681054973.2189136 3761.09 7992
1681054973.2202017 3761.09 7992
1681054973.2214308 3761.09 7992
1681054973.2226727 3761.09 7992
1681054973.2238917 3761.09 7992
1681054973.2251065 3761.09 7992
1681054973.2932167 3761.09 7992
1681054973.2949224 3761.09 7992
1681054973.2962787 3761.09 7992
1681054973.29759 3761.09 7992
1681054973.2989619 3761.09 7992
1681054973.3003716 3761.09 7992
1681054973.3016698 3761.09 7992
1681054973.3029954 3761.09 7992
1681054973.3045237 3761.09 7992
1681054973.3058348 3761.09 7992
1681054973.3071814 3761.09 7992
1681054973.3084888 3761.09 7992
1681054973.3097553 3761.09 7992
1681054973.377292 3761.09 7992
1681054973.3789146 3761.09 7992
1681054973.3802664 3761.09 7992
1681054973.3816707 3761.09 7992
1681054973.383035 3761.09 7992
1681054973.3843386 3761.09 7992
1681054973.3856368 3761.09 7992
1681054973.3869927 3761.09 7992
1681054973.3882885 3761.09 7992
1681054973.389484 3761.09 7992
1681054973.3907032 3761.09 7992
1681054973.3919423 3761.09 7992
1681054973.3932166 3761.09 7992
1681054973.394445 3761.09 7992
1681054973.4630303 3761.09 7992
1681054973.4652922 3761.09 7992
1681054973.4675593 3761.09 7992
1681054973.4696352 3761.09 7992
1681054973.471259 3761.09 7992
1681054973.472866 3761.09 7992
1681054973.4744265 3761.09 7992
1681054973.4756725 3761.09 7992
1681054973.4767473 3761.09 7992
1681054973.477455 3761.09 7992
1681054973.4781733 3761.09 7992
1681054973.4788573 3761.09 7992
1681054973.4794714 3761.09 7992
1681054973.546001 3761.09 7992
1681054973.5474412 3761.09 7992
1681054973.5486844 3761.09 7992
1681054973.5499418 3761.09 7992
1681054973.551182 3761.09 7992
1681054973.5523987 3761.09 7992
1681054973.5536187 3761.09 7992
1681054973.5548651 3761.09 7992
1681054973.556105 3761.09 7992
1681054973.5573285 3761.09 7992
1681054973.5586033 3761.09 7992
1681054973.5598214 3761.09 7992
1681054973.5610418 3761.09 7992
1681054973.5623033 3761.09 7992
1681054973.6310976 3761.09 7992
1681054973.6324096 3761.09 7992
1681054973.6336565 3761.09 7992
1681054973.6349173 3761.09 7992
1681054973.6361692 3761.09 7992
1681054973.637398 3761.09 7992
1681054973.6386683 3761.09 7992
1681054973.6399343 3761.09 7992
1681054973.6411479 3761.09 7992
1681054973.6423793 3761.09 7992
1681054973.643621 3761.09 7992
1681054973.6448488 3761.09 7992
1681054973.6460795 3761.09 7992
1681054973.714686 3761.09 7992
1681054973.716279 3761.09 7992
1681054973.7176487 3761.09 7992
1681054973.7190704 3761.09 7992
1681054973.7204068 3761.09 7992
1681054973.7216313 3761.09 7992
1681054973.7229064 3761.09 7992
1681054973.724141 3761.09 7992
1681054973.7253888 3761.09 7992
1681054973.7266445 3761.09 7992
1681054973.7278607 3761.09 7992
1681054973.729075 3761.09 7992
1681054973.730324 3761.09 7992
1681054973.7315598 3761.09 7992
1681054973.799968 3761.09 7992
1681054973.8013623 3761.09 7992
1681054973.8028042 3761.09 7992
1681054973.8041408 3761.09 7992
1681054973.8055053 3761.09 7992
1681054973.8068635 3761.09 7992
1681054973.8081942 3761.09 7992
1681054973.8095045 3761.09 7992
1681054973.8108296 3761.09 7992
1681054973.8120832 3761.09 7992
1681054973.8132863 3761.09 7992
1681054973.814603 3761.09 7992
1681054973.8159666 3761.09 7992
1681054973.8843055 3761.09 7992
1681054973.885808 3761.09 7992
1681054973.887299 3761.09 7992
1681054973.8886187 3761.09 7992
1681054973.8899508 3761.09 7992
1681054973.8912625 3761.09 7992
1681054973.8924565 3761.09 7992
1681054973.8936458 3761.09 7992
1681054973.8949945 3761.09 7992
1681054973.8962462 3761.09 7992
1681054973.8975072 3761.09 7992
1681054973.8988504 3761.09 7992
1681054973.9002364 3761.09 7992
1681054973.9674304 3761.09 7992
1681054973.9689612 3761.09 7992
1681054973.9703076 3761.09 7992
1681054973.9715753 3761.09 7992
1681054973.9728272 3761.09 7992
1681054973.9740613 3761.09 7992
1681054973.9752479 3761.09 7992
1681054973.9766297 3761.09 7992
1681054973.97784 3761.09 7992
1681054973.979091 3761.09 7992
1681054973.9802928 3761.09 7992
1681054973.9815507 3761.09 7992
1681054973.9828763 3761.09 7992
1681054973.9840806 3761.09 7992
1681054974.0526998 3761.09 7992
1681054974.0540762 3761.09 7992
1681054974.0557222 3761.09 7992
1681054974.0572 3761.09 7992
1681054974.058548 3761.09 7992
1681054974.0599368 3761.09 7992
1681054974.061267 3761.09 7992
1681054974.0625951 3761.09 7992
1681054974.0641365 3761.09 7992
1681054974.0654633 3761.09 7992
1681054974.0668132 3761.09 7992
1681054974.0684662 3761.09 7992
1681054974.0697565 3761.09 7992
1681054974.136125 3761.09 7992
1681054974.137682 3761.09 7992
1681054974.1390965 3761.09 7992
1681054974.1404657 3761.09 7992
1681054974.1417818 3761.09 7992
1681054974.1431181 3761.09 7992
1681054974.1444144 3761.09 7992
1681054974.14561 3761.09 7992
1681054974.1468806 3761.09 7992
1681054974.1481655 3761.09 7992
1681054974.1494584 3761.09 7992
1681054974.1507363 3761.09 7992
1681054974.1519341 3761.09 7992
1681054974.1531355 3761.09 7992
1681054974.2214725 3761.09 7992
1681054974.2228503 3761.09 7992
1681054974.224153 3761.09 7992
1681054974.22544 3761.09 7992
1681054974.2267444 3761.09 7992
1681054974.2282462 3761.09 7992
1681054974.229554 3761.09 7992
1681054974.2308986 3761.09 7992
1681054974.2323973 3761.09 7992
1681054974.2338357 3761.09 7992
1681054974.2351203 3761.09 7992
1681054974.2363243 3761.09 7992
1681054974.23752 3761.09 7992
1681054974.30545 3761.09 7992
1681054974.3068445 3761.09 7992
1681054974.3081524 3761.09 7992
1681054974.3094587 3761.09 7992
1681054974.3107693 3761.09 7992
1681054974.312054 3761.09 7992
1681054974.313319 3761.09 7992
1681054974.3146014 3761.09 7992
1681054974.3159304 3761.09 7992
1681054974.3172534 3761.09 7992
1681054974.318526 3761.09 7992
1681054974.3197358 3761.09 7992
1681054974.3209395 3761.09 7992
1681054974.3886225 3761.09 7992
1681054974.3896105 3761.09 7992
1681054974.390562 3761.09 7992
