1681054655.756308 0.00 0
1681054655.8761582 0.00 0
1681054655.8775113 0.00 0
1681054655.8788142 0.00 0
1681054655.8800824 0.00 0
1681054655.8815126 0.00 0
1681054655.8828194 0.00 0
1681054655.8841224 0.00 0
1681054655.8853884 0.00 0
1681054655.8866818 0.00 0
1681054655.8879895 0.00 0
1681054655.8893163 0.00 0
1681054655.8905418 0.00 0
1681054655.891849 0.00 0
1681054655.8930585 0.00 0
1681054655.8943279 0.00 0
1681054655.8955274 0.00 0
1681054655.9593773 0.00 0
1681054655.9612281 0.00 0
1681054655.962742 0.00 0
1681054655.964035 0.00 0
1681054655.965363 0.00 0
1681054655.9667096 0.00 0
1681054655.967987 0.00 0
1681054655.969292 0.00 0
1681054655.9705982 0.00 0
1681054655.9718862 0.00 0
1681054655.973204 0.00 0
1681054655.9745228 0.00 0
1681054655.9758947 0.00 0
1681054655.977105 0.00 0
1681054655.9782772 0.00 0
1681054655.9794092 0.00 0
1681054655.9805417 0.00 0
1681054656.0445015 0.00 0
1681054656.0458026 0.00 0
1681054656.0470362 0.00 0
1681054656.0482528 0.00 0
1681054656.0494645 0.00 0
1681054656.0506961 0.00 0
1681054656.0519056 0.00 0
1681054656.0531352 0.00 0
1681054656.054364 0.00 0
1681054656.0555649 0.00 0
1681054656.0571675 0.00 0
1681054656.0584354 0.00 0
1681054656.0596664 0.00 0
1681054656.0608788 0.00 0
1681054656.0620232 0.00 0
1681054656.0631528 0.00 0
1681054656.0642807 0.00 0
1681054656.1288822 0.00 0
1681054656.13012 0.00 0
1681054656.1312642 0.00 0
1681054656.1328397 0.00 0
1681054656.1340327 0.00 0
1681054656.135218 0.00 0
1681054656.1363447 0.00 0
1681054656.1378353 0.00 0
1681054656.139007 0.00 0
1681054656.1401298 0.00 0
1681054656.1412477 0.00 0
1681054656.142406 0.00 0
1681054656.1435223 0.00 0
1681054656.144639 0.00 0
1681054656.1457932 0.00 0
1681054656.1469207 0.00 0
1681054656.2131817 0.00 0
1681054656.2145357 0.00 0
1681054656.2157638 0.00 0
1681054656.2169864 0.00 0
1681054656.2182395 0.00 0
1681054656.2194576 0.00 0
1681054656.2206683 0.00 0
1681054656.2221756 0.00 0
1681054656.2235343 0.00 0
1681054656.2247627 0.00 0
1681054656.2260396 0.00 0
1681054656.2272215 0.00 0
1681054656.2283392 0.00 0
1681054656.2294521 0.00 0
1681054656.2306023 0.00 0
1681054656.2317173 0.00 0
1681054656.2328308 0.00 0
1681054656.297582 0.00 0
1681054656.2987645 0.00 0
1681054656.2998946 0.00 0
1681054656.3010087 0.00 0
1681054656.302175 0.00 0
1681054656.3032935 0.00 0
1681054656.3044229 0.00 0
1681054656.3056192 0.32 499
1681054656.3067758 3.14 505
1681054656.307909 8.20 512
1681054656.3090644 10.17 516
1681054656.3102582 10.17 516
1681054656.3114169 10.25 525
1681054656.3125741 10.33 531
1681054656.3137467 10.33 531
1681054656.3809667 10.42 544
1681054656.3825293 11.14 547
1681054656.3838067 11.18 552
1681054656.385085 11.18 562
1681054656.3863475 14.60 567
1681054656.3876019 19.91 573
1681054656.3888452 25.94 578
1681054656.3901005 31.20 584
1681054656.3913453 36.87 589
1681054656.3925762 42.99 595
1681054656.3937497 49.62 601
1681054656.3948905 55.89 607
1681054656.396035 62.29 612
1681054656.3971858 68.40 618
1681054656.3983572 74.92 623
1681054656.4652941 81.07 629
1681054656.4670422 86.98 634
1681054656.468413 93.13 641
1681054656.4697556 99.45 646
1681054656.4710891 105.80 652
1681054656.472426 112.60 657
1681054656.4737723 119.19 663
1681054656.4751692 125.91 669
1681054656.4765205 132.58 674
1681054656.4778767 139.54 680
1681054656.4794269 146.05 686
1681054656.4807317 152.73 692
1681054656.4820426 158.80 698
1681054656.4832785 165.43 703
1681054656.48444 170.86 709
1681054656.5496364 175.08 715
1681054656.5512395 180.71 720
1681054656.5526032 186.82 727
1681054656.5540092 193.05 733
1681054656.5553312 199.93 738
1681054656.5565658 206.04 744
1681054656.5580254 212.59 750
1681054656.5594788 219.43 755
1681054656.5607088 226.18 761
1681054656.5619736 232.66 768
1681054656.5632234 239.49 773
1681054656.5644476 246.37 779
1681054656.5656896 253.08 784
1681054656.5669234 259.92 790
1681054656.5681827 266.56 796
1681054656.6347313 273.07 801
1681054656.6360044 279.19 807
1681054656.6372695 285.50 814
1681054656.6386373 291.81 819
1681054656.639921 297.29 825
1681054656.6411889 302.27 831
1681054656.6424458 306.78 836
1681054656.6436572 311.52 842
1681054656.644871 318.08 848
1681054656.6461716 324.76 854
1681054656.6473875 331.31 860
1681054656.6486113 337.95 866
1681054656.649872 344.47 871
1681054656.6511571 351.34 877
1681054656.7180805 358.02 882
1681054656.7196162 364.58 888
1681054656.7209225 370.85 894
1681054656.722377 377.09 900
1681054656.7244546 383.32 906
1681054656.7260168 389.80 912
1681054656.7273343 396.23 917
1681054656.7286277 402.87 923
1681054656.7299228 409.59 929
1681054656.7312007 416.34 934
1681054656.732463 423.26 941
1681054656.7336817 430.06 946
1681054656.734868 436.90 952
1681054656.7362797 443.61 958
1681054656.7376053 449.93 963
1681054656.8033307 456.44 969
1681054656.8050768 462.72 975
1681054656.806443 469.03 980
1681054656.807741 475.91 987
1681054656.8090212 481.50 993
1681054656.8103132 487.42 998
1681054656.8116198 494.01 1004
1681054656.8129172 501.33 1010
1681054656.8142045 508.53 1016
1681054656.8154018 515.65 1022
1681054656.8166635 522.41 1029
1681054656.8181965 529.09 1035
1681054656.8194273 535.92 1041
1681054656.820642 542.84 1047
1681054656.8874424 549.76 1053
1681054656.8888242 554.51 1059
1681054656.8902047 560.90 1065
1681054656.891518 567.82 1072
1681054656.8928275 575.10 1078
1681054656.8941448 582.22 1084
1681054656.895389 588.82 1090
1681054656.8965824 595.69 1096
1681054656.8980017 602.05 1102
1681054656.8993938 609.09 1108
1681054656.9006147 615.92 1115
1681054656.9018514 620.51 1121
1681054656.9030604 626.87 1127
1681054656.9042675 632.90 1133
1681054656.971943 639.86 1139
1681054656.973723 643.96 1145
1681054656.9749622 647.78 1152
1681054656.976181 651.72 1158
1681054656.9774015 655.66 1164
1681054656.9786339 659.53 1169
1681054656.9800787 663.43 1175
1681054656.9814305 667.25 1181
1681054656.982678 671.19 1187
1681054656.9838912 677.42 1193
1681054656.9850955 683.94 1200
1681054656.9863186 690.54 1206
1681054656.9875228 696.45 1212
1681054657.0552254 702.89 1218
1681054657.0569172 709.64 1224
1681054657.0583189 714.87 1230
1681054657.0596328 718.45 1236
1681054657.0609343 722.35 1243
1681054657.06226 726.21 1249
1681054657.0635839 730.16 1255
1681054657.065087 736.27 1261
1681054657.0666008 741.94 1267
1681054657.0678086 748.66 1273
1681054657.0690053 755.66 1280
1681054657.0702257 762.66 1286
1681054657.0715559 766.76 1292
1681054657.0729806 770.38 1298
1681054657.1396227 774.28 1304
1681054657.141061 778.14 1310
1681054657.1423159 782.97 1316
1681054657.1435266 789.72 1323
1681054657.1447296 795.64 1329
1681054657.1462123 802.39 1335
1681054657.1475596 809.03 1341
1681054657.1487706 814.22 1347
1681054657.1499927 817.72 1353
1681054657.1512113 821.58 1359
1681054657.1524048 825.44 1366
1681054657.1536129 829.34 1372
1681054657.1548142 835.78 1378
1681054657.1563542 841.17 1384
1681054657.224561 848.01 1390
1681054657.2258353 854.72 1396
1681054657.2273068 860.60 1402
1681054657.2286656 864.34 1409
1681054657.2298925 867.96 1415
1681054657.2311044 871.78 1421
1681054657.2323103 875.72 1427
1681054657.233513 881.51 1433
1681054657.234708 886.46 1438
1681054657.2359135 893.02 1444
1681054657.2371137 899.89 1451
1681054657.238387 907.17 1457
1681054657.2401114 910.91 1463
1681054657.2415047 914.53 1469
1681054657.3090856 918.48 1475
1681054657.310517 922.34 1481
1681054657.3118458 927.37 1487
1681054657.3131497 932.31 1494
1681054657.3144608 938.59 1500
1681054657.3156774 945.38 1506
1681054657.3168612 952.22 1512
1681054657.3180654 956.73 1518
1681054657.3193963 960.31 1524
1681054657.320795 964.21 1530
1681054657.3222775 968.03 1537
1681054657.3236272 972.33 1543
1681054657.32486 978.45 1549
1681054657.3260927 984.20 1555
1681054657.3934236 990.88 1561
1681054657.3947942 997.87 1567
1681054657.3961208 1003.26 1573
1681054657.3974245 1006.96 1580
1681054657.3987505 1010.99 1586
1681054657.4000494 1014.93 1593
1681054657.401654 1019.03 1599
1681054657.4031506 1025.38 1605
1681054657.404493 1031.01 1611
1681054657.4061587 1037.67 1617
1681054657.4074492 1045.13 1624
1681054657.4086678 1050.49 1630
1681054657.4099133 1054.30 1636
1681054657.4769723 1058.20 1643
1681054657.4785974 1062.17 1649
1681054657.479944 1066.39 1655
1681054657.481296 1072.85 1661
1681054657.4830074 1078.52 1668
1681054657.4843893 1085.75 1674
1681054657.4857502 1092.98 1681
1681054657.487067 1098.44 1687
1681054657.4883761 1102.17 1693
1681054657.490084 1106.15 1699
1681054657.4913654 1110.08 1705
1681054657.492571 1114.38 1712
1681054657.4937894 1120.93 1718
1681054657.5609655 1126.83 1724
1681054657.562564 1133.90 1731
1681054657.5639052 1141.21 1737
1681054657.5656564 1146.67 1743
1681054657.5670292 1150.41 1750
1681054657.5682516 1154.34 1756
1681054657.569469 1158.32 1762
1681054657.5707054 1162.33 1769
1681054657.5720184 1169.04 1775
1681054657.5735047 1174.70 1781
1681054657.5747366 1181.37 1787
1681054657.5759592 1188.56 1794
1681054657.5773814 1193.98 1800
1681054657.578772 1197.56 1806
1681054657.6462686 1201.53 1812
1681054657.6476483 1205.51 1819
1681054657.6490176 1209.88 1825
1681054657.6503944 1215.87 1831
1681054657.6517444 1221.89 1838
1681054657.653062 1228.84 1844
1681054657.6544363 1235.95 1850
1681054657.6558216 1240.69 1856
1681054657.65718 1243.86 1863
1681054657.6584744 1247.88 1869
1681054657.6597047 1251.85 1875
1681054657.6609285 1256.95 1882
1681054657.66218 1262.09 1888
1681054657.7297115 1268.60 1894
1681054657.73129 1275.71 1900
1681054657.7326472 1282.94 1907
1681054657.7340147 1287.24 1912
1681054657.735341 1290.25 1920
1681054657.736718 1294.26 1926
1681054657.7385707 1298.20 1932
1681054657.7401154 1303.74 1938
1681054657.7416818 1308.24 1945
1681054657.7431674 1314.87 1951
1681054657.744484 1321.29 1957
1681054657.7457328 1326.87 1964
1681054657.7469685 1330.45 1970
1681054657.7481902 1334.10 1976
1681054657.8148682 1337.60 1982
1681054657.816221 1341.65 1989
1681054657.817597 1346.87 1995
1681054657.818909 1352.50 2001
1681054657.8202274 1358.52 2008
1681054657.8215437 1365.35 2014
1681054657.8228338 1369.40 2020
1681054657.8240845 1371.85 2026
1681054657.8253763 1375.75 2032
1681054657.826664 1379.69 2039
1681054657.8279324 1384.79 2045
1681054657.8292086 1389.00 2052
1681054657.8305035 1395.99 2058
1681054657.8983653 1402.50 2064
1681054657.899929 1408.40 2070
1681054657.9012969 1412.10 2076
1681054657.9026446 1415.35 2083
1681054657.9039693 1418.80 2089
1681054657.9053662 1422.82 2096
1681054657.9067059 1427.96 2102
1681054657.9079983 1433.34 2108
1681054657.909199 1439.37 2114
1681054657.9104211 1446.51 2121
1681054657.9116352 1450.65 2127
1681054657.9129379 1453.22 2134
1681054657.914203 1456.43 2140
1681054657.9823785 1460.21 2146
1681054657.9840953 1464.23 2152
1681054657.9855273 1468.32 2158
1681054657.98691 1475.47 2164
1681054657.9885588 1481.17 2171
1681054657.990035 1486.55 2178
1681054657.9914045 1490.13 2183
1681054657.9927177 1493.10 2190
1681054657.9941301 1496.55 2196
1681054657.9955075 1500.57 2202
1681054657.9968095 1505.27 2208
1681054657.998133 1510.89 2215
1681054657.999403 1516.67 2222
1681054658.0006711 1523.54 2228
1681054658.0676804 1527.60 2234
1681054658.0691216 1530.13 2240
1681054658.070539 1533.46 2246
1681054658.072113 1537.44 2253
1681054658.0735602 1542.30 2259
1681054658.0749452 1546.39 2266
1681054658.0763314 1553.46 2272
1681054658.077747 1559.77 2278
1681054658.0790339 1565.19 2284
1681054658.0802732 1568.48 2290
1681054658.0815423 1571.62 2297
1681054658.0827956 1575.55 2304
1681054658.0840626 1579.57 2310
1681054658.1511652 1584.59 2316
1681054658.1527762 1590.13 2322
1681054658.1542377 1596.52 2328
1681054658.1558084 1603.91 2334
1681054658.1572561 1608.44 2340
1681054658.1586845 1611.74 2348
1681054658.1600685 1615.67 2354
1681054658.1613283 1619.65 2360
1681054658.162626 1624.23 2366
1681054658.1638782 1629.53 2372
1681054658.1651638 1635.83 2378
1681054658.1664627 1642.18 2384
1681054658.1677253 1648.60 2392
1681054658.1690207 1652.66 2398
1681054658.2365735 1656.03 2404
1681054658.2387059 1659.93 2410
1681054658.240386 1663.91 2416
1681054658.2418182 1669.49 2422
1681054658.243312 1673.95 2428
1681054658.2447083 1681.10 2436
1681054658.2461162 1688.03 2442
1681054658.2474613 1694.11 2448
1681054658.2488077 1697.60 2454
1681054658.2501938 1700.89 2460
1681054658.2515166 1704.47 2466
1681054658.252808 1708.53 2473
1681054658.254134 1713.91 2480
1681054658.3197458 1719.05 2486
1681054658.3214514 1725.96 2492
1681054658.3229492 1733.10 2498
1681054658.3243587 1737.64 2504
1681054658.325779 1740.61 2510
1681054658.3271894 1744.63 2516
1681054658.3285472 1748.57 2524
1681054658.3299413 1753.14 2530
1681054658.3313577 1758.37 2536
1681054658.3326247 1764.59 2542
1681054658.3339076 1770.78 2548
1681054658.3352072 1777.44 2554
1681054658.336509 1781.46 2561
1681054658.403788 1784.39 2568
1681054658.4054422 1787.96 2574
1681054658.4069166 1791.90 2580
1681054658.4083188 1796.84 2586
1681054658.4097984 1801.38 2592
1681054658.4112234 1808.17 2598
1681054658.4126148 1814.83 2606
1681054658.4140534 1819.85 2612
1681054658.4154196 1822.82 2618
1681054658.4168074 1826.24 2624
1681054658.418264 1830.09 2630
1681054658.4195604 1834.15 2636
1681054658.4208155 1839.13 2642
1681054658.4221525 1844.95 2649
1681054658.489368 1850.90 2656
1681054658.4910734 1858.17 2662
1681054658.492546 1862.30 2668
1681054658.4939666 1865.31 2674
1681054658.495367 1869.09 2680
1681054658.4967346 1873.03 2686
1681054658.4981942 1878.13 2693
1681054658.4995723 1882.58 2700
1681054658.5009341 1889.57 2706
1681054658.502347 1896.08 2712
1681054658.5037181 1902.06 2718
1681054658.505113 1905.80 2724
1681054658.5065184 1908.97 2731
1681054658.5726082 1912.83 2737
1681054658.574289 1916.84 2744
1681054658.575737 1922.34 2750
1681054658.5771356 1927.48 2756
1681054658.5785334 1934.07 2762
1681054658.579895 1941.30 2768
1681054658.5812757 1946.24 2775
1681054658.582676 1949.57 2781
1681054658.5839183 1953.51 2788
1681054658.585177 1957.44 2794
1681054658.586454 1961.54 2800
1681054658.5877087 1967.44 2806
1681054658.5889463 1973.39 2812
1681054658.5902317 1979.93 2819
1681054658.657149 1986.92 2825
1681054658.657766 1991.70 2832
1681054658.658359 1994.91 2838
1681054658.658928 1998.85 2844
1681054658.6595092 2002.83 2850
1681054658.6600838 2007.81 2856
1681054658.6607244 2012.51 2863
1681054658.6613195 2019.21 2869
1681054658.6619015 2025.68 2876
1681054658.6624775 2031.98 2882
1681054658.663052 2035.88 2888
1681054658.6636195 2039.25 2894
1681054658.6641922 2043.07 2900
1681054658.741245 2047.08 2907
1681054658.7429123 2052.60 2913
1681054658.7442067 2057.47 2920
1681054658.7454588 2064.60 2926
1681054658.7467608 2071.49 2932
1681054658.748051 2076.65 2938
1681054658.7492948 2079.95 2945
1681054658.7505527 2083.86 2951
1681054658.7517998 2087.65 2957
1681054658.7530642 2091.71 2964
1681054658.754331 2097.68 2970
1681054658.755568 2103.52 2976
1681054658.756816 2110.20 2982
1681054658.7581058 2117.50 2989
1681054658.8266103 2122.21 2995
1681054658.828235 2125.43 3001
1681054658.829655 2129.46 3008
1681054658.8310745 2133.41 3014
1681054658.832508 2138.36 3020
1681054658.8339345 2143.00 3026
1681054658.8353195 2149.68 3033
1681054658.8367155 2156.01 3039
1681054658.8381665 2162.90 3045
1681054658.8394377 2166.92 3051
1681054658.840823 2170.15 3058
1681054658.842345 2173.93 3064
1681054658.8436298 2178.00 3070
1681054658.910566 2183.72 3077
1681054658.9120345 2188.56 3083
1681054658.9134178 2195.65 3089
1681054658.9148314 2202.37 3096
1681054658.9162388 2208.62 3102
1681054658.9175677 2212.20 3107
1681054658.918834 2215.83 3115
1681054658.9201906 2219.73 3121
1681054658.9216237 2223.76 3127
1681054658.9230285 2230.01 3133
1681054658.9242823 2235.36 3140
1681054658.925571 2242.49 3146
1681054658.9268436 2249.71 3152
1681054658.993969 2255.22 3159
1681054658.9955978 2258.73 3165
1681054658.9970489 2262.64 3171
1681054658.9985077 2266.66 3177
1681054658.9999063 2270.73 3184
1681054659.001326 2275.04 3190
1681054659.0027676 2280.92 3196
1681054659.0041785 2287.89 3203
1681054659.005588 2295.31 3209
1681054659.0070603 2299.82 3215
1681054659.008341 2303.32 3221
1681054659.0096352 2307.27 3228
1681054659.0109065 2311.30 3234
1681054659.0122027 2316.13 3240
1681054659.0793045 2321.13 3247
1681054659.0807421 2327.57 3253
1681054659.08222 2334.46 3259
1681054659.0836103 2341.71 3265
1681054659.0850055 2346.18 3272
1681054659.086447 2349.77 3278
1681054659.0877485 2353.80 3284
1681054659.089053 2357.75 3291
1681054659.0903444 2363.18 3297
1681054659.091638 2368.70 3303
1681054659.0929198 2375.83 3309
1681054659.0942414 2382.96 3316
1681054659.0955563 2390.05 3322
1681054659.1626663 2393.96 3329
1681054659.1643243 2397.50 3335
1681054659.1657932 2401.45 3341
1681054659.167244 2405.52 3347
1681054659.1686265 2411.16 3353
1681054659.1700718 2416.20 3360
1681054659.1714585 2423.45 3366
1681054659.1728315 2430.30 3373
1681054659.1741488 2436.94 3379
1681054659.1754613 2440.85 3385
1681054659.176763 2444.43 3391
1681054659.1780772 2448.46 3397
1681054659.1792824 2452.49 3404
1681054659.1805594 2459.10 3410
1681054659.247915 2464.29 3417
1681054659.2493498 2471.46 3423
1681054659.2512746 2478.51 3429
1681054659.2525477 2484.84 3435
1681054659.2538602 2488.67 3441
1681054659.2551615 2492.57 3448
1681054659.2564356 2496.52 3454
1681054659.2577116 2500.55 3461
1681054659.2589698 2506.99 3467
1681054659.2602406 2512.15 3473
1681054659.2615 2518.96 3479
1681054659.2628944 2525.85 3485
1681054659.2641714 2531.29 3492
1681054659.3319716 2534.79 3499
1681054659.33341 2538.78 3505
1681054659.3348358 2542.69 3511
1681054659.336233 2546.79 3517
1681054659.3376713 2552.68 3523
1681054659.3391962 2558.64 3529
1681054659.3404849 2565.20 3536
1681054659.3417716 2572.33 3543
1681054659.3430808 2576.93 3549
1681054659.3443253 2580.35 3555
1681054659.3455844 2584.30 3561
1681054659.3468373 2588.29 3567
1681054659.3481057 2593.32 3573
1681054659.4154537 2598.52 3580
1681054659.417114 2605.25 3587
1681054659.4186134 2611.85 3593
1681054659.42009 2618.46 3599
1681054659.4218419 2622.49 3605
1681054659.4236288 2625.67 3611
1681054659.424898 2629.54 3617
1681054659.4262316 2633.56 3624
1681054659.4274914 2639.08 3631
1681054659.4287412 2644.04 3637
1681054659.4300354 2650.68 3643
1681054659.431949 2657.45 3649
1681054659.4348154 2662.41 3655
1681054659.437352 2665.39 3661
1681054659.501692 2669.21 3667
1681054659.5045307 2672.68 3675
1681054659.507134 2676.83 3681
1681054659.5096211 2681.58 3687
1681054659.5121102 2687.62 3693
1681054659.5146039 2693.59 3699
1681054659.517183 2700.23 3705
1681054659.5197139 2704.22 3712
1681054659.521752 2706.64 3719
1681054659.5230672 2710.18 3725
1681054659.5243223 2714.21 3731
1681054659.5255928 2719.21 3737
1681054659.5268524 2724.00 3743
1681054659.5840628 2730.65 3749
1681054659.5851405 2737.33 3757
1681054659.5860882 2742.45 3763
1681054659.5871634 2745.03 3769
1681054659.5881965 2748.85 3775
1681054659.5891185 2752.64 3781
1681054659.590058 2756.71 3787
1681054659.5909553 2760.90 3793
1681054659.5918517 2766.86 3801
1681054659.5927677 2772.70 3807
1681054659.5936956 2778.87 3813
1681054659.5946138 2782.89 3818
1681054659.5955074 2785.23 3825
1681054659.5965366 2788.82 3831
1681054659.6692765 2792.84 3837
1681054659.6705995 2798.08 3845
1681054659.6719046 2802.75 3851
1681054659.6731963 2809.16 3857
1681054659.6745017 2815.64 3863
1681054659.6757567 2820.36 3869
1681054659.677011 2822.98 3875
1681054659.6782897 2826.84 3881
1681054659.6795309 2830.31 3889
1681054659.6807761 2834.38 3895
1681054659.6820793 2838.93 3901
1681054659.683341 2844.89 3907
1681054659.684603 2850.97 3913
1681054659.7535825 2857.62 3919
1681054659.7550938 2861.85 3926
1681054659.7564945 2864.43 3932
1681054659.7579029 2868.29 3939
1681054659.7593179 2872.28 3945
1681054659.7606294 2877.80 3951
1681054659.761917 2882.31 3957
1681054659.763208 2889.24 3963
1681054659.7645125 2895.53 3970
1681054659.7658288 2900.76 3977
1681054659.7671695 2903.66 3983
1681054659.7684324 2907.17 3989
1681054659.7697413 2910.75 3995
1681054659.8368633 2914.82 4001
1681054659.8387322 2920.18 4007
1681054659.8401656 2925.98 4014
1681054659.8415751 2931.98 4021
1681054659.8429556 2938.99 4027
1681054659.8443787 2943.02 4033
1681054659.8457797 2945.80 4039
1681054659.847199 2949.18 4045
1681054659.8485773 2953.17 4051
1681054659.84997 2958.57 4058
1681054659.851315 2962.96 4065
1681054659.8525715 2970.17 4071
1681054659.8538578 2976.62 4077
1681054659.8551986 2982.42 4083
1681054659.9221938 2985.80 4089
1681054659.9236186 2988.94 4096
1681054659.9250536 2992.53 4102
1681054659.9264753 2996.56 4109
1681054659.9278736 3001.75 4115
1681054659.9291751 3007.27 4121
1681054659.9304562 3013.31 4127
1681054659.931764 3020.32 4133
1681054659.9330742 3024.39 4140
1681054659.934367 3026.73 4146
1681054659.9356287 3030.39 4153
1681054659.9368896 3034.38 4159
1681054659.9382215 3038.57 4165
1681054660.0056012 3042.80 4171
1681054660.0072725 3049.61 4177
1681054660.0086834 3055.69 4184
1681054660.0101602 3060.85 4190
1681054660.0115535 3063.79 4197
1681054660.0129278 3067.09 4203
1681054660.014369 3070.72 4209
1681054660.015744 3074.83 4215
1681054660.017135 3078.89 4221
1681054660.0184338 3084.82 4228
1681054660.019731 3090.78 4234
1681054660.0210354 3097.67 4241
1681054660.0223603 3101.78 4246
1681054660.0236232 3104.27 4253
1681054660.0909421 3107.86 4259
1681054660.092529 3111.85 4265
1681054660.094047 3117.20 4272
1681054660.0954537 3121.68 4278
1681054660.0968366 3128.56 4285
1681054660.0982754 3134.57 4291
1681054660.0996587 3139.88 4297
1681054660.1011271 3142.86 4303
1681054660.1025543 3146.01 4310
1681054660.1039767 3149.43 4316
1681054660.1053858 3153.46 4322
1681054660.1068008 3158.29 4329
1681054660.1081998 3164.09 4335
1681054660.1748478 3169.69 4341
1681054660.176342 3176.66 4347
1681054660.17877 3180.69 4354
1681054660.1811807 3183.31 4360
1681054660.1830833 3186.57 4366
1681054660.1846936 3190.56 4373
1681054660.1863022 3195.35 4379
1681054660.187739 3199.78 4385
1681054660.1891394 3206.96 4391
1681054660.1905344 3213.32 4398
1681054660.191811 3218.76 4404
1681054660.1930873 3221.94 4410
1681054660.194398 3225.16 4417
1681054660.2583566 3228.91 4423
1681054660.259999 3232.98 4429
1681054660.26141 3238.62 4435
1681054660.262841 3244.38 4442
1681054660.264235 3250.34 4448
1681054660.265661 3257.39 4454
1681054660.2670665 3261.58 4461
1681054660.2684128 3264.40 4467
1681054660.2697816 3268.06 4473
1681054660.2711804 3272.01 4480
1681054660.272644 3277.17 4486
1681054660.2742372 3282.00 4492
1681054660.2757587 3288.97 4498
1681054660.2771702 3295.90 4505
1681054660.343584 3302.39 4511
1681054660.3449519 3306.29 4517
1681054660.3463407 3309.88 4524
1681054660.347621 3313.79 4530
1681054660.3488853 3317.81 4536
1681054660.3502092 3323.49 4542
1681054660.3514662 3328.49 4549
1681054660.352734 3335.54 4555
1681054660.3540802 3342.55 4561
1681054660.3553407 3348.91 4568
1681054660.3566282 3352.74 4574
1681054660.3580465 3356.49 4580
1681054660.3593304 3360.43 4586
1681054660.4270375 3364.46 4593
1681054660.4286501 3370.79 4599
1681054660.4301317 3376.02 4605
1681054660.431564 3383.27 4612
1681054660.4329586 3390.45 4618
1681054660.4343634 3396.25 4624
1681054660.4356227 3399.87 4630
1681054660.43689 3403.86 4637
1681054660.438258 3407.85 4643
1681054660.4395497 3412.08 4649
1681054660.440809 3418.04 4656
1681054660.4421892 3423.80 4662
1681054660.443453 3430.89 4668
1681054660.4447467 3438.26 4674
1681054660.5123365 3443.18 4681
1681054660.5137966 3446.56 4687
1681054660.515211 3450.47 4694
1681054660.5165708 3454.46 4700
1681054660.5179563 3459.45 4706
1681054660.5196886 3465.17 4712
1681054660.5211647 3471.90 4718
1681054660.522461 3478.58 4725
1681054660.5237203 3485.11 4731
1681054660.525112 3489.18 4738
1681054660.526421 3492.68 4744
1681054660.5276775 3496.63 4750
1681054660.528919 3500.62 4756
1681054660.595696 3506.26 4762
1681054660.5974593 3510.77 4769
1681054660.5990453 3517.70 4775
1681054660.600697 3524.55 4782
1681054660.6020963 3529.95 4788
1681054660.6033776 3533.09 4794
1681054660.6046448 3536.39 4800
1681054660.6059463 3540.30 4806
1681054660.6072257 3544.37 4813
1681054660.6085124 3549.72 4819
1681054660.6097865 3555.24 4826
1681054660.6110442 3561.08 4832
1681054660.6123402 3568.21 4838
1681054660.6798549 3572.28 4844
1681054660.6815782 3575.35 4850
1681054660.6829345 3579.09 4857
1681054660.6842601 3583.08 4864
1681054660.685587 3588.28 4870
1681054660.686992 3592.79 4876
1681054660.6883097 3599.80 4882
1681054660.6895733 3605.68 4888
1681054660.6907873 3611.36 4894
1681054660.6920006 3615.10 4900
1681054660.6932395 3618.05 4908
1681054660.6944752 3621.83 4914
1681054660.695693 3625.86 4920
1681054660.6969051 3631.30 4926
1681054660.7651374 3636.82 4932
1681054660.7667542 3642.90 4938
1681054660.7681224 3650.03 4945
1681054660.76947 3654.18 4952
1681054660.7707791 3656.60 4958
1681054660.7720482 3660.38 4964
1681054660.7733505 3664.37 4970
1681054660.7746634 3669.16 4976
1681054660.7759402 3673.39 4982
1681054660.7771518 3680.28 4989
1681054660.7784448 3686.16 4996
1681054660.7797036 3691.72 5002
1681054660.7812731 3695.03 5008
1681054660.8484633 3698.09 5014
1681054660.8503544 3701.59 5020
1681054660.8517766 3705.62 5026
1681054660.8531566 3709.73 5032
1681054660.8546576 3715.41 5040
1681054660.856045 3719.96 5046
1681054660.8574479 3724.11 5052
1681054660.8587704 3726.13 5058
1681054660.860027 3726.53 5058
1681054660.8613138 3726.53 5058
1681054660.862616 3726.53 5058
1681054660.864008 3727.01 5080
1681054660.865319 3727.01 5080
1681054660.866637 3727.01 5080
1681054660.933808 3727.01 5080
1681054660.9351878 3727.01 5080
1681054660.9365788 3727.01 5080
1681054660.9379659 3727.05 5116
1681054660.9392521 3727.05 5116
1681054660.9404626 3727.05 5116
1681054660.9416895 3727.05 5116
1681054660.9429076 3727.05 5116
1681054660.944117 3727.05 5116
1681054660.9453194 3727.05 5116
1681054660.9465501 3727.05 5116
1681054660.9477837 3727.05 5116
1681054660.949008 3727.05 5116
1681054661.017284 3727.05 5184
1681054661.0189497 3727.09 5184
1681054661.020478 3727.09 5184
1681054661.0219526 3727.09 5184
1681054661.0232408 3727.09 5184
1681054661.024569 3727.09 5184
1681054661.0258713 3727.09 5184
1681054661.0271368 3727.09 5184
1681054661.0283904 3727.09 5184
1681054661.0296645 3727.09 5184
1681054661.0310478 3727.09 5184
1681054661.0323007 3727.09 5184
1681054661.0335689 3727.09 5184
1681054661.1013365 3727.09 5184
1681054661.1031406 3727.09 5184
1681054661.104655 3727.09 5184
1681054661.1061985 3727.09 5184
1681054661.1075652 3727.09 5184
1681054661.1089158 3727.09 5184
1681054661.1103787 3727.09 5184
1681054661.1117406 3727.09 5184
1681054661.1131146 3727.09 5184
1681054661.1145084 3727.09 5184
1681054661.115859 3727.13 5326
1681054661.1173904 3727.13 5326
1681054661.1188743 3727.13 5326
1681054661.120188 3727.13 5326
1681054661.1865444 3727.13 5326
1681054661.1880553 3727.13 5326
1681054661.1895814 3727.13 5326
1681054661.191074 3727.13 5326
1681054661.192539 3727.13 5326
1681054661.1940117 3727.13 5326
1681054661.1954603 3727.13 5326
1681054661.1970284 3727.13 5326
1681054661.198619 3727.13 5326
1681054661.2003481 3727.13 5326
1681054661.2018306 3727.13 5326
1681054661.2031379 3727.13 5326
1681054661.2049756 3727.13 5326
1681054661.269893 3727.13 5326
1681054661.2718415 3727.13 5326
1681054661.27326 3727.13 5326
1681054661.274686 3727.13 5326
1681054661.2761533 3727.13 5326
1681054661.2775517 3727.13 5326
1681054661.2792 3727.13 5326
1681054661.280739 3727.13 5326
1681054661.2822511 3727.13 5326
1681054661.283633 3727.13 5326
1681054661.2849867 3727.13 5326
1681054661.286563 3727.13 5326
1681054661.2880619 3727.13 5326
1681054661.2895021 3727.13 5326
1681054661.354981 3727.13 5326
1681054661.356087 3727.13 5326
1681054661.357133 3727.13 5326
1681054661.3581953 3727.13 5326
1681054661.3594203 3727.13 5326
1681054661.3606858 3727.13 5326
1681054661.3620558 3727.13 5326
1681054661.363357 3727.13 5326
1681054661.3646197 3727.13 5326
1681054661.3659015 3727.13 5326
1681054661.3673177 3727.13 5326
1681054661.3686008 3727.13 5326
1681054661.369872 3727.13 5326
1681054661.4385636 3727.13 5326
1681054661.4401271 3727.13 5326
1681054661.4414644 3727.13 5326
1681054661.4429631 3727.13 5326
1681054661.4443128 3727.13 5326
1681054661.4456732 3727.13 5326
1681054661.4469967 3727.13 5326
1681054661.4482148 3727.13 5326
1681054661.4494317 3727.13 5326
1681054661.450685 3727.13 5326
1681054661.4519086 3727.13 5326
1681054661.4532332 3727.13 5326
1681054661.4546385 3727.13 5326
1681054661.5226822 3727.13 5326
1681054661.5242624 3727.13 5326
1681054661.5256772 3727.13 5326
1681054661.5270362 3727.13 5326
1681054661.5283577 3727.13 5326
1681054661.5297089 3727.13 5326
1681054661.5310473 3727.13 5326
1681054661.5323615 3727.13 5326
1681054661.5337074 3727.13 5326
1681054661.5350444 3727.13 5326
1681054661.536514 3727.13 5326
1681054661.5380228 3727.13 5326
1681054661.5393577 3727.13 5326
1681054661.5406 3727.13 5326
1681054661.6079004 3727.13 5326
1681054661.6093366 3727.13 5326
1681054661.6107671 3727.13 5326
1681054661.612135 3727.13 5326
1681054661.6135035 3727.13 5326
1681054661.614888 3727.13 5326
1681054661.6162443 3727.13 5326
1681054661.6177528 3727.13 5326
1681054661.6191397 3727.13 5326
1681054661.6206932 3727.13 5326
1681054661.6221387 3727.13 5326
1681054661.6234958 3727.13 5326
1681054661.6248505 3727.13 5326
1681054661.6912134 3727.13 5326
1681054661.6923766 3727.13 5326
1681054661.6931162 3727.13 5326
1681054661.6938136 3727.13 5326
1681054661.6943853 3727.13 5326
1681054661.6949522 3727.13 5326
1681054661.695507 3727.13 5326
1681054661.6960542 3727.13 5326
1681054661.6965983 3727.13 5326
1681054661.6971405 3727.13 5326
1681054661.6977053 3727.13 5326
1681054661.6982913 3727.13 5326
1681054661.6990926 3727.13 5326
1681054661.7000322 3727.13 5326
1681054661.7760816 3727.13 5326
1681054661.776825 3727.13 5326
1681054661.7775283 3727.13 5326
1681054661.7782428 3727.13 5326
1681054661.7789383 3727.13 5326
1681054661.7796292 3727.13 5326
1681054661.7803168 3727.13 5326
1681054661.780998 3727.13 5326
1681054661.7817311 3727.13 5326
1681054661.7824194 3727.13 5326
1681054661.7831044 3727.13 5326
1681054661.78379 3727.13 5326
1681054661.7844765 3727.13 5326
1681054661.8601193 3727.13 5326
1681054661.8615828 3727.13 5326
1681054661.8628278 3727.13 5326
1681054661.8640504 3727.13 5326
1681054661.8652582 3727.13 5326
1681054661.8664825 3727.13 5326
1681054661.8677979 3727.13 5326
1681054661.8690844 3727.13 5326
1681054661.8705966 3727.13 5326
1681054661.8718238 3727.13 5326
1681054661.873033 3727.13 5326
1681054661.8743243 3727.13 5326
1681054661.87554 3727.13 5326
1681054661.8767586 3727.13 5326
1681054661.945458 3727.13 5326
1681054661.9469607 3727.13 5326
1681054661.9483936 3727.13 5326
1681054661.949815 3727.13 5326
1681054661.9511962 3727.13 5326
1681054661.9524825 3727.13 5326
1681054661.9537888 3727.13 5326
1681054661.95508 3727.13 5326
1681054661.9563847 3727.13 5326
1681054661.9578125 3727.13 5326
1681054661.9591234 3727.13 5326
1681054661.9604218 3727.13 5326
1681054661.9617374 3727.13 5326
1681054662.0293734 3727.13 5326
1681054662.0307577 3727.13 5326
1681054662.0320518 3727.13 5326
1681054662.0333688 3727.13 5326
1681054662.0347016 3727.13 5326
1681054662.0360038 3727.13 5326
1681054662.0374014 3727.13 5326
1681054662.0390167 3727.13 5326
1681054662.0406146 3727.13 5326
1681054662.042167 3727.13 5326
1681054662.043461 3727.13 5326
1681054662.0447423 3727.13 5326
1681054662.0460637 3727.13 5326
1681054662.1129162 3727.13 5326
1681054662.114519 3727.13 5326
1681054662.115879 3727.13 5326
1681054662.117114 3727.13 5326
1681054662.1184568 3727.13 5326
1681054662.1201677 3727.13 5326
1681054662.1218948 3727.13 5326
1681054662.1233146 3727.13 5326
1681054662.124613 3727.13 5326
1681054662.1258874 3727.13 5326
1681054662.127121 3727.13 5326
1681054662.1283503 3727.13 5326
1681054662.1295938 3727.13 5326
1681054662.1308649 3727.13 5326
1681054662.1981368 3727.13 5326
1681054662.1995106 3727.13 5326
1681054662.200838 3727.13 5326
1681054662.2022893 3727.13 5326
1681054662.2045271 3727.13 5326
1681054662.2068365 3727.13 5326
1681054662.2086318 3727.13 5326
1681054662.2100224 3727.13 5326
1681054662.211311 3727.13 5326
1681054662.2125607 3727.13 5326
1681054662.2138324 3727.13 5326
1681054662.2150722 3727.13 5326
1681054662.2164078 3727.13 5326
1681054662.281603 3727.13 5326
1681054662.2832327 3727.13 5326
1681054662.2847166 3727.13 5326
1681054662.2861855 3727.13 5326
1681054662.287665 3727.13 5326
1681054662.2890828 3727.13 5326
1681054662.2903974 3727.13 5326
1681054662.2917337 3727.13 5326
1681054662.292997 3727.13 5326
1681054662.2943187 3727.13 5326
1681054662.2955773 3727.13 5326
1681054662.2968547 3727.13 5326
1681054662.2983794 3727.13 5326
1681054662.299662 3727.13 5326
1681054662.366888 3727.13 5326
1681054662.3684487 3727.13 5326
1681054662.3698957 3727.13 5326
1681054662.371336 3727.13 5326
1681054662.3726969 3727.13 5326
1681054662.374125 3727.13 5326
1681054662.3754337 3727.13 5326
1681054662.376684 3727.13 5326
1681054662.3779747 3727.13 5326
1681054662.3792486 3727.13 5326
1681054662.380498 3727.13 5326
1681054662.3817658 3727.13 5326
1681054662.3830433 3727.13 5326
1681054662.4508185 3727.13 5326
1681054662.4522233 3727.13 5326
1681054662.4537866 3727.13 5326
1681054662.4551435 3727.13 5326
1681054662.456487 3727.13 5326
1681054662.4578576 3727.13 5326
1681054662.4591823 3727.13 5326
1681054662.4605 3727.13 5326
1681054662.4618442 3727.13 5326
1681054662.4631522 3727.13 5326
1681054662.4643688 3727.13 5326
1681054662.4656265 3727.13 5326
1681054662.466862 3727.13 5326
1681054662.5344079 3727.13 5326
1681054662.5359986 3727.13 5326
1681054662.537597 3727.13 5326
1681054662.5389957 3727.13 5326
1681054662.5403183 3727.13 5326
1681054662.5416586 3727.13 5326
1681054662.5429838 3727.13 5326
1681054662.5442913 3727.13 5326
1681054662.5456357 3727.13 5326
1681054662.546998 3727.13 5326
1681054662.5483012 3727.13 5326
1681054662.5495403 3727.13 5326
1681054662.5507698 3727.13 5326
1681054662.5519974 3727.13 5326
1681054662.6195781 3727.13 5326
1681054662.621089 3727.13 5326
1681054662.6226451 3727.13 5326
1681054662.6240296 3727.13 5326
1681054662.6255565 3727.13 5326
1681054662.6278 3727.13 5326
1681054662.6309464 3727.13 5326
1681054662.6340847 3727.13 5326
1681054662.6371868 3727.13 5326
1681054662.6401258 3727.13 5326
1681054662.6430223 3727.13 5326
1681054662.645906 3727.13 5326
1681054662.648771 3727.13 5326
1681054662.703632 3727.13 5326
1681054662.7069697 3727.13 5326
1681054662.7101278 3727.13 5326
1681054662.7122386 3727.13 5326
1681054662.713541 3727.13 5326
1681054662.7147717 3727.13 5326
1681054662.7159884 3727.13 5326
1681054662.7172394 3727.13 5326
1681054662.7184842 3727.13 5326
1681054662.7198036 3727.13 5326
1681054662.721135 3727.13 5326
1681054662.72244 3727.13 5326
1681054662.7236607 3727.13 5326
1681054662.724887 3727.13 5326
1681054662.7883544 3727.13 5326
1681054662.7898037 3727.13 5326
1681054662.7911558 3727.13 5326
1681054662.7924871 3727.13 5326
1681054662.793856 3727.13 5326
1681054662.7951927 3727.13 5326
1681054662.7967827 3727.13 5326
1681054662.798253 3727.13 5326
1681054662.7996328 3727.13 5326
1681054662.8009386 3727.13 5326
1681054662.80229 3727.13 5326
1681054662.803695 3727.13 5326
1681054662.8049524 3727.13 5326
1681054662.8723066 3727.13 5326
1681054662.8737707 3727.13 5326
1681054662.8751898 3727.13 5326
1681054662.8766766 3727.13 5326
1681054662.878194 3727.13 5326
1681054662.8795292 3727.13 5326
1681054662.8808038 3727.13 5326
1681054662.8821983 3727.13 5326
1681054662.8835406 3727.13 5326
1681054662.8848078 3727.13 5326
1681054662.8861492 3727.13 5326
1681054662.8874173 3727.13 5326
1681054662.8887682 3727.13 5326
1681054662.955796 3727.13 5326
1681054662.957454 3727.13 5326
1681054662.9588761 3727.13 5326
1681054662.9602683 3727.13 5326
1681054662.961637 3727.13 5326
1681054662.9630222 3727.13 5326
1681054662.9661746 3727.13 5326
1681054662.9675696 3727.13 5326
1681054662.968922 3727.13 5326
1681054662.9702752 3727.13 5326
1681054662.9715767 3727.13 5326
1681054662.9728484 3727.13 5326
1681054662.9741962 3727.13 5326
1681054662.9754624 3727.13 5326
1681054663.0409834 3727.13 5326
1681054663.042506 3727.13 5326
1681054663.0439231 3727.13 5326
1681054663.0453467 3727.13 5326
1681054663.0467854 3727.13 5326
1681054663.048164 3727.13 5326
1681054663.0495381 3727.13 5326
1681054663.050836 3727.13 5326
1681054663.0522957 3727.13 5326
1681054663.0536244 3727.13 5326
1681054663.0549405 3727.13 5326
1681054663.056239 3727.13 5326
1681054663.0575433 3727.13 5326
1681054663.124516 3727.13 5326
1681054663.1261857 3727.13 5326
1681054663.1276116 3727.13 5326
1681054663.1290026 3727.13 5326
1681054663.1304595 3727.13 5326
1681054663.1318502 3727.13 5326
1681054663.133693 3727.13 5326
1681054663.1350706 3727.13 5326
1681054663.13634 3727.13 5326
1681054663.1376438 3727.13 5326
1681054663.1389275 3727.13 5326
1681054663.140231 3727.13 5326
1681054663.1415167 3727.13 5326
1681054663.1428106 3727.13 5326
1681054663.2097464 3727.13 5326
1681054663.211231 3727.13 5326
1681054663.2125735 3727.13 5326
1681054663.213946 3727.13 5326
1681054663.215262 3727.13 5326
1681054663.2165778 3727.13 5326
1681054663.2179067 3727.13 5326
1681054663.21922 3727.13 5326
1681054663.2205415 3727.13 5326
1681054663.2218704 3727.13 5326
1681054663.2231672 3727.13 5326
1681054663.2243958 3727.13 5326
1681054663.2256343 3727.13 5326
1681054663.2937074 3727.13 5326
1681054663.2949815 3727.13 5326
1681054663.296206 3727.13 5326
1681054663.2974164 3727.13 5326
1681054663.2986567 3727.13 5326
1681054663.299868 3727.13 5326
1681054663.3010733 3727.13 5326
1681054663.3023245 3727.13 5326
1681054663.303918 3727.13 5326
1681054663.3052104 3727.13 5326
1681054663.3064742 3727.13 5326
1681054663.3076813 3727.13 5326
1681054663.3088834 3727.13 5326
1681054663.3773358 3727.13 5326
1681054663.3790164 3727.13 5326
1681054663.3804154 3727.13 5326
1681054663.3818123 3727.13 5326
1681054663.3831933 3727.13 5326
1681054663.38454 3727.13 5326
1681054663.3861277 3727.13 5326
1681054663.387695 3727.13 5326
1681054663.3890798 3727.13 5326
1681054663.3904352 3727.13 5326
1681054663.391683 3727.13 5326
1681054663.3929236 3727.13 5326
1681054663.3942206 3727.13 5326
1681054663.3954601 3727.13 5326
1681054663.462407 3727.13 5326
1681054663.463827 3727.13 5326
1681054663.4652205 3727.13 5326
1681054663.4666033 3727.13 5326
1681054663.4680712 3727.13 5326
1681054663.4693909 3727.13 5326
1681054663.4708672 3727.13 5326
1681054663.4722579 3727.13 5326
1681054663.473643 3727.13 5326
1681054663.4749193 3727.13 5326
1681054663.4761717 3727.13 5326
1681054663.477442 3727.13 5326
1681054663.4787345 3727.13 5326
1681054663.5458846 3727.13 5326
1681054663.5475245 3727.13 5326
1681054663.5489163 3727.13 5326
1681054663.5504558 3727.13 5326
1681054663.5519314 3727.13 5326
1681054663.5534482 3727.13 5326
1681054663.5548775 3727.13 5326
1681054663.5562809 3727.13 5326
1681054663.5576663 3727.13 5326
1681054663.5590308 3727.13 5326
1681054663.5604184 3727.13 5326
1681054663.5618174 3727.13 5326
1681054663.5632114 3727.13 5326
1681054663.5644913 3727.13 5326
1681054663.6312122 3727.13 5326
1681054663.6326342 3727.13 5326
1681054663.634082 3727.13 5326
1681054663.6354399 3727.13 5326
1681054663.6368148 3727.13 5326
1681054663.6382322 3727.13 5326
1681054663.6395862 3727.17 7835
1681054663.6409323 3727.17 7835
1681054663.6423512 3727.17 7835
1681054663.6437356 3727.17 7835
1681054663.6452138 3727.17 7835
1681054663.6466227 3727.17 7835
1681054663.6479921 3727.17 7835
1681054663.714605 3727.17 7835
1681054663.7161446 3727.17 7835
1681054663.7174706 3727.17 7835
1681054663.7189796 3727.17 7835
1681054663.720541 3727.17 7835
1681054663.7218945 3727.17 7835
1681054663.7232232 3727.17 7835
1681054663.724481 3727.17 7835
1681054663.7257102 3727.17 7835
1681054663.7271707 3727.17 7835
1681054663.7285233 3727.17 7835
1681054663.7297757 3727.17 7835
1681054663.730994 3727.17 7835
1681054663.798639 3727.17 7835
1681054663.8002021 3727.17 7835
1681054663.8015578 3727.17 7835
1681054663.8032627 3727.17 7835
1681054663.8046062 3727.17 7835
1681054663.8061912 3727.17 7835
1681054663.8076816 3727.17 7835
1681054663.809001 3727.17 7835
1681054663.81036 3727.17 7835
1681054663.8116703 3727.17 7835
1681054663.8128934 3727.17 7835
1681054663.814122 3727.17 7835
1681054663.8153317 3727.17 7835
1681054663.8165412 3727.17 7835
1681054663.8838239 3727.17 7835
1681054663.8851898 3727.17 7835
1681054663.8869145 3727.17 7835
1681054663.8882565 3727.17 7835
1681054663.8895829 3727.17 7835
1681054663.8909004 3727.17 7835
1681054663.8922172 3727.17 7835
1681054663.8939016 3727.17 7835
1681054663.8952699 3727.17 7835
1681054663.8965728 3727.17 7835
1681054663.8979115 3727.17 7835
1681054663.8992014 3727.17 7835
1681054663.9004033 3727.17 7835
1681054663.967484 3727.17 7835
1681054663.9690678 3727.17 7835
1681054663.9704654 3727.17 7835
1681054663.9717913 3727.17 7835
1681054663.97329 3727.17 7835
1681054663.974674 3727.17 7835
1681054663.9759905 3727.17 7835
1681054663.9772968 3727.17 7835
1681054663.978745 3727.17 7835
1681054663.9801366 3727.17 7835
1681054663.9814453 3727.17 7835
1681054663.9827192 3727.17 7835
1681054663.9839177 3727.17 7835
1681054663.9851182 3727.17 7835
1681054664.0527856 3727.17 7835
1681054664.054413 3727.17 7835
1681054664.0558016 3727.17 7835
1681054664.057169 3727.17 7835
1681054664.058609 3727.17 7835
1681054664.0599687 3727.17 7835
1681054664.0613532 3727.17 7835
1681054664.0627515 3727.17 7835
1681054664.0640903 3727.17 7835
1681054664.0653636 3727.17 7835
1681054664.0666645 3727.17 7835
1681054664.0680606 3727.17 7835
1681054664.069372 3727.17 7835
1681054664.13602 3727.17 7835
1681054664.1376033 3727.17 7835
1681054664.1389453 3727.17 7835
1681054664.1402507 3727.17 7835
1681054664.1415603 3727.17 7835
1681054664.1428616 3727.17 7835
1681054664.1441557 3727.17 7835
1681054664.1454082 3727.17 7835
1681054664.1466198 3727.17 7835
1681054664.147812 3727.17 7835
1681054664.1492329 3727.17 7835
1681054664.1504853 3727.17 7835
1681054664.1517067 3727.17 7835
1681054664.2200763 3727.17 7835
1681054664.2216592 3727.17 7835
1681054664.2230136 3727.17 7835
1681054664.2243335 3727.17 7835
1681054664.2256842 3727.17 7835
1681054664.2273633 3727.17 7835
1681054664.2286952 3727.17 7835
1681054664.230032 3727.17 7835
1681054664.231341 3727.17 7835
1681054664.2325828 3727.17 7835
1681054664.233816 3727.17 7835
1681054664.235077 3727.17 7835
1681054664.2363088 3727.17 7835
1681054664.2375207 3727.17 7835
1681054664.3051927 3727.17 7835
1681054664.3065443 3727.17 7835
1681054664.3079243 3727.17 7835
1681054664.3091524 3727.17 7835
1681054664.310412 3727.17 7835
1681054664.3116167 3727.17 7835
1681054664.3128994 3727.17 7835
1681054664.3142147 3727.17 7835
1681054664.3154204 3727.17 7835
1681054664.316621 3727.17 7835
1681054664.3178523 3727.17 7835
1681054664.3191698 3727.17 7835
1681054664.3204908 3727.17 7835
1681054664.388855 3727.17 7835
1681054664.390451 3727.17 7835
1681054664.3917856 3727.17 7835
1681054664.3932893 3727.17 7835
1681054664.3949757 3727.17 7835
1681054664.3963535 3727.17 7835
1681054664.397775 3727.17 7835
1681054664.399077 3727.17 7835
1681054664.4004045 3727.17 7835
1681054664.4016366 3727.17 7835
1681054664.4033267 3727.17 7835
1681054664.4045975 3727.17 7835
1681054664.405849 3727.17 7835
1681054664.4072926 3727.17 7835
1681054664.4741323 3727.17 7835
1681054664.4758892 3727.17 7835
1681054664.4773993 3727.17 7835
1681054664.4787135 3727.17 7835
1681054664.4800053 3727.17 7835
1681054664.4812844 3727.17 7835
1681054664.4825351 3727.17 7835
1681054664.4837449 3727.17 7835
1681054664.4849443 3727.17 7835
1681054664.486477 3727.17 7835
1681054664.4878569 3727.17 7835
1681054664.4893384 3727.17 7835
1681054664.490716 3727.17 7835
1681054664.5577037 3727.17 7835
1681054664.5601807 3727.17 7835
1681054664.5624702 3727.17 7835
1681054664.5647273 3727.17 7835
1681054664.5670063 3727.17 7835
1681054664.5692732 3727.17 7835
1681054664.571585 3727.17 7835
1681054664.573836 3727.17 7835
1681054664.5759685 3727.17 7835
1681054664.5775843 3727.17 7835
1681054664.5792067 3727.17 7835
1681054664.5808 3727.17 7835
1681054664.582102 3727.17 7835
1681054664.6415617 3727.17 7835
1681054664.6429312 3727.17 7835
1681054664.6440723 3727.17 7835
1681054664.645191 3727.17 7835
1681054664.6464648 3727.17 7835
1681054664.6477098 3727.17 7835
1681054664.6489184 3727.17 7835
1681054664.650165 3727.17 7835
1681054664.6516702 3727.17 7835
1681054664.6533542 3727.17 7835
1681054664.6547103 3727.17 7835
1681054664.6559331 3727.17 7835
1681054664.657143 3727.17 7835
1681054664.6583908 3727.17 7835
1681054664.726822 3727.17 7835
1681054664.728175 3727.17 7835
1681054664.729541 3727.17 7835
1681054664.730855 3727.17 7835
1681054664.7321637 3727.17 7835
1681054664.7335567 3727.17 7835
1681054664.7349663 3727.17 7835
1681054664.7363055 3727.17 7835
1681054664.7375922 3727.17 7835
1681054664.738803 3727.17 7835
1681054664.7400029 3727.17 7835
1681054664.7412045 3727.17 7835
1681054664.742449 3727.17 7835
1681054664.810244 3727.17 7835
1681054664.811799 3727.17 7835
1681054664.813234 3727.17 7835
1681054664.814605 3727.17 7835
1681054664.8159192 3727.17 7835
1681054664.8171198 3727.17 7835
1681054664.8185039 3727.17 7835
1681054664.8197556 3727.17 7835
1681054664.8209672 3727.17 7835
1681054664.8222008 3727.17 7835
1681054664.8234403 3727.17 7835
1681054664.8246517 3727.17 7835
1681054664.825878 3727.17 7835
1681054664.827087 3727.17 7835
1681054664.8955114 3727.17 7835
1681054664.8970952 3727.17 7835
1681054664.8985655 3727.17 7835
1681054664.8999467 3727.17 7835
1681054664.9014027 3727.17 7835
1681054664.9027913 3727.17 7835
1681054664.904031 3727.17 7835
1681054664.9052384 3727.17 7835
1681054664.9064653 3727.17 7835
1681054664.9076657 3727.17 7835
1681054664.908871 3727.17 7835
1681054664.9101021 3727.17 7835
1681054664.911329 3727.17 7835
1681054664.979001 3727.17 7835
1681054664.9806387 3727.17 7835
1681054664.9821355 3727.17 7835
1681054664.9834616 3727.17 7835
1681054664.9850366 3727.17 7835
1681054664.9866128 3727.17 7835
1681054664.987941 3727.17 7835
1681054664.989244 3727.17 7835
1681054664.9905884 3727.17 7835
1681054664.991893 3727.17 7835
1681054664.9932 3727.17 7835
1681054664.994545 3727.17 7835
1681054664.9958937 3727.17 7835
1681054664.9970946 3727.17 7835
1681054665.0643568 3727.17 7835
1681054665.0658045 3727.17 7835
1681054665.067186 3727.17 7835
1681054665.0684383 3727.17 7835
1681054665.070111 3727.17 7835
1681054665.0714014 3727.17 7835
1681054665.0728655 3727.17 7835
1681054665.0745323 3727.17 7835
1681054665.0760005 3727.17 7835
1681054665.0772839 3727.17 7835
1681054665.0785751 3727.17 7835
1681054665.0799646 3727.17 7835
1681054665.0812445 3727.17 7835
1681054665.1483655 3727.17 7835
1681054665.1498365 3727.17 7835
1681054665.151263 3727.17 7835
1681054665.1529758 3727.17 7835
1681054665.1547003 3727.17 7835
1681054665.1561975 3727.17 7835
1681054665.1576164 3727.17 7835
1681054665.158895 3727.17 7835
1681054665.1601892 3727.17 7835
1681054665.16144 3727.17 7835
1681054665.1627126 3727.17 7835
1681054665.163952 3727.17 7835
1681054665.1652153 3727.17 7835
1681054665.2317407 3727.17 7835
1681054665.2333786 3727.17 7835
1681054665.234823 3727.17 7835
1681054665.2365324 3727.17 7835
1681054665.2384758 3727.17 7835
1681054665.2398741 3727.17 7835
1681054665.2412937 3727.17 7835
1681054665.242681 3727.17 7835
1681054665.2440202 3727.17 7835
1681054665.2452807 3727.17 7835
1681054665.2465515 3727.17 7835
1681054665.248008 3727.17 7835
1681054665.2494102 3727.17 7835
1681054665.250716 3727.17 7835
1681054665.316908 3727.17 7835
1681054665.318278 3727.17 7835
1681054665.3195722 3727.17 7835
1681054665.320837 3727.17 7835
1681054665.322131 3727.17 7835
1681054665.3233776 3727.17 7835
1681054665.3246183 3727.17 7835
1681054665.3258867 3727.17 7835
1681054665.3271759 3727.17 7835
1681054665.328444 3727.17 7835
1681054665.3297305 3727.17 7835
1681054665.330992 3727.17 7835
1681054665.3323007 3727.17 7835
1681054665.4005 3727.17 7835
1681054665.402134 3727.17 7835
1681054665.4035816 3727.17 7835
1681054665.4049563 3727.17 7835
1681054665.406387 3727.17 7835
1681054665.407764 3727.17 7835
1681054665.4096043 3727.17 7835
1681054665.4110746 3727.17 7835
1681054665.4124305 3727.17 7835
1681054665.4137428 3727.17 7835
1681054665.415024 3727.17 7835
1681054665.4163008 3727.17 7835
1681054665.4175684 3727.17 7835
1681054665.4188197 3727.17 7835
1681054665.4857156 3727.17 7835
1681054665.4870377 3727.17 7835
1681054665.4883192 3727.17 7835
1681054665.48958 3727.17 7835
1681054665.4908493 3727.17 7835
1681054665.4921825 3727.17 7835
1681054665.49348 3727.17 7835
1681054665.4947891 3727.17 7835
1681054665.4960322 3727.17 7835
1681054665.497292 3727.17 7835
1681054665.498565 3727.17 7835
1681054665.4998045 3727.17 7835
1681054665.5011096 3727.17 7835
1681054665.5697725 3727.17 7835
1681054665.571282 3727.17 7835
1681054665.5726693 3727.17 7835
1681054665.574107 3727.17 7835
1681054665.5755162 3727.17 7835
1681054665.5768893 3727.17 7835
1681054665.5783284 3727.17 7835
1681054665.5796907 3727.17 7835
1681054665.580992 3727.17 7835
1681054665.5823119 3727.17 7835
1681054665.5836513 3727.17 7835
1681054665.5849493 3727.17 7835
1681054665.5862675 3727.17 7835
1681054665.6531167 3727.17 7835
1681054665.6546385 3727.17 7835
1681054665.6559467 3727.17 7835
1681054665.657241 3727.17 7835
1681054665.658615 3727.17 7835
1681054665.6598685 3727.17 7835
1681054665.6611474 3727.17 7835
1681054665.6624346 3727.17 7835
1681054665.6636817 3727.17 7835
1681054665.6649308 3727.17 7835
1681054665.6662507 3727.17 7835
1681054665.6675014 3727.17 7835
1681054665.6687858 3727.17 7835
1681054665.670069 3727.17 7835
1681054665.738376 3727.17 7835
1681054665.7398129 3727.17 7835
1681054665.7412114 3727.17 7835
1681054665.7426147 3727.17 7835
1681054665.74391 3727.17 7835
1681054665.7452054 3727.17 7835
1681054665.7464936 3727.17 7835
1681054665.7477536 3727.17 7835
1681054665.7489977 3727.17 7835
1681054665.7503226 3727.17 7835
1681054665.751604 3727.17 7835
1681054665.7528818 3727.17 7835
1681054665.7542026 3727.17 7835
1681054665.821921 3727.17 7835
1681054665.8235214 3727.17 7835
1681054665.8248925 3727.17 7835
1681054665.8263566 3727.17 7835
1681054665.8277314 3727.17 7835
1681054665.8292677 3727.17 7835
1681054665.8306944 3727.17 7835
1681054665.8319848 3727.17 7835
1681054665.8333027 3727.17 7835
1681054665.8346262 3727.17 7835
1681054665.8361204 3727.17 7835
1681054665.8374183 3727.17 7835
1681054665.8387291 3727.17 7835
1681054665.9061656 3727.17 7835
1681054665.9076447 3727.17 7835
1681054665.9089613 3727.17 7835
1681054665.9103024 3727.17 7835
1681054665.9117637 3727.17 7835
1681054665.9130304 3727.17 7835
1681054665.9143538 3727.17 7835
1681054665.9156086 3727.17 7835
1681054665.9169998 3727.17 7835
1681054665.9184353 3727.17 7835
1681054665.9198306 3727.17 7835
1681054665.9211273 3727.17 7835
1681054665.922458 3727.17 7835
