1681054222.8631523 0.00 0
1681054222.9826105 0.00 0
1681054222.9840198 0.00 0
1681054222.9852576 0.00 0
1681054222.986519 0.00 0
1681054222.9877293 0.00 0
1681054222.9890776 0.00 0
1681054222.990363 0.00 0
1681054222.9915571 0.00 0
1681054222.9927535 0.00 0
1681054222.9939842 0.00 0
1681054222.99517 0.00 0
1681054222.9963892 0.00 0
1681054222.997618 0.00 0
1681054222.9988275 0.00 0
1681054223.0000627 0.00 0
1681054223.0012636 0.00 0
1681054223.065926 0.00 0
1681054223.0675416 0.00 0
1681054223.068904 0.00 0
1681054223.0704114 0.00 0
1681054223.0719087 0.00 0
1681054223.0734313 0.00 0
1681054223.0748844 0.00 0
1681054223.076301 0.00 0
1681054223.077637 0.00 0
1681054223.078833 0.00 0
1681054223.0800428 0.00 0
1681054223.0812502 0.00 0
1681054223.0825887 0.00 0
1681054223.0837538 0.00 0
1681054223.0849345 0.00 0
1681054223.086222 0.00 0
1681054223.0874126 0.00 0
1681054223.1511495 0.00 0
1681054223.1524513 0.00 0
1681054223.1537573 0.00 0
1681054223.1550155 0.00 0
1681054223.1562526 0.00 0
1681054223.1575122 0.00 0
1681054223.1589093 0.00 0
1681054223.1601088 0.00 0
1681054223.161257 0.00 0
1681054223.162442 0.00 0
1681054223.1635807 0.00 0
1681054223.165083 0.00 0
1681054223.1664653 0.00 0
1681054223.1677496 0.00 0
1681054223.1689062 0.00 0
1681054223.1700816 0.00 0
1681054223.1712186 0.00 0
1681054223.2356536 0.00 0
1681054223.2370496 0.00 0
1681054223.2383792 0.00 0
1681054223.2395344 0.00 0
1681054223.240681 0.00 0
1681054223.2418525 0.00 0
1681054223.2430947 0.32 325
1681054223.244302 2.86 332
1681054223.245507 6.35 337
1681054223.2466772 9.85 343
1681054223.2478535 13.39 349
1681054223.2490354 18.90 354
1681054223.250353 25.82 360
1681054223.251571 32.29 365
1681054223.252767 39.17 371
1681054223.318891 46.12 376
1681054223.320347 53.00 382
1681054223.3216093 60.08 388
1681054223.3228424 67.11 394
1681054223.324036 73.99 399
1681054223.3252268 80.83 405
1681054223.326532 87.14 410
1681054223.327709 93.94 416
1681054223.3288145 100.25 421
1681054223.330043 105.76 428
1681054223.3311677 110.63 434
1681054223.332344 115.09 439
1681054223.3335388 121.76 445
1681054223.334653 128.76 451
1681054223.335749 135.96 456
1681054223.4038558 142.75 462
1681054223.4051144 147.26 468
1681054223.4063897 151.16 474
1681054223.40761 154.98 480
1681054223.4088304 158.72 485
1681054223.4100883 162.58 491
1681054223.411319 166.48 497
1681054223.4124253 171.14 502
1681054223.4135551 175.44 508
1681054223.4146683 181.47 515
1681054223.415758 187.71 520
1681054223.4168522 193.94 526
1681054223.4179769 200.01 532
1681054223.419077 206.36 537
1681054223.4202116 212.39 543
1681054223.488458 218.71 549
1681054223.4899268 225.18 555
1681054223.4913344 231.17 561
1681054223.4928372 237.60 566
1681054223.4943213 243.91 572
1681054223.495719 249.91 578
1681054223.497122 255.90 583
1681054223.4985354 261.65 589
1681054223.4998608 267.48 595
1681054223.5012367 273.19 601
1681054223.5025759 278.54 607
1681054223.5038388 283.89 613
1681054223.50519 289.48 618
1681054223.5066168 295.68 624
1681054223.5718162 302.23 630
1681054223.5736976 308.79 635
1681054223.5751445 315.10 642
1681054223.5765324 321.42 647
1681054223.5779355 327.37 653
1681054223.5793324 333.57 659
1681054223.5806978 340.28 664
1681054223.5821364 347.08 670
1681054223.5836475 353.76 676
1681054223.5850194 360.39 681
1681054223.586633 366.91 688
1681054223.5880058 373.55 694
1681054223.5894167 378.73 699
1681054223.5907595 384.12 705
1681054223.5920446 389.31 711
1681054223.6569834 394.42 716
1681054223.6584938 399.33 722
1681054223.6599677 404.48 728
1681054223.6613977 409.55 734
1681054223.6627924 414.85 740
1681054223.6641326 421.85 745
1681054223.6655452 428.57 751
1681054223.66709 435.73 757
1681054223.6683676 442.73 762
1681054223.6696632 449.57 769
1681054223.671172 456.36 775
1681054223.6724887 463.24 780
1681054223.6738124 469.96 786
1681054223.6751244 476.80 792
1681054223.7402523 483.63 797
1681054223.741892 490.35 803
1681054223.7433012 497.47 809
1681054223.7446694 504.35 815
1681054223.746069 511.11 821
1681054223.7474122 517.62 826
1681054223.7487514 523.86 832
1681054223.75013 530.45 838
1681054223.7515013 536.65 843
1681054223.7528596 542.84 849
1681054223.754257 549.12 856
1681054223.7555149 555.83 861
1681054223.7567532 562.15 867
1681054223.7580388 568.62 873
1681054223.7592757 575.10 878
1681054223.8255002 581.54 884
1681054223.826993 588.09 890
1681054223.8283365 594.61 896
1681054223.829686 600.80 902
1681054223.8310308 606.51 907
1681054223.832281 613.43 913
1681054223.8336873 620.59 919
1681054223.8349187 627.75 924
1681054223.8361232 634.71 930
1681054223.8373594 641.91 936
1681054223.838572 648.87 942
1681054223.8397672 655.79 948
1681054223.84096 662.74 954
1681054223.8422074 669.42 959
1681054223.8434606 675.98 965
1681054223.9100034 682.94 971
1681054223.9113789 689.93 976
1681054223.9126968 696.45 983
1681054223.914037 703.21 989
1681054223.9153953 709.68 994
1681054223.9168158 716.12 1000
1681054223.9182885 722.84 1006
1681054223.9196892 729.47 1012
1681054223.9210644 736.39 1018
1681054223.9223907 742.95 1025
1681054223.923697 749.62 1031
1681054223.9249856 756.50 1037
1681054223.926347 763.22 1043
1681054223.9277172 770.30 1049
1681054223.9942977 776.73 1055
1681054223.996092 781.84 1061
1681054223.9975014 789.20 1068
1681054223.9989452 796.72 1073
1681054224.0002894 803.36 1080
1681054224.0016642 810.56 1085
1681054224.0030146 817.72 1091
1681054224.0044038 825.12 1097
1681054224.0057755 832.68 1103
1681054224.0071294 839.92 1110
1681054224.0083842 847.24 1116
1681054224.0100074 854.52 1122
1681054224.0112672 861.52 1128
1681054224.07746 867.92 1134
1681054224.079086 874.75 1140
1681054224.0804675 881.55 1146
1681054224.081864 888.59 1153
1681054224.0833025 895.31 1159
1681054224.084597 901.86 1165
1681054224.0858824 908.98 1171
1681054224.0871227 915.66 1177
1681054224.088351 922.86 1183
1681054224.0896049 929.05 1189
1681054224.0908403 933.52 1196
1681054224.0920703 939.75 1202
1681054224.0933158 946.67 1208
1681054224.0945802 953.27 1214
1681054224.161893 959.38 1220
1681054224.1635275 966.38 1226
1681054224.1649082 973.14 1232
1681054224.1662943 979.98 1239
1681054224.1676419 987.05 1245
1681054224.168975 993.73 1251
1681054224.1703496 1000.37 1257
1681054224.1716983 1007.09 1263
1681054224.1729906 1014.37 1269
1681054224.1742613 1020.88 1275
1681054224.1755135 1027.91 1283
1681054224.1767867 1034.86 1289
1681054224.17807 1042.29 1295
1681054224.179313 1049.12 1301
1681054224.247187 1056.31 1307
1681054224.248648 1062.41 1313
1681054224.250127 1066.63 1319
1681054224.251535 1073.22 1327
1681054224.2529216 1080.16 1333
1681054224.2543697 1085.59 1339
1681054224.2561014 1092.17 1345
1681054224.257514 1099.72 1351
1681054224.258922 1106.63 1357
1681054224.2602372 1113.74 1363
1681054224.2615066 1120.97 1371
1681054224.2627623 1127.15 1377
1681054224.2640085 1133.78 1383
1681054224.3305113 1140.77 1389
1681054224.332151 1147.72 1395
1681054224.3336868 1154.70 1401
1681054224.3354273 1161.73 1408
1681054224.3368356 1168.60 1415
1681054224.3381748 1175.63 1421
1681054224.3394449 1183.10 1427
1681054224.340696 1188.28 1433
1681054224.3419847 1192.58 1439
1681054224.3432262 1198.68 1445
1681054224.3444655 1204.62 1452
1681054224.3457499 1209.48 1459
1681054224.3470001 1216.63 1465
1681054224.3485646 1223.62 1471
1681054224.4160295 1229.97 1477
1681054224.4174938 1237.23 1483
1681054224.4188867 1243.54 1489
1681054224.4201505 1248.60 1496
1681054224.4214635 1255.47 1503
1681054224.4227378 1262.38 1509
1681054224.4239864 1269.56 1515
1681054224.4252462 1276.71 1521
1681054224.4265394 1283.86 1527
1681054224.4279785 1288.40 1533
1681054224.4294786 1292.90 1540
1681054224.4307487 1298.72 1547
1681054224.4320147 1302.86 1553
1681054224.4998415 1306.91 1559
1681054224.5014377 1311.01 1565
1681054224.5028505 1315.15 1571
1681054224.504211 1319.20 1577
1681054224.5055816 1324.91 1584
1681054224.5069377 1329.24 1591
1681054224.5084815 1333.26 1597
1681054224.51006 1337.48 1603
1681054224.511324 1341.53 1609
1681054224.5125957 1345.71 1615
1681054224.514021 1349.89 1622
1681054224.5152931 1356.95 1628
1681054224.5165372 1361.33 1635
1681054224.5832837 1365.43 1641
1681054224.5850303 1371.98 1647
1681054224.5864806 1376.96 1653
1681054224.5878432 1381.13 1659
1681054224.5892656 1386.51 1666
1681054224.590689 1392.22 1672
1681054224.592195 1396.31 1679
1681054224.5936992 1400.41 1685
1681054224.595071 1405.19 1691
1681054224.59642 1409.53 1697
1681054224.597814 1413.62 1703
1681054224.5991197 1418.56 1710
1681054224.6003618 1425.27 1716
1681054224.6016326 1429.37 1723
1681054224.6685207 1433.46 1729
1681054224.6700232 1439.25 1735
1681054224.6714647 1443.42 1741
1681054224.6729212 1447.48 1747
1681054224.6743636 1452.34 1754
1681054224.6759431 1459.49 1760
1681054224.6774018 1466.03 1767
1681054224.6787732 1471.45 1773
1681054224.680054 1478.36 1779
1681054224.6813364 1485.63 1785
1681054224.682617 1491.90 1792
1681054224.6838753 1498.76 1798
1681054224.685152 1505.71 1804
1681054224.7520676 1510.17 1811
1681054224.7538748 1514.27 1817
1681054224.7552617 1518.80 1823
1681054224.7566192 1524.83 1829
1681054224.7580006 1529.17 1836
1681054224.7595735 1533.26 1842
1681054224.760969 1539.17 1848
1681054224.7623649 1545.99 1855
1681054224.7637293 1550.25 1861
1681054224.7650828 1554.63 1867
1681054224.766452 1560.81 1873
1681054224.7678518 1565.07 1880
1681054224.7691538 1569.13 1886
1681054224.770415 1574.19 1892
1681054224.8372412 1581.50 1899
1681054224.8386874 1588.52 1905
1681054224.8400614 1595.63 1911
1681054224.8415756 1602.82 1917
1681054224.8429887 1610.01 1924
1681054224.844241 1617.12 1930
1681054224.8455234 1624.07 1936
1681054224.8467848 1631.09 1943
1681054224.8480604 1636.72 1949
1681054224.849335 1640.77 1955
1681054224.8505914 1644.91 1961
1681054224.8518295 1650.97 1968
1681054224.8530667 1656.56 1974
1681054224.9212432 1660.73 1980
1681054224.9226782 1665.27 1987
1681054224.9240477 1672.30 1993
1681054224.925463 1678.48 1999
1681054224.9271755 1682.66 2006
1681054224.9285605 1687.48 2012
1681054224.929957 1691.78 2018
1681054224.931321 1695.91 2024
1681054224.932684 1700.05 2031
1681054224.934339 1705.79 2037
1681054224.935744 1712.54 2043
1681054224.9370039 1719.61 2050
1681054224.9382741 1726.32 2056
1681054225.004681 1733.51 2062
1681054225.0064087 1740.77 2068
1681054225.0077891 1747.80 2075
1681054225.009582 1754.71 2081
1681054225.0109844 1761.94 2087
1681054225.0123477 1767.20 2094
1681054225.0139625 1771.34 2100
1681054225.0155149 1775.63 2106
1681054225.016879 1781.78 2112
1681054225.018254 1786.88 2119
1681054225.0195649 1791.22 2125
1681054225.0210795 1796.28 2131
1681054225.0226228 1803.39 2138
1681054225.0239983 1809.33 2144
1681054225.0900028 1813.87 2150
1681054225.0914714 1820.25 2156
1681054225.0929482 1826.12 2163
1681054225.0943534 1830.29 2169
1681054225.0957162 1834.59 2176
1681054225.0970702 1841.26 2182
1681054225.0984461 1848.53 2188
1681054225.099774 1855.52 2194
1681054225.1010127 1862.54 2200
1681054225.1023495 1869.53 2207
1681054225.1036239 1876.48 2213
1681054225.104866 1883.75 2220
1681054225.1061528 1890.86 2226
1681054225.1734478 1898.09 2232
1681054225.175255 1903.19 2238
1681054225.1766915 1907.24 2244
1681054225.1781485 1911.86 2251
1681054225.1795454 1918.25 2257
1681054225.1809266 1923.83 2264
1681054225.1823604 1928.13 2270
1681054225.1837819 1933.23 2276
1681054225.1851966 1940.17 2282
1681054225.186534 1946.92 2288
1681054225.1878295 1952.87 2295
1681054225.1891232 1959.21 2301
1681054225.190442 1965.11 2308
1681054225.1917272 1969.17 2314
1681054225.2587464 1973.43 2320
1681054225.260211 1980.09 2326
1681054225.2616117 1987.20 2332
1681054225.2630758 1994.55 2339
1681054225.2644877 2001.50 2345
1681054225.2658715 2008.89 2352
1681054225.2672193 2015.96 2358
1681054225.2685683 2023.19 2364
1681054225.269944 2030.30 2370
1681054225.27129 2037.57 2376
1681054225.272626 2042.79 2383
1681054225.2740042 2046.80 2390
1681054225.275357 2051.11 2396
1681054225.3427525 2057.55 2402
1681054225.3442163 2062.67 2408
1681054225.3456373 2066.94 2414
1681054225.3470137 2072.10 2420
1681054225.3483691 2079.31 2427
1681054225.3498514 2085.47 2434
1681054225.3512492 2089.78 2440
1681054225.3526282 2096.11 2446
1681054225.3540218 2101.34 2452
1681054225.355504 2105.45 2458
1681054225.3568609 2109.52 2464
1681054225.358469 2116.01 2470
1681054225.3599038 2123.10 2478
1681054225.4262252 2130.06 2484
1681054225.4279842 2137.15 2490
1681054225.429824 2144.69 2496
1681054225.4313657 2151.98 2502
1681054225.4328508 2158.91 2508
1681054225.4344773 2166.12 2514
1681054225.4360712 2173.21 2522
1681054225.4375846 2177.52 2528
1681054225.4390154 2181.55 2534
1681054225.4403858 2186.74 2540
1681054225.4418166 2192.30 2546
1681054225.443563 2196.81 2552
1681054225.4451632 2201.08 2560
1681054225.4466405 2207.37 2566
1681054225.5113447 2214.18 2572
1681054225.5127168 2218.32 2578
1681054225.514236 2222.64 2584
1681054225.5155685 2229.04 2590
1681054225.5168743 2233.15 2596
1681054225.5182593 2237.22 2604
1681054225.519594 2242.05 2610
1681054225.520895 2249.18 2616
1681054225.5222535 2256.39 2622
1681054225.5235622 2263.36 2628
1681054225.5248747 2270.57 2634
1681054225.5264196 2277.78 2640
1681054225.527762 2284.83 2647
1681054225.594621 2291.80 2654
1681054225.595373 2299.09 2660
1681054225.5959716 2304.17 2666
1681054225.5966532 2308.20 2672
1681054225.597377 2312.55 2678
1681054225.5980744 2318.63 2684
1681054225.5987537 2323.18 2691
1681054225.599449 2327.37 2698
1681054225.6001296 2332.77 2704
1681054225.6008039 2339.54 2710
1681054225.6015098 2344.29 2716
1681054225.6022015 2348.52 2722
1681054225.6028702 2354.88 2728
1681054225.6035557 2359.11 2735
1681054225.6801836 2363.34 2742
1681054225.681675 2368.06 2748
1681054225.6831508 2374.78 2754
1681054225.6845798 2381.83 2760
1681054225.6859734 2387.96 2766
1681054225.6874113 2394.93 2772
1681054225.6888185 2401.98 2779
1681054225.6901164 2408.70 2786
1681054225.6913633 2415.71 2792
1681054225.692607 2422.84 2798
1681054225.693913 2427.72 2804
1681054225.6951723 2431.87 2810
1681054225.696411 2436.46 2817
1681054225.7635908 2442.54 2823
1681054225.7653718 2446.85 2830
1681054225.7668784 2451.00 2836
1681054225.7683628 2456.48 2842
1681054225.769712 2463.41 2848
1681054225.771046 2467.56 2854
1681054225.7723694 2471.67 2861
1681054225.7737412 2478.07 2867
1681054225.7753458 2482.22 2874
1681054225.776775 2486.37 2880
1681054225.7781632 2491.16 2886
1681054225.7795072 2498.41 2892
1681054225.7809846 2505.34 2898
1681054225.847569 2511.79 2905
1681054225.8491716 2518.68 2912
1681054225.8506021 2525.77 2918
1681054225.8520148 2532.45 2924
1681054225.853447 2539.06 2930
1681054225.8548217 2546.19 2936
1681054225.8565242 2551.06 2942
1681054225.8580499 2555.09 2949
1681054225.8597453 2559.40 2955
1681054225.8611114 2565.36 2962
1681054225.8626254 2569.80 2968
1681054225.8638668 2574.11 2974
1681054225.865095 2579.62 2980
1681054225.8663743 2586.84 2987
1681054225.932189 2592.11 2993
1681054225.9329731 2596.54 2999
1681054225.9337826 2603.03 3006
1681054225.9346263 2607.54 3012
1681054225.9355195 2611.69 3018
1681054225.9364133 2616.28 3024
1681054225.9373207 2623.21 3031
1681054225.9382257 2630.06 3037
1681054225.9391115 2637.19 3043
1681054225.9399672 2643.96 3050
1681054225.940804 2651.13 3056
1681054225.9417572 2657.90 3062
1681054225.942744 2665.07 3068
1681054226.0161545 2672.24 3075
1681054226.0170686 2679.16 3081
1681054226.0178392 2683.35 3087
1681054226.0185406 2687.38 3094
1681054226.0192428 2692.50 3100
1681054226.019941 2698.50 3106
1681054226.020706 2703.17 3112
1681054226.0213988 2707.28 3119
1681054226.0220716 2713.65 3125
1681054226.0227306 2720.62 3131
1681054226.0233843 2726.90 3138
1681054226.0240395 2732.54 3144
1681054226.0246966 2739.39 3150
1681054226.0253599 2744.10 3156
1681054226.1015723 2748.29 3163
1681054226.1030142 2753.41 3169
1681054226.1043925 2760.34 3175
1681054226.106297 2767.51 3182
1681054226.108041 2774.39 3188
1681054226.1099265 2781.73 3194
1681054226.1112947 2789.10 3201
1681054226.1126297 2796.15 3207
1681054226.1139948 2803.44 3213
1681054226.1153235 2810.61 3219
1681054226.1166232 2818.02 3226
1681054226.117871 2822.57 3232
1681054226.1191015 2826.64 3238
1681054226.1849391 2831.60 3245
1681054226.186695 2838.08 3251
1681054226.1881557 2843.16 3257
1681054226.189604 2847.51 3263
1681054226.1910741 2853.07 3270
1681054226.192419 2859.83 3276
1681054226.1937761 2866.56 3282
1681054226.195105 2873.13 3289
1681054226.1964178 2880.18 3295
1681054226.1977556 2885.98 3301
1681054226.1990871 2890.21 3307
1681054226.200411 2894.52 3314
1681054226.2017584 2900.64 3320
1681054226.2690678 2907.97 3326
1681054226.270862 2915.18 3333
1681054226.2724018 2922.35 3339
1681054226.2745845 2929.28 3345
1681054226.2766025 2936.57 3351
1681054226.2779882 2943.58 3358
1681054226.2793176 2950.71 3364
1681054226.28063 2957.84 3371
1681054226.28196 2964.53 3377
1681054226.2832694 2968.64 3383
1681054226.2845998 2972.79 3389
1681054226.2859473 2978.39 3395
1681054226.287272 2984.11 3402
1681054226.288584 2988.46 3408
1681054226.3544724 2992.85 3415
1681054226.3559175 2999.46 3421
1681054226.3572607 3006.75 3427
1681054226.3587794 3012.99 3433
1681054226.360234 3018.95 3439
1681054226.3615942 3025.88 3446
1681054226.362939 3030.92 3452
1681054226.364297 3035.59 3459
1681054226.3656476 3040.71 3465
1681054226.3669736 3047.80 3471
1681054226.3683074 3054.68 3477
1681054226.3696656 3061.61 3483
1681054226.3709874 3068.82 3490
1681054226.437748 3076.03 3496
1681054226.4395354 3083.33 3503
1681054226.4410322 3090.42 3509
1681054226.4425566 3097.55 3515
1681054226.4441173 3104.92 3521
1681054226.4455109 3110.56 3527
1681054226.4468627 3114.63 3534
1681054226.4482365 3119.06 3540
1681054226.4496632 3126.39 3547
1681054226.4510407 3132.47 3553
1681054226.4523573 3136.86 3559
1681054226.45371 3141.54 3565
1681054226.4550462 3148.79 3571
1681054226.4563706 3155.47 3578
1681054226.5230637 3162.04 3585
1681054226.524567 3168.57 3591
1681054226.5261974 3175.01 3597
1681054226.5275884 3179.20 3603
1681054226.528976 3183.35 3609
1681054226.530422 3189.55 3615
1681054226.531785 3196.60 3622
1681054226.5331473 3203.61 3629
1681054226.534546 3210.78 3635
1681054226.5358987 3217.87 3641
1681054226.5372162 3225.36 3647
1681054226.5386157 3232.54 3653
1681054226.5399702 3239.75 3659
1681054226.6063735 3246.71 3666
1681054226.607975 3252.19 3673
1681054226.6095328 3256.26 3679
1681054226.610789 3260.45 3685
1681054226.6120138 3266.45 3691
1681054226.6132357 3272.05 3697
1681054226.6144962 3276.32 3703
1681054226.615702 3280.75 3710
1681054226.6169126 3288.01 3717
1681054226.618218 3293.77 3723
1681054226.6194437 3298.28 3729
1681054226.6206603 3303.63 3735
1681054226.6219008 3309.23 3741
1681054226.6904685 3313.30 3747
1681054226.6922355 3317.45 3755
1681054226.6936688 3323.41 3761
1681054226.6951191 3330.54 3767
1681054226.6964834 3337.47 3773
1681054226.6978421 3344.00 3779
1681054226.6993241 3351.05 3785
1681054226.700682 3358.18 3791
1681054226.7020376 3364.99 3799
1681054226.7033863 3371.79 3805
1681054226.7047198 3379.17 3811
1681054226.706075 3383.72 3817
1681054226.7074294 3387.91 3823
1681054226.7088656 3392.78 3829
1681054226.775833 3398.82 3835
1681054226.7775323 3403.26 3843
1681054226.7790806 3407.44 3849
1681054226.780516 3413.29 3855
1681054226.781908 3420.09 3861
1681054226.783269 3424.81 3867
1681054226.784621 3429.00 3873
1681054226.7860143 3435.68 3879
1681054226.7873704 3440.07 3887
1681054226.7887297 3444.18 3893
1681054226.7901337 3448.86 3899
1681054226.7914698 3455.95 3905
1681054226.7928917 3463.04 3911
1681054226.8592622 3469.96 3917
1681054226.8608878 3476.97 3923
1681054226.8623636 3484.35 3931
1681054226.863764 3491.48 3937
1681054226.865175 3498.32 3943
1681054226.8666008 3505.74 3949
1681054226.8679702 3511.82 3955
1681054226.8693886 3515.97 3961
1681054226.8709826 3520.08 3968
1681054226.872422 3525.76 3975
1681054226.8737593 3530.99 3981
1681054226.8751519 3535.14 3987
1681054226.8764575 3539.49 3993
1681054226.877768 3546.50 3999
1681054226.944423 3551.74 4005
1681054226.9458718 3555.89 4012
1681054226.9472365 3561.77 4019
1681054226.948582 3566.68 4025
1681054226.9499986 3570.79 4031
1681054226.9515936 3574.94 4037
1681054226.9531384 3581.51 4043
1681054226.9544868 3588.76 4049
1681054226.9557521 3595.49 4056
1681054226.9570363 3601.93 4063
1681054226.9586627 3608.98 4069
1681054226.9599411 3615.67 4075
1681054226.9612103 3621.83 4081
1681054227.0278718 3629.08 4087
1681054227.0295675 3634.92 4093
1681054227.0310974 3639.03 4100
1681054227.0325134 3643.14 4107
1681054227.0339253 3648.74 4113
1681054227.035336 3653.41 4119
1681054227.0367124 3657.48 4125
1681054227.0381243 3662.24 4131
1681054227.0394917 3669.12 4137
1681054227.040858 3673.92 4144
1681054227.0422764 3678.03 4151
1681054227.0436404 3684.27 4157
1681054227.0451097 3688.62 4163
1681054227.0465333 3692.65 4169
1681054227.113199 3696.84 4175
1681054227.114717 3703.97 4182
1681054227.11618 3711.14 4188
1681054227.117559 3717.34 4195
1681054227.1189175 3723.79 4201
1681054227.1202617 3730.80 4207
1681054227.1216288 3736.84 4213
1681054227.1229842 3742.88 4219
1681054227.124337 3750.38 4226
1681054227.1257398 3755.05 4232
1681054227.1270833 3759.16 4239
1681054227.128426 3763.35 4245
1681054227.1299407 3768.70 4251
1681054227.1970856 3773.14 4257
1681054227.1985488 3777.24 4263
1681054227.1999173 3783.09 4270
1681054227.2012594 3789.73 4276
1681054227.202615 3793.92 4283
1681054227.2039452 3798.07 4289
1681054227.20528 3804.07 4295
1681054227.206628 3808.14 4301
1681054227.2079554 3812.25 4307
1681054227.209371 3817.25 4314
1681054227.2107413 3824.58 4320
1681054227.212084 3831.63 4327
1681054227.213444 3838.07 4333
1681054227.2806075 3844.96 4339
1681054227.282354 3852.17 4345
1681054227.2838728 3858.74 4352
1681054227.28544 3865.55 4358
1681054227.2868483 3872.72 4364
1681054227.2882307 3877.67 4371
1681054227.289624 3881.74 4377
1681054227.291084 3885.97 4383
1681054227.2924714 3892.13 4389
1681054227.2938743 3896.56 4396
1681054227.2952826 3900.83 4402
1681054227.2966487 3906.27 4408
1681054227.2980587 3913.52 4415
1681054227.2994223 3918.28 4421
1681054227.3658996 3922.79 4427
1681054227.3672957 3929.68 4433
1681054227.368636 3934.63 4440
1681054227.3700047 3938.82 4446
1681054227.3713367 3943.29 4452
1681054227.3726482 3950.26 4459
1681054227.373906 3957.15 4465
1681054227.3752277 3964.24 4471
1681054227.3765619 3971.17 4477
1681054227.3778427 3978.22 4484
1681054227.3790772 3985.67 4490
1681054227.3803039 3992.92 4496
1681054227.381558 4000.21 4503
1681054227.4494362 4007.26 4509
1681054227.4512024 4011.45 4515
1681054227.452636 4015.52 4521
1681054227.4540744 4021.16 4528
1681054227.4555984 4027.12 4534
1681054227.4570494 4031.59 4540
1681054227.4585397 4035.86 4547
1681054227.4604158 4041.91 4553
1681054227.4628587 4049.08 4559
1681054227.4650536 4055.96 4566
1681054227.4665656 4062.01 4572
1681054227.4679193 4069.10 4578
1681054227.4693923 4074.41 4584
1681054227.4707527 4078.64 4591
1681054227.534614 4083.76 4597
1681054227.5360599 4090.81 4603
1681054227.537717 4097.57 4610
1681054227.539163 4104.25 4616
1681054227.5406451 4110.98 4622
1681054227.542168 4118.23 4628
1681054227.5435085 4124.43 4635
1681054227.5447373 4131.40 4641
1681054227.5460398 4138.29 4647
1681054227.5473657 4145.29 4654
1681054227.5486226 4150.74 4660
1681054227.5499008 4154.78 4666
1681054227.5511367 4159.07 4672
1681054227.6187308 4166.27 4679
1681054227.6203046 4172.08 4685
1681054227.6218176 4176.28 4691
1681054227.6232927 4180.53 4698
1681054227.6250017 4187.93 4704
1681054227.6264322 4194.90 4710
1681054227.6277845 4201.63 4716
1681054227.6291203 4208.19 4723
1681054227.6304684 4215.20 4729
1681054227.6317866 4220.45 4736
1681054227.6331108 4226.01 4742
1681054227.6344635 4232.70 4748
1681054227.6358225 4239.83 4754
1681054227.7021182 4246.87 4760
1681054227.703755 4253.76 4767
1681054227.7052066 4260.57 4773
1681054227.7067816 4267.61 4780
1681054227.7083488 4274.42 4786
1681054227.7098145 4281.67 4792
1681054227.7113724 4288.67 4798
1681054227.7129297 4295.76 4804
1681054227.7144105 4301.37 4811
1681054227.7158198 4305.45 4817
1681054227.7172232 4309.69 4824
1681054227.7186558 4316.78 4830
1681054227.7200065 4322.79 4836
1681054227.7213674 4327.27 4842
1681054227.7874925 4332.20 4848
1681054227.7890382 4339.60 4855
1681054227.7904654 4346.01 4861
1681054227.7918448 4352.70 4868
1681054227.7932284 4359.26 4874
1681054227.7946298 4366.39 4880
1681054227.7960074 4371.23 4886
1681054227.797386 4375.52 4892
1681054227.7991164 4381.68 4899
1681054227.8005128 4388.53 4905
1681054227.801971 4395.66 4912
1681054227.8033347 4402.94 4918
1681054227.8046844 4409.75 4924
1681054227.8709233 4416.84 4930
1681054227.8736856 4423.81 4936
1681054227.8757398 4430.77 4943
1681054227.8772871 4437.42 4950
1681054227.8788927 4444.27 4956
1681054227.8803148 4448.95 4962
1681054227.881741 4452.95 4968
1681054227.8831635 4457.20 4974
1681054227.8845289 4463.56 4980
1681054227.8859162 4469.05 4987
1681054227.8872988 4473.45 4994
1681054227.8886638 4478.30 5000
1681054227.8900924 4485.31 5006
1681054227.8914518 4492.07 5012
1681054227.956175 4498.36 5018
1681054227.9578068 4505.04 5024
1681054227.9593124 4511.85 5031
1681054227.960835 4517.14 5038
1681054227.9624648 4521.26 5044
1681054227.9638479 4525.26 5050
1681054227.9652302 4530.55 5056
1681054227.9666195 4533.47 5062
1681054227.9679952 4533.51 5062
1681054227.9693744 4533.51 5062
1681054227.9707382 4533.51 5062
1681054227.9721193 4533.51 5062
1681054227.9735005 4533.51 5062
1681054228.0401623 4533.51 5062
1681054228.0416977 4533.51 5062
1681054228.043154 4533.51 5062
1681054228.044565 4533.51 5062
1681054228.0460548 4533.51 5062
1681054228.0475228 4533.51 5062
1681054228.0489318 4533.51 5062
1681054228.0503485 4533.51 5062
1681054228.0517302 4533.51 5062
1681054228.0531282 4533.51 5062
1681054228.0545363 4533.51 5062
1681054228.0557978 4533.51 5062
1681054228.0571089 4533.51 5062
1681054228.1234872 4533.51 5062
1681054228.1255736 4533.51 5062
1681054228.1271205 4533.51 5062
1681054228.12859 4533.51 5062
1681054228.1300855 4533.51 5062
1681054228.1314523 4533.51 5062
1681054228.1327937 4533.51 5062
1681054228.134149 4533.51 5062
1681054228.1354923 4533.51 5062
1681054228.1368344 4533.51 5062
1681054228.1381998 4533.51 5062
1681054228.1395338 4533.51 5062
1681054228.1409745 4533.51 5062
1681054228.142448 4533.51 5062
1681054228.2088978 4533.51 5062
1681054228.2104816 4533.51 5062
1681054228.2120705 4533.51 5062
1681054228.213571 4533.51 5062
1681054228.2150395 4533.51 5062
1681054228.2164898 4533.51 5062
1681054228.2179563 4533.51 5062
1681054228.2192783 4533.51 5062
1681054228.2205918 4533.51 5062
1681054228.2219694 4533.51 5062
1681054228.2233028 4533.51 5062
1681054228.2248766 4533.51 5062
1681054228.2262776 4533.51 5062
1681054228.2922363 4533.51 5062
1681054228.2938726 4533.51 5062
1681054228.2952385 4533.51 5062
1681054228.2965915 4533.51 5062
1681054228.2979586 4533.51 5062
1681054228.2992988 4533.51 5062
1681054228.300624 4533.51 5062
1681054228.302008 4533.51 5062
1681054228.3033624 4533.51 5062
1681054228.30469 4533.51 5062
1681054228.3060355 4533.51 5062
1681054228.3073874 4533.51 5062
1681054228.3086936 4533.51 5062
1681054228.3099232 4533.51 5062
1681054228.3774347 4533.51 5062
1681054228.3788762 4533.51 5062
1681054228.3802269 4533.51 5062
1681054228.3815875 4533.51 5062
1681054228.382927 4533.51 5062
1681054228.3842509 4533.51 5062
1681054228.385613 4533.51 5062
1681054228.3869832 4533.51 5062
1681054228.388324 4533.51 5062
1681054228.3897336 4533.51 5062
1681054228.3912988 4533.51 5062
1681054228.3926723 4533.51 5062
1681054228.3940346 4533.51 5062
1681054228.4614975 4533.51 5062
1681054228.4629228 4533.51 5062
1681054228.4643016 4533.51 5062
1681054228.4657068 4533.51 5062
1681054228.4671144 4533.51 5062
1681054228.4684765 4533.51 5062
1681054228.4699085 4533.51 5062
1681054228.4712753 4533.51 5062
1681054228.4726505 4533.51 5062
1681054228.4742515 4533.51 5062
1681054228.475684 4533.51 5062
1681054228.4770465 4533.51 5062
1681054228.4784565 4533.51 5062
1681054228.5450146 4533.51 5062
1681054228.5469265 4533.51 5062
1681054228.5484881 4533.51 5062
1681054228.5500083 4533.51 5062
1681054228.5514698 4533.51 5062
1681054228.5528986 4533.51 5062
1681054228.554267 4533.51 5062
1681054228.5555837 4533.51 5062
1681054228.5570571 4533.51 5062
1681054228.5585334 4533.51 5062
1681054228.559864 4533.51 5062
1681054228.5611887 4533.51 5062
1681054228.5625825 4533.51 5062
1681054228.5638962 4533.51 5062
1681054228.630288 4533.51 5062
1681054228.6318085 4533.51 5062
1681054228.6333292 4533.51 5062
1681054228.6348 4533.51 5062
1681054228.6362517 4533.51 5062
1681054228.6377296 4533.51 5062
1681054228.6391795 4533.51 5062
1681054228.640821 4533.51 5062
1681054228.6424623 4533.51 5062
1681054228.6438851 4533.51 5062
1681054228.6452043 4533.51 5062
1681054228.646562 4533.51 5062
1681054228.6479006 4533.51 5062
1681054228.713669 4533.51 5062
1681054228.7154071 4533.51 5062
1681054228.716762 4533.51 5062
1681054228.7182374 4533.51 5062
1681054228.719682 4533.51 5062
1681054228.7209978 4533.51 5062
1681054228.722361 4533.51 5062
1681054228.723857 4533.51 5062
1681054228.725394 4533.51 5062
1681054228.726743 4533.51 5062
1681054228.7280886 4533.51 5062
1681054228.7294247 4533.51 5062
1681054228.730769 4533.51 5062
1681054228.732094 4533.51 5062
1681054228.7990139 4533.51 5062
1681054228.800516 4533.51 5062
1681054228.8020153 4533.51 5062
1681054228.8034642 4533.51 5062
1681054228.8049016 4533.51 5062
1681054228.8063276 4533.51 5062
1681054228.8078916 4533.51 5062
1681054228.8092725 4533.51 5062
1681054228.8106852 4533.51 5062
1681054228.8120131 4533.51 5062
1681054228.8133676 4533.51 5062
1681054228.8147042 4533.51 5062
1681054228.8160162 4533.51 5062
1681054228.8824039 4533.51 5062
1681054228.8840232 4533.51 5062
1681054228.8854394 4533.51 5062
1681054228.8868253 4533.51 5062
1681054228.8882499 4533.51 5062
1681054228.8896587 4533.51 5062
1681054228.8910809 4533.51 5062
1681054228.8924482 4533.51 5062
1681054228.8938398 4533.51 5062
1681054228.8952014 4533.51 5062
1681054228.8964753 4533.51 5062
1681054228.8977573 4533.51 5062
1681054228.8990097 4533.51 5062
1681054228.9664333 4533.51 5062
1681054228.9682107 4533.51 5062
1681054228.9697242 4533.51 5062
1681054228.9712222 4533.51 5062
1681054228.9726815 4533.51 5062
1681054228.9742749 4533.51 5062
1681054228.9756546 4533.51 5062
1681054228.9769788 4533.51 5062
1681054228.978344 4533.51 5062
1681054228.9796696 4533.51 5062
1681054228.980994 4533.51 5062
1681054228.9823396 4533.51 5062
1681054228.9836788 4533.51 5062
1681054228.9849951 4533.51 5062
1681054229.0516455 4533.51 5062
1681054229.0531495 4533.51 5062
1681054229.054581 4533.51 5062
1681054229.055941 4533.51 5062
1681054229.0573251 4533.51 5062
1681054229.0586903 4533.51 5062
1681054229.0600505 4533.51 5062
1681054229.0614135 4533.51 5062
1681054229.0627875 4533.51 5062
1681054229.0641513 4533.51 5062
1681054229.0655348 4533.51 5062
1681054229.066887 4533.51 5062
1681054229.0682404 4533.51 5062
1681054229.1351688 4533.51 5062
1681054229.1367946 4533.51 5062
1681054229.1382303 4533.51 5062
1681054229.139625 4533.51 5062
1681054229.1411164 4533.51 5062
1681054229.142599 4533.51 5062
1681054229.144043 4533.51 5062
1681054229.1454375 4533.51 5062
1681054229.1468081 4533.51 5062
1681054229.1481643 4533.51 5062
1681054229.1495452 4533.51 5062
1681054229.150903 4533.51 5062
1681054229.15226 4533.51 5062
1681054229.1536252 4533.51 5062
1681054229.2205117 4533.51 5062
1681054229.222063 4533.51 5062
1681054229.2235672 4533.51 5062
1681054229.2250946 4533.51 5062
1681054229.226522 4533.51 5062
1681054229.2278655 4533.51 5062
1681054229.2291915 4533.51 5062
1681054229.2306478 4533.51 5062
1681054229.2320712 4533.51 5062
1681054229.2334237 4533.51 5062
1681054229.2347689 4533.51 5062
1681054229.2361195 4533.51 5062
1681054229.2374802 4533.51 5062
1681054229.3037786 4533.51 5062
1681054229.305554 4533.51 5062
1681054229.3072157 4533.51 5062
1681054229.3086648 4533.51 5062
1681054229.3101363 4533.51 5062
1681054229.3115265 4533.51 5062
1681054229.3129141 4533.51 5062
1681054229.314475 4533.51 5062
1681054229.315885 4533.51 5062
1681054229.317317 4533.51 5062
1681054229.3188887 4533.51 5062
1681054229.3203425 4533.51 5062
1681054229.32178 4533.51 5062
1681054229.3877454 4533.51 5062
1681054229.3906412 4533.51 5062
1681054229.3934348 4533.51 5062
1681054229.3962016 4533.51 5062
1681054229.3994656 4533.51 5062
1681054229.40354 4533.51 5062
1681054229.407682 4533.51 5062
1681054229.412851 4533.51 5062
1681054229.4172196 4533.51 5062
1681054229.4201403 4533.51 5062
1681054229.4229853 4533.51 5062
1681054229.4258182 4533.51 5062
1681054229.4286807 4533.51 5062
1681054229.4315436 4533.51 5062
1681054229.4732926 4533.51 5062
1681054229.4751124 4533.51 5062
1681054229.4767578 4533.51 6546
1681054229.47832 4533.63 6548
1681054229.4798434 4533.71 6555
1681054229.481101 4533.71 6555
1681054229.4822702 4533.71 6555
1681054229.483329 4533.71 6555
1681054229.4844975 4533.71 6555
1681054229.4857745 4533.71 6555
1681054229.4873185 4533.71 6555
1681054229.4889688 4533.71 6555
1681054229.49107 4533.71 6555
1681054229.5564556 4533.71 6555
1681054229.5577087 4533.71 6555
1681054229.558703 4533.71 6555
1681054229.559679 4533.75 6632
1681054229.5606265 4533.75 6632
1681054229.56159 4533.75 6632
1681054229.562546 4533.75 6632
1681054229.5634909 4533.75 6632
1681054229.564432 4533.75 6632
1681054229.5653782 4533.75 6632
1681054229.5663228 4533.75 6632
1681054229.567262 4533.75 6632
1681054229.5682175 4533.75 6632
1681054229.5691664 4533.75 6632
1681054229.6419072 4533.75 6632
1681054229.643483 4533.75 6632
1681054229.6450126 4533.75 6632
1681054229.646583 4533.75 6632
1681054229.6480958 4533.75 6632
1681054229.6495252 4533.75 6632
1681054229.650894 4533.75 6632
1681054229.6522863 4533.75 6632
1681054229.6537087 4533.75 6632
1681054229.6551173 4533.75 6632
1681054229.6566436 4533.75 6632
1681054229.6581528 4533.79 6768
1681054229.6595275 4533.91 6778
1681054229.7252576 4534.03 6785
1681054229.7269528 4534.15 6791
1681054229.728318 4534.27 6799
1681054229.729736 4534.39 6805
1681054229.7310936 4534.51 6811
1681054229.732434 4534.63 6816
1681054229.733813 4534.75 6822
1681054229.7351513 4534.87 6829
1681054229.7364788 4534.99 6835
1681054229.7379668 4535.11 6841
1681054229.7394474 4535.27 6847
1681054229.740927 4535.39 6853
1681054229.7423124 4535.55 6859
1681054229.8092768 4535.83 6867
1681054229.8110738 4536.19 6874
1681054229.8125694 4536.56 6880
1681054229.8140955 4536.92 6886
1681054229.815591 4537.28 6892
1681054229.8169367 4537.64 6898
1681054229.8183126 4538.00 6904
1681054229.8196645 4538.36 6910
1681054229.8210511 4538.76 6917
1681054229.8224833 4539.20 6923
1681054229.8240488 4539.60 6929
1681054229.825454 4540.00 6935
1681054229.8268151 4540.36 6943
1681054229.8281503 4540.72 6949
1681054229.894791 4541.08 6956
1681054229.8963065 4541.44 6962
1681054229.8977468 4541.80 6968
1681054229.899173 4542.16 6974
1681054229.90055 4542.52 6980
1681054229.9019637 4542.88 6986
1681054229.9034212 4543.32 6992
1681054229.9048028 4543.72 6999
1681054229.9061773 4544.08 7005
1681054229.9075198 4544.32 7011
1681054229.9088526 4544.48 7019
1681054229.910229 4544.60 7024
1681054229.9115684 4544.72 7030
1681054229.9779985 4544.84 7036
1681054229.979814 4544.96 7043
1681054229.9814 4545.08 7049
1681054229.9829338 4545.20 7055
1681054229.9843824 4545.32 7061
1681054229.9859056 4545.48 7067
1681054229.9872878 4545.60 7073
1681054229.9886565 4545.72 7079
1681054229.9902592 4545.84 7086
1681054229.9916496 4545.96 7094
1681054229.99299 4546.08 7100
1681054229.9943736 4546.20 7106
1681054229.995707 4546.32 7112
1681054229.9970407 4546.44 7118
1681054230.0633998 4546.56 7124
1681054230.0649443 4546.68 7131
1681054230.0664628 4546.81 7137
1681054230.0679271 4546.97 7143
1681054230.069403 4547.09 7149
1681054230.070866 4547.21 7155
1681054230.0722609 4547.33 7161
1681054230.0739882 4547.45 7170
1681054230.0754087 4547.57 7176
1681054230.0767887 4547.69 7182
1681054230.0781791 4547.81 7188
1681054230.081277 4547.93 7194
1681054230.0827012 4548.05 7200
1681054230.1466804 4548.17 7204
1681054230.1483123 4548.25 7213
1681054230.1497145 4548.41 7219
1681054230.1510804 4548.53 7225
1681054230.1524165 4548.65 7231
1681054230.1537824 4548.77 7237
1681054230.155112 4548.89 7245
1681054230.1566918 4549.01 7251
1681054230.1583464 4549.13 7258
1681054230.1597 4549.17 7264
1681054230.161033 4549.25 7266
1681054230.1624103 4549.25 7266
1681054230.1637256 4549.25 7266
1681054230.1649573 4549.25 7266
1681054230.2321455 4549.25 7266
1681054230.2336862 4549.25 7266
1681054230.2351623 4549.25 7266
1681054230.2366111 4549.25 7266
1681054230.238083 4549.25 7266
1681054230.2395902 4549.25 7266
1681054230.2412853 4549.25 7266
1681054230.2426863 4549.25 7266
1681054230.2440176 4549.25 7266
1681054230.245371 4549.25 7266
1681054230.2467096 4549.25 7266
1681054230.248039 4549.25 7266
1681054230.249384 4549.25 7266
1681054230.3161561 4549.25 7266
1681054230.3176231 4549.25 7266
1681054230.3190482 4549.25 7266
1681054230.3204265 4549.25 7266
1681054230.3219376 4549.25 7266
1681054230.323508 4549.25 7266
1681054230.3249576 4549.25 7266
1681054230.3263617 4549.25 7266
1681054230.3276992 4549.25 7266
1681054230.3290284 4549.25 7266
1681054230.3304074 4549.25 7266
1681054230.3317375 4549.25 7266
1681054230.3330736 4549.25 7266
1681054230.3993979 4549.25 7266
1681054230.4014587 4549.25 7266
1681054230.4030902 4549.25 7266
1681054230.4044483 4549.25 7266
1681054230.4058747 4549.25 7266
1681054230.4077196 4549.25 7266
1681054230.4092457 4549.25 7266
1681054230.4106534 4549.25 7266
1681054230.4119952 4549.25 7266
1681054230.4134078 4549.25 7266
1681054230.4147666 4549.25 7266
1681054230.4161906 4549.25 7266
1681054230.417612 4549.25 7266
1681054230.4190142 4549.25 7266
1681054230.4847739 4549.25 7266
1681054230.486353 4549.25 7266
1681054230.4878325 4549.25 7266
1681054230.4893885 4549.25 7266
1681054230.4910219 4549.25 7266
1681054230.492382 4549.25 7266
1681054230.4941406 4549.25 7266
1681054230.495639 4549.25 7266
1681054230.497234 4549.25 7266
1681054230.498945 4549.25 7266
1681054230.500305 4549.25 7266
1681054230.5016813 4549.25 7266
1681054230.5030267 4549.25 7266
1681054230.5681741 4549.25 7266
1681054230.5698063 4549.25 7266
1681054230.5711603 4549.25 7266
1681054230.5724967 4549.25 7266
1681054230.5742397 4549.25 7266
1681054230.5755966 4549.25 7266
1681054230.5769305 4549.25 7266
1681054230.578279 4549.25 7266
1681054230.5796068 4549.25 7266
1681054230.5809348 4549.25 7266
1681054230.5822828 4549.25 7266
1681054230.5836039 4549.25 7266
1681054230.5848823 4549.25 7266
1681054230.586175 4549.25 7266
1681054230.6534681 4549.25 7266
1681054230.6550825 4549.25 7266
1681054230.6572437 4549.25 7266
1681054230.6587577 4549.25 7266
1681054230.6601725 4549.25 7266
1681054230.6615162 4549.25 7266
1681054230.6628585 4549.25 7266
1681054230.6641982 4549.25 7266
1681054230.6655438 4549.25 7266
1681054230.6668787 4549.25 7266
1681054230.6682975 4549.25 7266
1681054230.6699202 4549.25 7266
1681054230.6712976 4549.25 7266
1681054230.7375946 4549.25 7266
1681054230.7390795 4549.25 7266
1681054230.7409616 4549.25 7266
1681054230.7427676 4549.25 7266
1681054230.7441177 4549.25 7266
1681054230.7455006 4549.25 7266
1681054230.7468593 4549.25 7266
1681054230.7481952 4549.25 7266
1681054230.7495582 4549.25 7266
1681054230.7509034 4549.25 7266
1681054230.752366 4549.25 7266
1681054230.7539613 4549.25 7266
1681054230.7553806 4549.25 7266
1681054230.8208838 4549.25 7266
1681054230.8229005 4549.25 7266
1681054230.8245127 4549.25 7266
1681054230.8259017 4549.25 7266
1681054230.82725 4549.25 7266
1681054230.8288195 4549.25 7266
1681054230.8302236 4549.25 7266
1681054230.8315644 4549.25 7266
1681054230.8329003 4549.25 7266
1681054230.834267 4549.25 7266
1681054230.8356316 4549.25 7266
1681054230.836989 4549.25 7266
1681054230.8386214 4549.25 7266
1681054230.8403842 4549.25 7266
1681054230.905973 4549.25 7266
1681054230.9070182 4549.25 7266
1681054230.9080725 4549.25 7266
1681054230.9090097 4549.25 7266
1681054230.9100049 4549.25 7266
1681054230.9112673 4549.25 7266
1681054230.9124496 4549.25 7266
1681054230.9136174 4549.25 7266
1681054230.914406 4549.25 7266
1681054230.9151132 4549.25 7266
1681054230.9159477 4549.25 7266
1681054230.9166548 4549.25 7266
1681054230.9172466 4549.25 7266
1681054230.9895568 4549.25 7266
1681054230.9913146 4549.25 7266
1681054230.9927273 4549.25 7266
1681054230.9941397 4549.25 7266
1681054230.9954348 4549.25 7266
1681054230.996899 4549.25 7266
1681054230.9984522 4549.25 7266
1681054231.0001364 4549.25 7266
1681054231.0015106 4549.25 7266
1681054231.0028436 4549.25 7266
1681054231.004088 4549.25 7266
1681054231.0053477 4549.25 7266
1681054231.0066097 4549.25 7266
1681054231.0078459 4549.25 7266
1681054231.0750508 4549.25 7266
1681054231.0766134 4549.25 7266
1681054231.0780053 4549.25 7266
1681054231.0793664 4549.25 7266
1681054231.080803 4549.25 7266
1681054231.0821478 4549.25 7266
1681054231.0834794 4549.25 7266
1681054231.084813 4549.25 7266
1681054231.086167 4549.25 7266
1681054231.0875213 4549.25 7266
1681054231.0888596 4549.25 7266
1681054231.0902028 4549.25 7266
1681054231.0919483 4549.25 7266
1681054231.1590288 4549.25 7266
1681054231.160787 4549.25 7266
1681054231.1621845 4549.25 7266
1681054231.1635401 4549.25 7266
1681054231.164896 4549.25 7266
1681054231.166256 4549.25 7266
1681054231.16761 4549.25 7266
1681054231.168953 4549.25 7266
1681054231.1703103 4549.25 7266
1681054231.1718466 4549.25 7266
1681054231.1736932 4549.25 7266
1681054231.175062 4549.25 7266
1681054231.1763022 4549.25 7266
1681054231.2423031 4549.25 7266
1681054231.244058 4549.25 7266
1681054231.2456348 4549.25 7266
1681054231.2470222 4549.25 7266
1681054231.2483919 4549.25 7266
1681054231.2497861 4549.25 7266
1681054231.2511697 4549.25 7266
1681054231.2527816 4549.25 7266
1681054231.254359 4549.25 7266
1681054231.2558308 4549.25 7266
1681054231.2574933 4549.25 7266
1681054231.258864 4549.25 7266
1681054231.2602038 4549.25 7266
1681054231.2615736 4549.25 7266
1681054231.3276377 4549.25 7266
1681054231.3290415 4549.25 7266
1681054231.3304212 4549.25 7266
1681054231.3317556 4549.25 7266
1681054231.3330789 4549.25 7266
1681054231.3346202 4549.25 7266
1681054231.3362389 4549.25 7266
1681054231.337684 4549.25 7266
1681054231.3390675 4549.25 7266
1681054231.3410356 4549.25 7266
1681054231.3426785 4549.25 7266
1681054231.3440332 4549.25 7266
1681054231.3453896 4549.25 7266
1681054231.4111235 4549.25 7266
1681054231.4128215 4549.25 7266
1681054231.41428 4549.25 7266
1681054231.4158723 4549.25 7266
1681054231.4174573 4549.25 7266
1681054231.4188235 4549.25 7266
1681054231.4201639 4549.25 7266
1681054231.4215167 4549.25 7266
1681054231.4232202 4549.25 7266
1681054231.4245975 4549.25 7266
1681054231.4259596 4549.25 7266
1681054231.4272962 4549.25 7266
1681054231.4288225 4549.25 7266
1681054231.4303474 4549.25 7266
1681054231.496832 4549.25 7266
1681054231.4986706 4549.25 7266
1681054231.5001729 4549.25 7266
1681054231.5016801 4549.25 7266
1681054231.5031557 4549.25 7266
1681054231.5045226 4549.25 7266
1681054231.5062757 4549.25 7266
1681054231.507883 4549.25 7266
1681054231.5093725 4549.25 7266
1681054231.5107908 4549.25 7266
1681054231.5122128 4549.25 7266
1681054231.5136344 4549.25 7266
1681054231.5150394 4549.25 7266
1681054231.5804212 4549.25 7266
1681054231.5820444 4549.25 7266
1681054231.5835147 4549.25 7266
1681054231.5848737 4549.25 7266
1681054231.5862603 4549.25 7266
1681054231.5877268 4549.25 7266
1681054231.589234 4549.25 7266
1681054231.5906806 4549.25 7266
1681054231.5920222 4549.25 7266
1681054231.5934706 4549.25 7266
1681054231.5948968 4549.25 7266
1681054231.5962536 4549.25 7266
1681054231.597617 4549.25 7266
1681054231.663816 4549.25 7266
1681054231.6657104 4549.25 7266
1681054231.6673048 4549.25 7266
1681054231.6689997 4549.25 7266
1681054231.6705546 4549.25 7266
1681054231.6719913 4549.25 7266
1681054231.6734312 4549.25 7266
1681054231.6748488 4549.25 7266
1681054231.676242 4549.25 7266
1681054231.677699 4549.25 7266
1681054231.6791437 4549.25 7266
1681054231.6805065 4549.25 7266
1681054231.6819625 4549.25 7266
1681054231.6833732 4549.25 7266
1681054231.7490234 4549.25 7266
1681054231.7505548 4549.25 7266
1681054231.751975 4549.25 7266
1681054231.753516 4549.25 7266
1681054231.7549357 4549.25 7266
1681054231.7563765 4549.25 7266
1681054231.7578025 4549.25 7266
1681054231.7592335 4549.25 7266
1681054231.7606325 4549.25 7266
1681054231.7620423 4549.25 7266
1681054231.7634475 4549.25 7266
1681054231.7648137 4549.25 7266
1681054231.7661757 4549.25 7266
1681054231.8326182 4549.25 7266
1681054231.834509 4549.25 7266
1681054231.836022 4549.25 7266
1681054231.837535 4549.25 7266
1681054231.8391576 4549.25 7266
1681054231.8407316 4549.25 7266
1681054231.84212 4549.25 7266
1681054231.843463 4549.25 7266
1681054231.844791 4549.25 7266
1681054231.84614 4549.25 7266
1681054231.8474686 4549.25 7266
1681054231.8488047 4549.25 7266
1681054231.8501616 4549.25 7266
1681054231.851511 4549.25 7266
1681054231.918121 4549.25 7266
1681054231.9197357 4549.25 7266
1681054231.9213138 4549.25 7266
1681054231.9229498 4549.25 7266
1681054231.9245713 4549.25 7266
1681054231.9260116 4549.25 7266
1681054231.9274464 4549.25 7266
1681054231.928843 4549.25 7266
1681054231.9302907 4549.25 7266
1681054231.9316757 4549.25 7266
1681054231.9330895 4549.25 7266
1681054231.934534 4549.25 7266
1681054231.9361012 4549.25 7266
1681054232.0013907 4549.25 7266
1681054232.0031266 4549.25 7266
1681054232.004563 4549.25 7266
1681054232.006131 4549.25 7266
1681054232.0075324 4549.25 7266
1681054232.0088894 4549.25 7266
1681054232.010291 4549.25 7266
1681054232.0116637 4549.25 7266
1681054232.0131454 4549.25 7266
1681054232.014534 4549.25 7266
1681054232.0158622 4549.25 7266
1681054232.0171494 4549.25 7266
1681054232.018427 4549.25 7266
1681054232.0853803 4549.25 7266
1681054232.087243 4549.25 7266
1681054232.0887842 4549.25 7266
1681054232.0905318 4549.25 7266
1681054232.092124 4549.25 7266
1681054232.0936594 4549.25 7266
1681054232.095106 4549.25 7266
1681054232.09649 4549.25 7266
1681054232.0978937 4549.25 7266
1681054232.099305 4549.25 7266
1681054232.1006758 4549.25 7266
1681054232.1021264 4549.25 7266
1681054232.103514 4549.25 7266
1681054232.1048818 4549.25 7266
1681054232.170499 4549.25 7266
1681054232.1719873 4549.25 7266
1681054232.173581 4549.25 7266
1681054232.175123 4549.25 7266
1681054232.1765037 4549.25 7266
1681054232.177955 4549.25 7266
1681054232.17936 4549.25 7266
1681054232.1807215 4549.25 7266
1681054232.1821427 4549.25 7266
1681054232.1834958 4549.25 7266
1681054232.1848407 4549.25 7266
1681054232.1863194 4549.25 7266
1681054232.1877432 4549.25 7266
1681054232.2539582 4549.25 7266
1681054232.2558715 4549.25 7266
1681054232.25746 4549.25 7266
1681054232.259031 4549.25 7266
1681054232.260692 4549.25 7266
1681054232.2623641 4549.25 7266
1681054232.2638102 4549.25 7266
1681054232.2651868 4549.25 7266
1681054232.2665389 4549.25 7266
1681054232.2678907 4549.25 7266
1681054232.2694228 4549.25 7266
1681054232.2707887 4549.25 7266
1681054232.2721152 4549.25 7266
1681054232.2734697 4549.25 7266
1681054232.3392744 4549.25 7266
1681054232.3408058 4549.25 7266
1681054232.3425012 4549.25 7266
1681054232.3438745 4549.25 7266
1681054232.3452036 4549.25 7266
1681054232.346584 4549.25 7266
1681054232.3479116 4549.25 7266
1681054232.3492322 4549.25 7266
1681054232.35075 4549.25 7266
1681054232.3520794 4549.25 7266
1681054232.3534422 4549.25 7266
1681054232.3549125 4549.25 7266
1681054232.3562958 4549.25 7266
1681054232.42271 4549.25 7266
1681054232.4245143 4549.25 7266
1681054232.4260976 4549.25 7266
1681054232.4274871 4549.25 7266
1681054232.4289424 4549.25 7266
1681054232.4305303 4549.25 7266
1681054232.4318693 4549.25 7266
1681054232.433195 4549.25 7266
1681054232.4345512 4549.25 7266
1681054232.4360182 4549.25 7266
1681054232.4373868 4549.25 7266
1681054232.4387257 4549.25 7266
1681054232.4400473 4549.25 7266
1681054232.506705 4549.25 7266
1681054232.5084732 4549.25 7266
1681054232.5100272 4549.25 7266
1681054232.511605 4549.25 7266
1681054232.5130188 4549.25 7266
1681054232.514546 4549.25 7266
1681054232.5161486 4549.25 7266
1681054232.517573 4549.25 7266
1681054232.5189137 4549.25 7266
1681054232.520231 4549.25 7266
1681054232.5215755 4549.25 7266
1681054232.5230765 4549.25 7266
1681054232.5245025 4549.25 7266
1681054232.525901 4549.25 7266
1681054232.5919971 4549.25 7266
1681054232.5938377 4549.25 7266
1681054232.5955832 4549.25 7266
1681054232.5969546 4549.25 7266
1681054232.5983295 4549.25 7266
1681054232.5996673 4549.25 7266
1681054232.6009974 4549.25 7266
1681054232.6023595 4549.25 7266
1681054232.6036966 4549.25 7266
1681054232.6053338 4549.25 7266
1681054232.6071565 4549.25 7266
1681054232.6085184 4549.25 7266
1681054232.6098027 4549.25 7266
1681054232.675401 4549.25 7266
1681054232.6770616 4549.25 7266
1681054232.678522 4549.25 7266
1681054232.6798997 4549.25 7266
1681054232.6812835 4549.25 7266
1681054232.682727 4549.25 7266
1681054232.6844032 4549.25 7266
1681054232.6859136 4549.25 7266
1681054232.6873043 4549.25 7266
1681054232.6886635 4549.25 7266
1681054232.6899526 4549.25 7266
1681054232.6912022 4549.25 7266
1681054232.692478 4549.25 7266
1681054232.6937788 4549.25 7266
1681054232.7607849 4549.25 7266
1681054232.7623959 4549.25 7266
1681054232.7638252 4549.25 7266
1681054232.7652547 4549.25 7266
1681054232.7667842 4549.25 7266
1681054232.7681885 4549.25 7266
1681054232.7695844 4549.25 7266
1681054232.7709527 4549.25 7266
1681054232.7726572 4549.25 7266
1681054232.7741675 4549.25 7266
1681054232.7755446 4549.25 7266
1681054232.7769098 4549.25 7266
1681054232.7783363 4549.25 7266
1681054232.8441687 4549.25 7266
1681054232.846127 4549.25 7266
1681054232.8475978 4549.25 7266
1681054232.848966 4549.25 7266
1681054232.8504002 4549.25 7266
1681054232.851765 4549.25 7266
1681054232.8531418 4549.25 7266
1681054232.8546627 4549.25 7266
1681054232.8562324 4549.25 7266
1681054232.857647 4549.25 7266
1681054232.8591142 4549.25 7266
1681054232.86059 4549.25 7266
1681054232.8620524 4549.25 7266
1681054232.9282002 4549.25 7266
1681054232.9300892 4549.25 7266
1681054232.931625 4549.25 7266
1681054232.9331334 4549.25 7266
1681054232.9347448 4549.25 7266
1681054232.9363213 4549.25 7266
1681054232.937904 4549.25 7266
1681054232.9395654 4549.25 7266
1681054232.941099 4549.25 7266
1681054232.9425514 4549.25 7266
1681054232.9439507 4549.25 7266
1681054232.9453838 4549.25 7266
1681054232.9468067 4549.25 7266
1681054232.9482214 4549.25 7266
1681054233.0136 4549.25 7266
1681054233.015136 4549.25 7266
1681054233.016556 4549.25 7266
1681054233.0180128 4549.25 7266
1681054233.0193858 4549.25 7266
1681054233.0207214 4549.25 7266
1681054233.0221784 4549.25 7266
1681054233.023647 4549.25 7266
1681054233.0250611 4549.25 7266
1681054233.0265338 4549.25 7266
1681054233.0279212 4549.25 7266
1681054233.0292919 4549.25 7266
1681054233.0306234 4549.25 7266
1681054233.0974221 4549.25 7266
1681054233.0982246 4549.25 7266
1681054233.099028 4549.25 7266
1681054233.0997984 4549.25 7266
1681054233.1005461 4549.25 7266
1681054233.101281 4549.25 7266
1681054233.1020293 4549.25 7266
1681054233.1027548 4549.25 7266
1681054233.1035972 4549.25 7266
1681054233.1044478 4549.25 7266
1681054233.1052098 4549.25 7266
1681054233.1059508 4549.25 7266
1681054233.1066766 4549.25 7266
