1681054707.3698237 0.00 0
1681054707.4903028 0.00 0
1681054707.4916306 0.00 0
1681054707.4929118 0.00 0
1681054707.4942133 0.00 0
1681054707.495374 0.00 0
1681054707.4965217 0.00 0
1681054707.4977386 0.00 0
1681054707.499014 0.00 0
1681054707.5002294 0.00 0
1681054707.5013793 0.00 0
1681054707.502571 0.00 0
1681054707.503755 0.00 0
1681054707.5049212 0.00 0
1681054707.5061128 0.00 0
1681054707.5072715 0.00 0
1681054707.5084252 0.00 0
1681054707.5735703 0.00 0
1681054707.575045 0.00 0
1681054707.576279 0.00 0
1681054707.5775504 0.28 136
1681054707.5788023 2.61 144
1681054707.5800393 6.19 149
1681054707.5812714 9.81 154
1681054707.5824497 13.31 160
1681054707.5835993 16.89 165
1681054707.5847456 20.55 172
1681054707.585999 24.57 177
1681054707.587186 29.11 183
1681054707.588502 34.46 188
1681054707.5897114 41.34 194
1681054707.5908787 48.29 199
1681054707.5920382 55.01 205
1681054707.6587522 61.93 210
1681054707.660054 69.00 216
1681054707.6613004 75.96 222
1681054707.662571 83.04 227
1681054707.6637156 90.04 233
1681054707.6648672 96.79 238
1681054707.6660407 103.79 244
1681054707.667194 111.07 250
1681054707.668345 118.31 256
1681054707.6695058 125.59 262
1681054707.6706622 132.54 268
1681054707.6719985 139.74 273
1681054707.6732624 146.98 279
1681054707.6744742 154.25 285
1681054707.6756532 161.33 290
1681054707.7431242 168.49 296
1681054707.7443337 175.64 302
1681054707.7455323 182.92 308
1681054707.7467363 190.08 314
1681054707.7478983 197.36 319
1681054707.7490544 204.55 325
1681054707.750234 211.79 331
1681054707.7513883 218.91 336
1681054707.7526493 226.14 343
1681054707.7538447 233.34 349
1681054707.755021 240.46 354
1681054707.7565432 247.65 360
1681054707.7577586 254.85 366
1681054707.758937 261.97 371
1681054707.826629 269.09 377
1681054707.8281987 276.25 382
1681054707.829599 283.25 389
1681054707.830948 290.37 395
1681054707.8322647 297.49 400
1681054707.833603 304.57 406
1681054707.835213 311.76 412
1681054707.8364806 318.92 417
1681054707.8377576 325.92 423
1681054707.8390975 333.16 430
1681054707.8403876 340.36 435
1681054707.8416536 347.52 441
1681054707.8428633 354.84 447
1681054707.8440802 362.04 452
1681054707.8452935 369.00 458
1681054707.911757 376.20 464
1681054707.9130826 383.32 470
1681054707.9144318 390.48 476
1681054707.9157095 397.72 481
1681054707.9170778 404.76 487
1681054707.9183867 411.88 493
1681054707.9195476 419.08 498
1681054707.9207034 426.12 504
1681054707.9219255 433.24 510
1681054707.9232569 440.27 516
1681054707.9244251 447.51 522
1681054707.9256213 454.71 528
1681054707.9267983 461.83 533
1681054707.9279664 469.03 539
1681054707.9950917 476.07 545
1681054707.9966397 483.31 550
1681054707.9980667 490.51 557
1681054707.9993627 497.55 562
1681054708.000633 504.59 568
1681054708.001914 511.67 574
1681054708.0031729 518.87 579
1681054708.0044289 526.07 585
1681054708.0057113 533.23 591
1681054708.006994 540.35 596
1681054708.008265 547.51 603
1681054708.0095162 554.43 609
1681054708.0106723 561.58 614
1681054708.0118196 568.78 620
1681054708.0129685 575.78 626
1681054708.0802836 582.74 631
1681054708.0816796 588.53 637
1681054708.0829961 594.45 643
1681054708.0842862 599.88 649
1681054708.0856159 607.08 655
1681054708.0873072 613.35 660
1681054708.0885098 620.51 666
1681054708.0897236 626.74 672
1681054708.0909069 633.78 677
1681054708.0920784 639.13 684
1681054708.0933254 646.01 690
1681054708.0946243 652.81 695
1681054708.0958204 659.77 701
1681054708.0970154 664.71 707
1681054708.1636975 669.66 712
1681054708.1651402 673.93 718
1681054708.1663628 678.63 724
1681054708.1675272 685.23 730
1681054708.168681 691.46 736
1681054708.1698806 695.65 741
1681054708.1710525 700.23 747
1681054708.1723075 704.45 753
1681054708.1736648 709.92 758
1681054708.1748435 715.64 764
1681054708.1759953 721.07 771
1681054708.1771452 725.65 776
1681054708.1783593 730.04 782
1681054708.1795173 734.14 788
1681054708.1806698 739.53 793
1681054708.2482307 744.27 799
1681054708.249992 749.95 805
1681054708.2514782 755.58 811
1681054708.2528253 760.04 817
1681054708.2544413 764.99 822
1681054708.2559671 771.06 828
1681054708.2573545 777.74 834
1681054708.2586987 784.58 839
1681054708.259965 791.37 845
1681054708.2612205 798.05 851
1681054708.2624943 804.37 857
1681054708.2637541 810.48 863
1681054708.2650118 816.75 869
1681054708.266302 820.74 874
1681054708.2675278 824.44 880
1681054708.3332477 828.14 886
1681054708.3346713 831.80 891
1681054708.3360105 835.50 898
1681054708.3373208 842.05 904
1681054708.3386729 848.77 909
1681054708.3399284 855.33 915
1681054708.3411865 861.40 920
1681054708.3423727 866.59 926
1681054708.3435225 870.25 932
1681054708.3446915 873.99 937
1681054708.3458688 877.65 944
1681054708.3470562 882.24 950
1681054708.3482857 889.07 955
1681054708.3494575 895.31 961
1681054708.4166553 901.38 967
1681054708.4182441 907.62 972
1681054708.4195948 911.32 978
1681054708.4210167 915.02 985
1681054708.4224193 918.68 990
1681054708.4239142 922.38 996
1681054708.4252532 928.89 1001
1681054708.4266706 935.77 1007
1681054708.4281876 942.61 1013
1681054708.429715 948.68 1019
1681054708.4310946 952.62 1026
1681054708.4324458 956.53 1032
1681054708.4338055 960.39 1038
1681054708.4350991 964.93 1044
1681054708.500934 971.77 1050
1681054708.5026047 978.69 1056
1681054708.5041332 985.53 1062
1681054708.5065486 989.47 1069
1681054708.508845 993.37 1075
1681054708.5105639 997.23 1081
1681054708.5121527 1003.55 1087
1681054708.513652 1010.30 1093
1681054708.5150971 1017.34 1100
1681054708.5164363 1022.77 1106
1681054708.517773 1026.79 1113
1681054708.5190344 1030.73 1119
1681054708.5202456 1035.91 1125
1681054708.5214486 1043.10 1131
1681054708.5860825 1050.24 1137
1681054708.5874438 1056.47 1144
1681054708.588768 1060.49 1150
1681054708.5903118 1064.42 1157
1681054708.591713 1069.08 1163
1681054708.5930185 1076.23 1169
1681054708.5943742 1083.54 1175
1681054708.595712 1090.00 1181
1681054708.5969915 1094.02 1188
1681054708.5982726 1097.96 1195
1681054708.5994813 1102.57 1201
1681054708.6006818 1109.72 1207
1681054708.6019192 1116.75 1213
1681054708.6695487 1123.18 1219
1681054708.671206 1127.19 1225
1681054708.672536 1131.17 1232
1681054708.6739697 1136.27 1239
1681054708.6752133 1143.14 1245
1681054708.6764295 1150.13 1251
1681054708.6776683 1155.99 1257
1681054708.6788788 1160.00 1263
1681054708.6800787 1163.98 1269
1681054708.6812668 1169.80 1276
1681054708.6824925 1176.15 1283
1681054708.683715 1183.30 1289
1681054708.6849256 1188.12 1295
1681054708.6861608 1192.13 1301
1681054708.754859 1196.11 1307
1681054708.756507 1201.93 1313
1681054708.7577884 1208.52 1320
1681054708.759039 1215.15 1327
1681054708.7602434 1219.04 1333
1681054708.7614408 1223.02 1339
1681054708.762675 1228.08 1345
1681054708.7638974 1233.78 1351
1681054708.7651184 1240.77 1357
1681054708.7665763 1246.39 1364
1681054708.7679222 1250.33 1371
1681054708.76913 1254.30 1377
1681054708.770354 1260.13 1383
1681054708.8381991 1266.71 1389
1681054708.8400853 1273.82 1395
1681054708.841436 1277.80 1401
1681054708.8426867 1281.65 1409
1681054708.8438976 1286.31 1415
1681054708.8451283 1291.81 1421
1681054708.8463447 1299.28 1427
1681054708.8476202 1305.11 1433
1681054708.8491664 1309.04 1439
1681054708.8505914 1313.02 1445
1681054708.8518207 1318.68 1453
1681054708.8530242 1324.71 1459
1681054708.8543398 1332.01 1465
1681054708.8559215 1336.70 1471
1681054708.9233127 1340.61 1477
1681054708.9247253 1344.59 1483
1681054708.9260132 1350.41 1489
1681054708.9272301 1357.24 1497
1681054708.9284308 1363.66 1503
1681054708.9299855 1367.52 1509
1681054708.931242 1371.49 1515
1681054708.932472 1376.79 1521
1681054708.9337056 1382.10 1527
1681054708.935024 1389.12 1533
1681054708.936332 1394.14 1541
1681054708.9375873 1397.92 1547
1681054708.9388943 1401.90 1553
1681054709.0075793 1407.40 1559
1681054709.0090406 1414.22 1565
1681054709.0104153 1420.89 1571
1681054709.011724 1424.83 1577
1681054709.013122 1428.80 1585
1681054709.0144587 1434.06 1591
1681054709.016001 1439.85 1597
1681054709.017335 1447.00 1603
1681054709.0185752 1451.94 1609
1681054709.0197926 1455.83 1615
1681054709.0210843 1459.81 1622
1681054709.0224493 1464.95 1629
1681054709.0236542 1471.36 1635
1681054709.0909686 1478.04 1641
1681054709.0925426 1481.82 1647
1681054709.0939002 1485.83 1653
1681054709.095204 1490.81 1659
1681054709.0966768 1496.60 1666
1681054709.0980556 1503.54 1673
1681054709.099388 1508.44 1679
1681054709.10066 1512.22 1685
1681054709.101963 1516.23 1691
1681054709.103257 1521.05 1697
1681054709.1044507 1527.48 1703
1681054709.1056612 1533.70 1710
1681054709.106873 1537.44 1717
1681054709.1080675 1541.37 1723
1681054709.1763356 1546.19 1729
1681054709.1778927 1551.90 1735
1681054709.1793675 1558.93 1741
1681054709.1807575 1563.70 1747
1681054709.1821892 1567.48 1754
1681054709.1835017 1571.46 1761
1681054709.1847992 1576.07 1767
1681054709.1861284 1582.54 1773
1681054709.1874235 1589.05 1779
1681054709.1887581 1592.70 1785
1681054709.1901045 1596.64 1792
1681054709.1915476 1601.70 1798
1681054709.1928678 1607.60 1805
1681054709.259676 1614.39 1811
1681054709.2614288 1619.13 1817
1681054709.2628953 1622.94 1823
1681054709.264208 1626.92 1829
1681054709.2656643 1632.34 1836
1681054709.267064 1639.33 1842
1681054709.2684643 1645.55 1849
1681054709.269796 1649.41 1855
1681054709.2711086 1653.38 1861
1681054709.2723236 1658.48 1867
1681054709.2735507 1664.35 1873
1681054709.2747872 1671.06 1880
1681054709.2759805 1675.83 1886
1681054709.2771654 1679.69 1893
1681054709.3449194 1683.67 1899
1681054709.3463304 1688.73 1905
1681054709.3477173 1695.39 1911
1681054709.3490727 1701.54 1917
1681054709.350322 1704.99 1924
1681054709.3515263 1708.93 1930
1681054709.352848 1713.55 1937
1681054709.3541172 1719.25 1943
1681054709.3553584 1725.67 1949
1681054709.3567498 1730.01 1955
1681054709.3580062 1733.99 1961
1681054709.359214 1738.04 1968
1681054709.3604076 1743.18 1974
1681054709.4289193 1749.21 1981
1681054709.4303613 1754.83 1987
1681054709.4317224 1758.16 1993
1681054709.4330542 1762.10 1999
1681054709.4344122 1766.12 2006
1681054709.4358163 1771.86 2012
1681054709.4371448 1777.76 2018
1681054709.43851 1780.57 2025
1681054709.439847 1784.35 2031
1681054709.4411662 1788.45 2037
1681054709.4425116 1793.87 2043
1681054709.4438326 1800.05 2050
1681054709.445104 1804.43 2056
1681054709.5123796 1807.60 2062
1681054709.5140433 1811.50 2069
1681054709.5154452 1816.28 2075
1681054709.5168068 1822.62 2081
1681054709.5182106 1828.41 2087
1681054709.5195475 1831.62 2094
1681054709.5209022 1835.56 2100
1681054709.522276 1839.65 2106
1681054709.5236266 1845.72 2113
1681054709.524904 1852.26 2119
1681054709.526159 1856.16 2125
1681054709.5273817 1860.17 2131
1681054709.5286107 1864.27 2138
1681054709.5299006 1868.89 2144
1681054709.5977237 1875.35 2150
1681054709.5991173 1880.62 2157
1681054709.600485 1884.11 2163
1681054709.6018522 1888.09 2169
1681054709.603162 1892.42 2176
1681054709.6046228 1898.21 2182
1681054709.6061141 1904.55 2188
1681054709.6074252 1907.72 2194
1681054709.6087203 1911.50 2201
1681054709.610148 1915.72 2207
1681054709.611464 1920.94 2213
1681054709.6126702 1927.24 2220
1681054709.6138973 1932.06 2226
1681054709.6811063 1935.03 2232
1681054709.682734 1938.93 2238
1681054709.6840718 1943.15 2245
1681054709.6853867 1948.85 2251
1681054709.6867528 1954.67 2257
1681054709.688188 1957.97 2264
1681054709.689511 1961.66 2270
1681054709.69075 1965.76 2276
1681054709.6919498 1971.42 2282
1681054709.6931407 1977.93 2289
1681054709.6943874 1982.14 2295
1681054709.6956284 1985.84 2301
1681054709.6968265 1989.85 2308
1681054709.6980646 1994.27 2314
1681054709.7663622 2000.58 2320
1681054709.7677257 2006.20 2326
1681054709.7690387 2009.69 2333
1681054709.7704628 2013.67 2339
1681054709.7719975 2018.13 2345
1681054709.7733474 2024.35 2352
1681054709.7747078 2030.82 2358
1681054709.7761462 2034.55 2364
1681054709.7774596 2038.53 2370
1681054709.7787833 2043.15 2377
1681054709.78002 2048.25 2383
1681054709.7812104 2054.69 2390
1681054709.7824445 2060.33 2396
1681054709.850392 2063.48 2402
1681054709.8518314 2067.46 2408
1681054709.853162 2072.26 2414
1681054709.8545444 2078.30 2421
1681054709.8559105 2085.19 2427
1681054709.8572538 2088.53 2434
1681054709.8586054 2092.52 2440
1681054709.8598282 2096.71 2446
1681054709.8610468 2101.91 2452
1681054709.8622918 2108.27 2458
1681054709.863506 2113.11 2464
1681054709.8647485 2116.77 2471
1681054709.8660007 2120.76 2478
1681054709.9338572 2124.95 2484
1681054709.9354193 2130.91 2490
1681054709.9368734 2136.91 2496
1681054709.938377 2140.22 2502
1681054709.9397268 2144.24 2509
1681054709.9410295 2148.39 2515
1681054709.9424565 2154.15 2522
1681054709.9436557 2160.40 2528
1681054709.9448483 2164.55 2534
1681054709.946106 2168.09 2540
1681054709.9473042 2172.08 2546
1681054709.9484963 2176.43 2553
1681054709.9497356 2182.59 2560
1681054709.9509535 2187.95 2566
1681054710.019104 2191.25 2572
1681054710.0205889 2195.08 2578
1681054710.0220807 2199.19 2584
1681054710.0234022 2204.87 2590
1681054710.0247035 2210.87 2596
1681054710.0260532 2214.05 2604
1681054710.0273511 2217.76 2610
1681054710.0285363 2222.43 2616
1681054710.029734 2227.47 2622
1681054710.0309162 2233.83 2628
1681054710.0321038 2238.87 2634
1681054710.0333028 2242.09 2641
1681054710.034529 2246.04 2648
1681054710.1025274 2250.31 2654
1681054710.104217 2256.39 2660
1681054710.1056738 2262.64 2666
1681054710.1070254 2266.18 2672
1681054710.10843 2269.97 2678
1681054710.109758 2274.32 2684
1681054710.111062 2279.68 2692
1681054710.1123605 2285.84 2698
1681054710.1136796 2290.07 2704
1681054710.1150055 2293.49 2710
1681054710.1162992 2297.52 2716
1681054710.117506 2302.28 2722
1681054710.118712 2308.64 2729
1681054710.1199353 2313.92 2736
1681054710.1880322 2317.22 2742
1681054710.189473 2321.01 2748
1681054710.190911 2325.48 2754
1681054710.192271 2331.24 2760
1681054710.1936505 2337.48 2766
1681054710.1950507 2341.23 2774
1681054710.1965098 2344.98 2780
1681054710.1979666 2349.16 2786
1681054710.1992607 2354.28 2792
1681054710.200519 2360.56 2798
1681054710.2018445 2365.84 2804
1681054710.203094 2369.63 2810
1681054710.2043421 2373.50 2817
1681054710.271236 2378.09 2824
1681054710.2718253 2384.21 2830
1681054710.2724004 2391.18 2836
1681054710.2729638 2395.01 2842
1681054710.2736697 2399.00 2848
1681054710.274249 2403.67 2854
1681054710.274812 2408.90 2862
1681054710.2753794 2415.95 2868
1681054710.2759368 2421.35 2874
1681054710.2764902 2425.22 2880
1681054710.2770438 2429.21 2886
1681054710.277614 2433.56 2892
1681054710.278177 2439.64 2898
1681054710.3552601 2446.25 2905
1681054710.3566897 2450.03 2912
1681054710.3579383 2454.02 2918
1681054710.3591433 2458.29 2924
1681054710.3604805 2463.65 2930
1681054710.3617616 2470.18 2936
1681054710.3629792 2474.97 2942
1681054710.364177 2478.59 2950
1681054710.365364 2482.54 2956
1681054710.3666096 2487.34 2962
1681054710.3677976 2493.62 2968
1681054710.3689907 2500.23 2974
1681054710.370223 2503.65 2980
1681054710.3714197 2507.60 2987
1681054710.4404526 2511.79 2994
1681054710.4418585 2517.39 3000
1681054710.4431903 2523.79 3006
1681054710.4447033 2528.14 3012
1681054710.4462295 2531.81 3018
1681054710.4475396 2535.80 3024
1681054710.4488463 2540.55 3031
1681054710.4501913 2547.00 3038
1681054710.451477 2552.80 3044
1681054710.4526737 2556.34 3050
1681054710.4539182 2560.25 3056
1681054710.4551275 2564.32 3062
1681054710.4563448 2570.04 3068
1681054710.524014 2576.20 3075
1681054710.525687 2579.30 3081
1681054710.5270948 2583.05 3088
1681054710.5284662 2587.12 3094
1681054710.529802 2592.15 3100
1681054710.5311377 2598.68 3106
1681054710.5324361 2603.63 3112
1681054710.5337527 2606.74 3119
1681054710.5350587 2610.48 3125
1681054710.5363648 2614.55 3132
1681054710.537691 2620.43 3138
1681054710.5392225 2626.68 3144
1681054710.5405376 2629.86 3150
1681054710.5417638 2633.68 3156
1681054710.6092317 2638.16 3163
1681054710.6106188 2643.92 3169
1681054710.6119306 2650.40 3176
1681054710.6132264 2654.31 3182
1681054710.6146007 2657.77 3188
1681054710.6159563 2661.76 3194
1681054710.6172519 2666.23 3201
1681054710.6185591 2672.56 3207
1681054710.6199067 2678.32 3213
1681054710.6211088 2681.70 3220
1681054710.622336 2685.61 3226
1681054710.6235244 2689.80 3232
1681054710.6247177 2695.92 3238
1681054710.692743 2702.13 3245
1681054710.6943722 2705.31 3251
1681054710.695813 2709.30 3258
1681054710.697182 2713.57 3264
1681054710.6985807 2718.68 3270
1681054710.7001426 2725.01 3276
1681054710.701535 2730.08 3282
1681054710.7029216 2733.67 3289
1681054710.704298 2737.33 3295
1681054710.7056632 2741.56 3301
1681054710.7069397 2747.61 3308
1681054710.708188 2754.01 3314
1681054710.7094436 2756.99 3320
1681054710.776845 2760.98 3326
1681054710.7784796 2765.17 3333
1681054710.7798553 2770.89 3339
1681054710.7813594 2777.13 3346
1681054710.7828817 2781.44 3352
1681054710.784196 2784.59 3358
1681054710.7855005 2788.65 3364
1681054710.7868142 2793.33 3371
1681054710.7884424 2799.45 3377
1681054710.7898176 2804.97 3383
1681054710.7910957 2807.87 3389
1681054710.7922866 2811.70 3396
1681054710.793474 2816.03 3402
1681054710.7946808 2821.77 3408
1681054710.8620226 2827.89 3415
1681054710.8633847 2831.07 3421
1681054710.8646944 2834.86 3427
1681054710.8663561 2839.05 3433
1681054710.8680627 2844.29 3440
1681054710.8693767 2850.77 3446
1681054710.8709002 2855.85 3452
1681054710.872226 2859.59 3459
1681054710.8735473 2863.54 3465
1681054710.874811 2868.21 3471
1681054710.8760166 2874.38 3477
1681054710.8774323 2880.94 3484
1681054710.8790731 2884.89 3490
1681054710.9455576 2888.80 3496
1681054710.947652 2893.27 3503
1681054710.949091 2898.71 3509
1681054710.9504395 2905.27 3515
1681054710.9517717 2909.91 3521
1681054710.9530644 2913.61 3528
1681054710.9545643 2917.48 3534
1681054710.955893 2922.11 3540
1681054710.957546 2928.80 3547
1681054710.9593673 2935.00 3553
1681054710.960979 2938.79 3559
1681054710.9623752 2942.74 3565
1681054710.9636512 2947.57 3572
1681054710.9648426 2953.09 3578
1681054711.0306513 2959.98 3585
1681054711.0320048 2964.25 3591
1681054711.033316 2968.28 3597
1681054711.0346503 2973.27 3603
1681054711.0359375 2980.48 3609
1681054711.0373342 2987.45 3616
1681054711.038908 2992.45 3622
1681054711.0402768 2996.48 3629
1681054711.0416512 3000.71 3635
1681054711.0429022 3007.96 3641
1681054711.0441573 3015.13 3647
1681054711.045419 3020.73 3653
1681054711.046723 3024.75 3660
1681054711.114135 3028.70 3666
1681054711.1158233 3035.27 3673
1681054711.117186 3042.04 3679
1681054711.118709 3048.40 3685
1681054711.1200922 3052.47 3691
1681054711.1214497 3056.42 3697
1681054711.1228576 3062.66 3704
1681054711.1241949 3069.59 3710
1681054711.1257207 3076.08 3717
1681054711.127002 3080.14 3723
1681054711.1282506 3084.09 3729
1681054711.1294827 3090.42 3735
1681054711.1307738 3097.18 3741
1681054711.1982238 3103.63 3748
1681054711.1998446 3107.66 3755
1681054711.2011104 3111.65 3761
1681054711.2024956 3117.81 3767
1681054711.2037992 3124.86 3773
1681054711.2050583 3131.34 3779
1681054711.2063956 3135.37 3785
1681054711.2076488 3139.36 3792
1681054711.2089107 3145.89 3799
1681054711.210142 3152.57 3805
1681054711.211382 3158.74 3811
1681054711.2126489 3162.76 3817
1681054711.2139008 3166.79 3823
1681054711.215176 3173.52 3829
1681054711.2835956 3180.81 3836
1681054711.2849534 3186.53 3843
1681054711.2863243 3190.56 3849
1681054711.2877853 3194.59 3855
1681054711.2890496 3201.88 3861
1681054711.290342 3208.89 3867
1681054711.2916212 3214.13 3873
1681054711.2928498 3218.11 3880
1681054711.2941191 3223.11 3887
1681054711.295353 3230.08 3893
1681054711.2967055 3237.13 3899
1681054711.298025 3241.44 3905
1681054711.2992797 3245.39 3911
1681054711.3668962 3251.19 3917
1681054711.3684435 3257.95 3924
1681054711.369865 3264.36 3931
1681054711.3715525 3268.39 3937
1681054711.3728483 3272.38 3943
1681054711.3741302 3279.06 3949
1681054711.3753698 3286.15 3955
1681054711.377001 3291.63 3961
1681054711.3784888 3295.62 3969
1681054711.3798058 3300.41 3975
1681054711.3810675 3306.82 3981
1681054711.3825374 3314.03 3987
1681054711.3838058 3318.18 3993
1681054711.3850381 3322.17 3999
1681054711.4522185 3327.68 4005
1681054711.4536963 3334.29 4013
1681054711.455092 3340.49 4019
1681054711.4564483 3344.48 4025
1681054711.458082 3348.55 4031
1681054711.4594548 3354.88 4037
1681054711.460826 3361.92 4043
1681054711.4623156 3366.68 4049
1681054711.4636877 3370.67 4057
1681054711.4649556 3375.86 4063
1681054711.466259 3382.27 4069
1681054711.4675033 3388.79 4075
1681054711.4687748 3392.86 4081
1681054711.5356486 3396.89 4087
1681054711.5374012 3402.77 4093
1681054711.5390205 3409.82 4101
1681054711.5404437 3415.26 4107
1681054711.5417864 3419.25 4113
1681054711.5430927 3424.00 4119
1681054711.5443854 3430.41 4125
1681054711.5456908 3437.50 4131
1681054711.5469844 3441.69 4137
1681054711.5482721 3445.67 4145
1681054711.5495813 3451.27 4151
1681054711.5508876 3457.96 4157
1681054711.5523033 3463.80 4163
1681054711.6196475 3467.83 4169
1681054711.6212091 3471.98 4175
1681054711.6225991 3478.38 4182
1681054711.6239133 3485.59 4189
1681054711.6252103 3490.47 4195
1681054711.6265275 3494.42 4201
1681054711.6278665 3499.85 4207
1681054711.6291633 3506.34 4213
1681054711.6304824 3512.91 4219
1681054711.6317766 3516.93 4226
1681054711.6330726 3520.88 4233
1681054711.634341 3526.52 4239
1681054711.6355524 3533.85 4245
1681054711.6367524 3539.01 4251
1681054711.7048872 3542.96 4257
1681054711.7063437 3547.91 4263
1681054711.707763 3553.83 4270
1681054711.70908 3561.00 4277
1681054711.7103453 3565.07 4283
1681054711.7116055 3569.06 4289
1681054711.712999 3574.62 4295
1681054711.7143555 3581.55 4301
1681054711.7156143 3587.27 4307
1681054711.7169259 3591.26 4314
1681054711.718215 3595.69 4321
1681054711.7194757 3601.85 4327
1681054711.720765 3608.98 4333
1681054711.788318 3613.45 4339
1681054711.7899315 3617.44 4345
1681054711.7912123 3623.04 4352
1681054711.792448 3629.69 4358
1681054711.793745 3635.81 4365
1681054711.7949939 3639.84 4371
1681054711.7962532 3643.95 4377
1681054711.7975574 3649.75 4383
1681054711.798814 3656.80 4389
1681054711.800026 3661.27 4396
1681054711.8012273 3665.26 4402
1681054711.8024764 3670.53 4409
1681054711.8037696 3676.86 4415
1681054711.8050027 3683.10 4421
1681054711.8731716 3686.97 4427
1681054711.8740294 3691.04 4433
1681054711.8748162 3696.92 4440
1681054711.8756208 3703.81 4446
1681054711.8764672 3708.36 4453
1681054711.877517 3712.35 4459
1681054711.878498 3717.38 4465
1681054711.879454 3723.43 4471
1681054711.880403 3729.47 4477
1681054711.8813455 3733.42 4484
1681054711.8823225 3737.57 4490
1681054711.8832753 3743.45 4497
1681054711.8842268 3750.42 4503
1681054711.957138 3754.89 4509
1681054711.9588833 3758.84 4515
1681054711.9603329 3763.35 4521
1681054711.9617262 3769.75 4528
1681054711.963015 3775.39 4534
1681054711.9642935 3779.34 4541
1681054711.9655936 3783.73 4547
1681054711.9668887 3789.53 4553
1681054711.96818 3796.22 4559
1681054711.969474 3800.25 4566
1681054711.970879 3804.07 4572
1681054711.9724422 3808.46 4578
1681054711.974835 3814.83 4585
1681054711.9770925 3820.47 4591
1681054712.0422583 3824.09 4597
1681054712.04361 3828.57 4603
1681054712.0449288 3834.16 4610
1681054712.0462525 3840.29 4616
1681054712.0478132 3844.36 4622
1681054712.049148 3848.18 4629
1681054712.050497 3853.02 4635
1681054712.0518212 3859.95 4641
1681054712.0531185 3865.18 4647
1681054712.054573 3869.05 4654
1681054712.0562263 3873.96 4660
1681054712.0577307 3879.77 4666
1681054712.0590599 3886.33 4673
1681054712.1258328 3890.24 4679
1681054712.1265855 3894.23 4685
1681054712.1273518 3899.50 4691
1681054712.1281052 3906.47 4698
1681054712.128859 3911.83 4704
1681054712.1296473 3915.54 4710
1681054712.1304145 3919.89 4717
1681054712.1312053 3925.69 4723
1681054712.1322238 3932.29 4729
1681054712.133186 3936.28 4736
1681054712.1341443 3940.27 4742
1681054712.1350656 3945.71 4748
1681054712.1360497 3952.68 4754
1681054712.2097864 3957.39 4761
1681054712.2112327 3961.38 4767
1681054712.2124825 3966.54 4773
1681054712.213745 3972.62 4780
1681054712.2149782 3978.82 4786
1681054712.216167 3982.69 4792
1681054712.2173507 3986.68 4798
1681054712.218575 3992.28 4805
1681054712.2197704 3999.08 4811
1681054712.2209651 4003.88 4817
1681054712.2221847 4007.83 4824
1681054712.2233768 4012.58 4830
1681054712.2245803 4018.50 4836
1681054712.2258184 4025.15 4842
1681054712.2949471 4029.01 4849
1681054712.2961884 4033.00 4855
1681054712.2974393 4039.25 4861
1681054712.2987618 4045.77 4868
1681054712.2999578 4050.49 4874
1681054712.3011913 4054.47 4880
1681054712.302403 4059.47 4886
1681054712.3035936 4065.39 4893
1681054712.3048677 4071.71 4899
1681054712.3061087 4075.70 4905
1681054712.3073032 4079.69 4912
1681054712.3084857 4085.77 4918
1681054712.3096836 4092.86 4924
1681054712.3785307 4097.53 4930
1681054712.3801317 4101.49 4937
1681054712.3820524 4106.58 4943
1681054712.3844218 4112.46 4950
1681054712.3865185 4118.99 4956
1681054712.3881264 4122.95 4962
1681054712.3896885 4126.96 4968
1681054712.3911939 4132.48 4974
1681054712.3925595 4139.33 4981
1681054712.39397 4144.01 4987
1681054712.3953452 4147.94 4994
1681054712.396583 4153.14 5000
1681054712.397869 4158.95 5006
1681054712.3991191 4164.83 5012
1681054712.463847 4168.76 5018
1681054712.465384 4172.72 5025
1681054712.4668505 4177.77 5031
1681054712.4682436 4184.05 5038
1681054712.469512 4187.13 5043
1681054712.4708116 4187.73 5050
1681054712.472061 4189.30 5055
1681054712.4733129 4190.14 5062
1681054712.4745672 4190.30 5068
1681054712.4759462 4190.90 5071
1681054712.4772036 4190.90 5071
1681054712.4784977 4190.90 5071
1681054712.479799 4190.90 5071
1681054712.5478003 4190.90 5071
1681054712.5491903 4190.94 5103
1681054712.5505354 4190.98 5107
1681054712.5518308 4190.98 5107
1681054712.5531223 4190.98 5107
1681054712.5544145 4191.06 5130
1681054712.5556922 4191.10 5136
1681054712.5569694 4191.10 5136
1681054712.5581841 4191.10 5136
1681054712.5593529 4191.14 5153
1681054712.5605264 4191.14 5153
1681054712.5617623 4191.14 5153
1681054712.5632446 4191.18 5170
1681054712.6312523 4191.18 5170
1681054712.6328259 4191.18 5170
1681054712.6341796 4191.22 5192
1681054712.6354787 4191.22 5192
1681054712.636773 4191.26 5206
1681054712.6380806 4191.26 5206
1681054712.6392817 4191.26 5206
1681054712.6404564 4191.30 5222
1681054712.6416426 4191.30 5222
1681054712.642866 4191.34 5237
1681054712.644047 4191.34 5237
1681054712.6452312 4191.38 5250
1681054712.646441 4191.38 5250
1681054712.6476898 4191.38 5250
1681054712.7165997 4191.38 5250
1681054712.7180288 4191.42 5270
1681054712.7192647 4191.42 5270
1681054712.720558 4191.42 5270
1681054712.7217786 4191.46 5294
1681054712.7230113 4191.46 5294
1681054712.7243443 4191.46 5294
1681054712.7257054 4191.46 5294
1681054712.7269156 4191.50 5317
1681054712.7281127 4191.50 5317
1681054712.7293184 4191.50 5317
1681054712.7306473 4191.54 5337
1681054712.7318618 4191.54 5337
1681054712.7999365 4191.58 5350
1681054712.8015382 4191.58 5350
1681054712.802828 4191.58 5350
1681054712.8040612 4191.62 5367
1681054712.8052583 4191.62 5367
1681054712.8064935 4191.62 5367
1681054712.8076797 4191.66 5384
1681054712.8088596 4191.66 5384
1681054712.8100765 4191.70 5398
1681054712.8112602 4191.70 5398
1681054712.8124366 4191.70 5398
1681054712.813645 4191.74 5416
1681054712.8148491 4191.74 5416
1681054712.8160553 4191.74 5416
1681054712.8850377 4191.74 5440
1681054712.8862944 4191.78 5440
1681054712.8875597 4191.78 5440
1681054712.8888147 4191.78 5440
1681054712.890028 4191.78 5440
1681054712.8912218 4191.78 5440
1681054712.892411 4191.82 5473
1681054712.8936152 4191.82 5473
1681054712.8948069 4191.82 5473
1681054712.8959863 4191.86 5491
1681054712.8971922 4191.86 5491
1681054712.8983982 4191.86 5491
1681054712.8995879 4191.90 5513
1681054712.9693465 4191.90 5513
1681054712.970913 4191.90 5513
1681054712.972536 4191.94 5531
1681054712.9739714 4191.98 5538
1681054712.9753273 4192.02 5544
1681054712.9766996 4192.02 5544
1681054712.9780824 4192.02 5544
1681054712.9794497 4192.02 5544
1681054712.980823 4192.06 5567
1681054712.9822013 4192.06 5567
1681054712.9835424 4192.06 5567
1681054712.9849339 4192.06 5567
1681054712.986233 4192.10 5594
1681054713.0527327 4192.10 5594
1681054713.0546505 4192.10 5594
1681054713.0560386 4192.10 5594
1681054713.0573423 4192.10 5594
1681054713.058653 4192.14 5625
1681054713.05997 4192.14 5625
1681054713.0612628 4192.14 5625
1681054713.0625691 4192.14 5625
1681054713.0638702 4192.14 5653
1681054713.0651557 4192.18 5653
1681054713.066463 4192.18 5653
1681054713.0678444 4192.18 5671
1681054713.06908 4192.22 5671
1681054713.0704918 4192.22 5671
1681054713.1378746 4192.22 5671
1681054713.139408 4192.26 5695
1681054713.140638 4192.26 5695
1681054713.1418622 4192.26 5695
1681054713.143061 4192.26 5695
1681054713.1442492 4192.30 5718
1681054713.145435 4192.30 5718
1681054713.1466558 4192.30 5718
1681054713.1480308 4192.34 5737
1681054713.1493912 4192.34 5737
1681054713.150681 4192.34 5737
1681054713.1518772 4192.34 5737
1681054713.153119 4192.34 5737
1681054713.221383 4192.38 5772
1681054713.2228768 4192.38 5772
1681054713.2240884 4192.38 5772
1681054713.2252812 4192.38 5772
1681054713.226518 4192.38 5772
1681054713.2277036 4192.38 5805
1681054713.2288885 4192.42 5805
1681054713.2301164 4192.42 5805
1681054713.2313025 4192.42 5805
1681054713.2325108 4192.42 5805
1681054713.2337332 4192.42 5805
1681054713.2349365 4192.42 5805
1681054713.2362807 4192.46 5846
1681054713.2375686 4192.46 5846
1681054713.3065135 4192.46 5846
1681054713.3077455 4192.46 5846
1681054713.3089454 4192.46 5846
1681054713.310295 4192.46 5846
1681054713.3114994 4192.50 5881
1681054713.3126857 4192.50 5881
1681054713.3139343 4192.50 5881
1681054713.3151329 4192.50 5881
1681054713.3163216 4192.54 5906
1681054713.3175197 4192.54 5906
1681054713.3187284 4192.54 5906
1681054713.3199286 4192.54 5906
1681054713.3211234 4192.54 5906
1681054713.3908942 4192.58 5938
1681054713.3923287 4192.58 5938
1681054713.3936741 4192.58 5938
1681054713.3950045 4192.58 5938
1681054713.3962936 4192.58 5968
1681054713.3975966 4192.62 5968
1681054713.3988855 4192.62 5968
1681054713.4002964 4192.62 5968
1681054713.402671 4192.62 5968
1681054713.404877 4192.66 5997
1681054713.4064863 4192.66 5997
1681054713.407836 4192.66 5997
1681054713.409083 4192.66 5997
1681054713.4741347 4192.66 5997
1681054713.475785 4192.66 5997
1681054713.4771645 4192.66 5997
1681054713.4784727 4192.66 5997
1681054713.4797661 4192.66 5997
1681054713.4809995 4192.66 5997
1681054713.4822836 4192.66 5997
1681054713.483523 4192.66 5997
1681054713.4849362 4192.66 5997
1681054713.4862213 4192.66 5997
1681054713.4874802 4192.66 5997
1681054713.4887664 4192.66 5997
1681054713.4900491 4192.66 5997
1681054713.4912972 4192.66 5997
1681054713.5593886 4192.66 5997
1681054713.5607202 4192.66 5997
1681054713.5620496 4192.66 5997
1681054713.5633404 4192.66 5997
1681054713.5646026 4192.66 5997
1681054713.5658045 4192.66 5997
1681054713.566984 4192.66 5997
1681054713.5681593 4192.66 5997
1681054713.569364 4192.66 5997
1681054713.5706668 4192.66 5997
1681054713.5718622 4192.66 5997
1681054713.573048 4192.66 5997
1681054713.5742886 4192.66 5997
1681054713.6429927 4192.66 5997
1681054713.6445541 4192.66 5997
1681054713.645917 4192.66 5997
1681054713.6472611 4192.66 5997
1681054713.6485753 4192.66 5997
1681054713.6499114 4192.66 5997
1681054713.65121 4192.66 5997
1681054713.6524942 4192.66 5997
1681054713.653889 4192.66 5997
1681054713.6551511 4192.66 5997
1681054713.6564298 4192.66 5997
1681054713.6576333 4192.66 5997
1681054713.658827 4192.66 5997
1681054713.6600251 4192.66 5997
1681054713.7280633 4192.66 5997
1681054713.7294145 4192.66 5997
1681054713.7308166 4192.66 5997
1681054713.7321348 4192.66 5997
1681054713.7334347 4192.66 5997
1681054713.7347584 4192.66 5997
1681054713.7360897 4192.66 5997
1681054713.737503 4192.66 5997
1681054713.7387915 4192.66 5997
1681054713.7399807 4192.66 5997
1681054713.7411687 4192.66 5997
1681054713.7423751 4192.66 5997
1681054713.743591 4192.66 5997
1681054713.8114183 4192.66 5997
1681054713.8124244 4192.66 5997
1681054713.813171 4192.66 5997
1681054713.813912 4192.66 5997
1681054713.8146515 4192.66 5997
1681054713.8153303 4192.66 5997
1681054713.8160825 4192.66 5997
1681054713.816676 4192.66 5997
1681054713.8172367 4192.66 5997
1681054713.8178177 4192.66 5997
1681054713.8183856 4192.66 5997
1681054713.8189428 4192.66 5997
1681054713.8194976 4192.66 5997
1681054713.8955715 4192.66 5997
1681054713.8969076 4192.66 5997
1681054713.898149 4192.66 5997
1681054713.8993447 4192.66 5997
1681054713.900542 4192.66 5997
1681054713.9018092 4192.66 5997
1681054713.9030344 4192.66 5997
1681054713.9043345 4192.66 5997
1681054713.905549 4192.66 5997
1681054713.9067466 4192.66 5997
1681054713.9079497 4192.66 5997
1681054713.9091415 4192.66 5997
1681054713.9103572 4192.66 5997
1681054713.9115562 4192.66 5997
1681054713.9809103 4192.66 5997
1681054713.9822981 4192.66 5997
1681054713.9836583 4192.66 5997
1681054713.9850202 4192.66 5997
1681054713.9864955 4192.66 5997
1681054713.9878116 4192.66 5997
1681054713.9895585 4192.66 5997
1681054713.9908895 4192.66 5997
1681054713.9921863 4192.66 5997
1681054713.9934726 4192.66 5997
1681054713.9948096 4192.66 5997
1681054713.996105 4192.66 5997
1681054713.9973936 4192.66 5997
1681054714.0642915 4192.66 5997
1681054714.065914 4192.66 5997
1681054714.067287 4192.66 5997
1681054714.0685952 4192.66 5997
1681054714.0701337 4192.66 5997
1681054714.0714939 4192.66 5997
1681054714.0727968 4192.66 5997
1681054714.0744603 4192.66 5997
1681054714.0757704 4192.66 5997
1681054714.077006 4192.66 5997
1681054714.0782425 4192.66 5997
1681054714.079425 4192.66 5997
1681054714.080632 4192.66 5997
1681054714.0818386 4192.66 5997
1681054714.1495821 4192.66 5997
1681054714.1509228 4192.66 5997
1681054714.1523147 4192.66 5997
1681054714.1537588 4192.66 5997
1681054714.1550643 4192.66 5997
1681054714.1567283 4192.66 5997
1681054714.158086 4192.66 5997
1681054714.1593893 4192.66 5997
1681054714.1607072 4192.66 5997
1681054714.162036 4192.66 5997
1681054714.1633341 4192.66 5997
1681054714.1645215 4192.66 5997
1681054714.1657557 4192.66 5997
1681054714.2328465 4192.66 5997
1681054714.2335873 4192.66 5997
1681054714.2342105 4192.66 5997
1681054714.2348444 4192.66 5997
1681054714.2356405 4192.66 5997
1681054714.2363102 4192.66 5997
1681054714.2368956 4192.66 5997
1681054714.2374556 4192.66 5997
1681054714.2380362 4192.66 5997
1681054714.2386 4192.66 5997
1681054714.2391586 4192.66 5997
1681054714.2397144 4192.66 5997
1681054714.240269 4192.66 5997
1681054714.3169916 4192.66 5997
1681054714.3184867 4192.66 5997
1681054714.319721 4192.66 5997
1681054714.3210878 4192.66 5997
1681054714.3223596 4192.66 5997
1681054714.3235593 4192.66 5997
1681054714.3247502 4192.66 5997
1681054714.3259556 4192.66 5997
1681054714.3271437 4192.66 5997
1681054714.328334 4192.66 5997
1681054714.3295367 4192.66 5997
1681054714.33074 4192.66 5997
1681054714.3319306 4192.66 5997
1681054714.333124 4192.66 5997
1681054714.4024022 4192.66 5997
1681054714.4038992 4192.66 5997
1681054714.4052753 4192.66 5997
1681054714.4066644 4192.66 5997
1681054714.408083 4192.66 5997
1681054714.4094326 4192.66 5997
1681054714.4108748 4192.66 5997
1681054714.4121552 4192.66 5997
1681054714.413395 4192.66 5997
1681054714.4146562 4192.66 5997
1681054714.4159274 4192.66 5997
1681054714.4171798 4192.66 5997
1681054714.4184494 4192.66 5997
1681054714.4858315 4192.66 5997
1681054714.4876313 4192.66 5997
1681054714.489211 4192.66 5997
1681054714.490612 4192.66 5997
1681054714.4919884 4192.66 5997
1681054714.4933417 4192.66 5997
1681054714.4947567 4192.66 5997
1681054714.496043 4192.66 5997
1681054714.4973116 4192.66 5997
1681054714.4985626 4192.66 5997
1681054714.4998224 4192.66 5997
1681054714.5010526 4192.66 5997
1681054714.5023358 4192.66 5997
1681054714.5036106 4192.66 5997
1681054714.5709732 4192.66 5997
1681054714.5723243 4192.66 5997
1681054714.5736544 4192.66 5997
1681054714.574971 4192.66 5997
1681054714.5762913 4192.66 5997
1681054714.577582 4192.66 5997
1681054714.5788398 4192.66 5997
1681054714.580117 4192.66 5997
1681054714.581316 4192.66 5997
1681054714.5825086 4192.66 5997
1681054714.5836797 4192.66 5997
1681054714.5849922 4192.66 5997
1681054714.586717 4192.66 5997
1681054714.654423 4192.66 5997
1681054714.6560016 4192.66 5997
1681054714.6573517 4192.66 5997
1681054714.6604218 4192.66 5997
1681054714.6617813 4192.66 5997
1681054714.663039 4192.66 5997
1681054714.6643496 4192.66 5997
1681054714.6655552 4192.66 5997
1681054714.6669898 4192.66 5997
1681054714.6683097 4192.66 5997
1681054714.6697705 4192.66 5997
1681054714.671055 4192.66 5997
1681054714.6722476 4192.66 5997
1681054714.7384899 4192.66 5997
1681054714.7401707 4192.66 5997
1681054714.7415056 4192.66 5997
1681054714.7428234 4192.66 5997
1681054714.7441213 4192.66 5997
1681054714.7454154 4192.66 5997
1681054714.7467346 4192.66 5997
1681054714.7480273 4192.66 5997
1681054714.749555 4192.66 5997
1681054714.7510567 4192.66 5997
1681054714.7523742 4192.66 5997
1681054714.7540772 4192.66 5997
1681054714.7554162 4192.66 5997
1681054714.7566173 4192.66 5997
1681054714.8238816 4192.66 5997
1681054714.8253236 4192.66 5997
1681054714.8268218 4192.66 5997
1681054714.8281748 4192.66 5997
1681054714.830256 4192.66 5997
1681054714.8318934 4192.66 5997
1681054714.8333132 4192.66 5997
1681054714.8349116 4192.66 5997
1681054714.8369982 4192.66 5997
1681054714.838669 4192.66 5997
1681054714.8400395 4192.66 5997
1681054714.841385 4192.66 5997
1681054714.8428133 4192.66 5997
1681054714.9071178 4192.66 5997
1681054714.9087727 4192.66 5997
1681054714.910261 4192.66 5997
1681054714.9117887 4192.66 5997
1681054714.9132109 4192.66 5997
1681054714.9146535 4192.66 5997
1681054714.916011 4192.66 5997
1681054714.9173687 4192.66 5997
1681054714.918802 4192.66 5997
1681054714.9201703 4192.66 5997
1681054714.9215646 4192.66 5997
1681054714.9229743 4192.66 5997
1681054714.924339 4192.66 5997
1681054714.9256802 4192.66 5997
1681054714.9923532 4192.66 5997
1681054714.993825 4192.66 5997
1681054714.9952013 4192.66 5997
1681054714.996537 4192.66 5997
1681054714.997927 4192.66 5997
1681054714.9992802 4192.66 5997
1681054715.000662 4192.66 5997
1681054715.0021849 4192.66 5997
1681054715.003478 4192.66 5997
1681054715.0047581 4192.66 5997
1681054715.0060413 4192.66 5997
1681054715.0072844 4192.66 5997
1681054715.008522 4192.66 5997
1681054715.0764403 4192.66 5997
1681054715.0790632 4192.66 5997
1681054715.0813935 4192.66 5997
1681054715.0837238 4192.66 5997
1681054715.0860493 4192.66 5997
1681054715.088272 4192.66 5997
1681054715.0911872 4192.66 5997
1681054715.0938048 4192.66 5997
1681054715.0963442 4192.66 5997
1681054715.0993237 4192.66 5997
1681054715.101655 4192.66 5997
1681054715.1032114 4192.66 5997
1681054715.1048388 4192.66 5997
1681054715.106408 4192.66 5997
1681054715.1606338 4192.66 5997
1681054715.1617024 4192.66 5997
1681054715.1627612 4192.66 5997
1681054715.1638105 4192.66 5997
1681054715.1648552 4192.66 5997
1681054715.1659112 4192.66 5997
1681054715.1669533 4192.66 5997
1681054715.1679919 4192.66 5997
1681054715.169006 4192.66 5997
1681054715.1697047 4192.66 5997
1681054715.1703491 4192.66 5997
1681054715.1709096 4192.66 5997
1681054715.1714473 4192.66 5997
1681054715.2451527 4192.66 5997
1681054715.2465956 4192.66 5997
1681054715.247981 4192.66 5997
1681054715.2493331 4192.66 5997
1681054715.2512152 4192.66 5997
1681054715.2525508 4192.66 5997
1681054715.2538679 4192.66 5997
1681054715.2551212 4192.66 5997
1681054715.256368 4192.66 5997
1681054715.2576275 4192.66 5997
1681054715.2588882 4192.66 5997
1681054715.260133 4192.66 5997
1681054715.2613685 4192.66 5997
1681054715.3286781 4192.66 5997
1681054715.3302138 4192.66 5997
1681054715.3314865 4192.66 5997
1681054715.3327584 4192.66 5997
1681054715.334043 4192.66 5997
1681054715.3352935 4192.66 5997
1681054715.3365579 4192.66 5997
1681054715.3378663 4192.66 5997
1681054715.3391275 4192.66 5997
1681054715.340409 4192.66 5997
1681054715.3417141 4192.66 5997
1681054715.3429985 4192.66 5997
1681054715.3442712 4192.66 5997
1681054715.345543 4192.66 5997
1681054715.413878 4192.66 5997
1681054715.4152906 4192.66 5997
1681054715.4166732 4192.66 5997
1681054715.418069 4192.66 5997
1681054715.4195058 4192.66 5997
1681054715.4208724 4192.66 5997
1681054715.4221957 4192.66 5997
1681054715.4234352 4192.66 5997
1681054715.4247375 4192.66 5997
1681054715.4260404 4192.66 5997
1681054715.4272919 4192.66 5997
1681054715.4285226 4192.66 5997
1681054715.4297988 4192.66 5997
1681054715.4973555 4192.66 5997
1681054715.4990768 4192.66 5997
1681054715.500517 4192.66 5997
1681054715.5019922 4192.66 5997
1681054715.5034153 4192.66 5997
1681054715.5048683 4192.66 5997
1681054715.5064 4192.66 5997
1681054715.507881 4192.66 5997
1681054715.5092933 4192.66 5997
1681054715.5106413 4192.66 5997
1681054715.5119514 4192.66 5997
1681054715.5132558 4192.66 5997
1681054715.5145953 4192.66 5997
1681054715.5159032 4192.66 5997
1681054715.582708 4192.66 5997
1681054715.5842643 4192.66 5997
1681054715.5857182 4192.66 5997
1681054715.587143 4192.66 5997
1681054715.5886056 4192.66 5997
1681054715.5899854 4192.66 5997
1681054715.591382 4192.66 5997
1681054715.592756 4192.66 5997
1681054715.594136 4192.66 5997
1681054715.59549 4192.66 5997
1681054715.596851 4192.66 5997
1681054715.5982094 4192.66 5997
1681054715.599526 4192.66 5997
1681054715.6666193 4192.66 5997
1681054715.6681316 4192.66 5997
1681054715.669584 4192.66 5997
1681054715.6709723 4192.66 5997
1681054715.6723359 4192.66 5997
1681054715.6737182 4192.66 5997
1681054715.6749682 4192.66 5997
1681054715.6762154 4192.66 5997
1681054715.6774478 4192.66 5997
1681054715.6787407 4192.66 5997
1681054715.679976 4192.66 5997
1681054715.6812215 4192.66 5997
1681054715.6825044 4192.66 5997
1681054715.7500374 4192.66 5997
1681054715.7518408 4192.66 5997
1681054715.7535586 4192.66 5997
1681054715.7551036 4192.66 5997
1681054715.7565002 4192.66 5997
1681054715.7579148 4192.66 5997
1681054715.7592895 4192.66 5997
1681054715.7606835 4192.66 5997
1681054715.7620795 4192.66 5997
1681054715.7634368 4192.66 5997
1681054715.7648196 4192.66 5997
1681054715.7661479 4192.66 5997
1681054715.767411 4192.66 5997
1681054715.7686887 4192.66 5997
1681054715.8353345 4192.66 5997
1681054715.8367872 4192.66 5997
1681054715.8382149 4192.66 5997
1681054715.8397725 4192.66 5997
1681054715.841178 4192.66 5997
1681054715.8425815 4192.66 5997
1681054715.8440013 4192.66 5997
1681054715.8453677 4192.66 5997
1681054715.8467515 4192.66 5997
1681054715.8480716 4192.66 5997
1681054715.8493626 4192.66 5997
1681054715.8506737 4192.66 5997
1681054715.8519342 4192.66 5997
1681054715.9188042 4192.66 8471
1681054715.9203746 4192.74 8472
1681054715.9218104 4192.74 8472
1681054715.9232197 4192.74 8472
1681054715.9245703 4192.74 8472
1681054715.9259624 4192.74 8472
1681054715.9273133 4192.74 8472
1681054715.928659 4192.74 8472
1681054715.9300282 4192.74 8472
1681054715.9312866 4192.74 8472
1681054715.93272 4192.74 8472
1681054715.9340332 4192.74 8472
1681054715.9352877 4192.74 8472
1681054715.9365447 4192.74 8472
1681054716.00393 4192.74 8472
1681054716.0052686 4192.74 8472
1681054716.006607 4192.74 8472
1681054716.0079086 4192.74 8472
1681054716.0092068 4192.74 8472
1681054716.0105114 4192.74 8472
1681054716.0117908 4192.74 8472
1681054716.0130694 4192.74 8472
1681054716.0145285 4192.74 8472
1681054716.0157878 4192.74 8472
1681054716.0170841 4192.74 8472
1681054716.018385 4192.74 8472
1681054716.0196135 4192.74 8472
1681054716.0880687 4192.74 8472
1681054716.0894227 4192.74 8472
1681054716.09076 4192.74 8472
1681054716.0920515 4192.74 8472
1681054716.0935082 4192.74 8472
1681054716.0949647 4192.74 8472
1681054716.096269 4192.74 8472
1681054716.0975978 4192.74 8472
1681054716.0989847 4192.74 8472
1681054716.1003075 4192.74 8472
1681054716.1015236 4192.74 8472
1681054716.1028106 4192.74 8472
1681054716.1040115 4192.74 8472
1681054716.1715457 4192.74 8472
1681054716.1731982 4192.74 8472
1681054716.1745667 4192.74 8472
1681054716.175876 4192.74 8472
1681054716.1772726 4192.74 8472
1681054716.178656 4192.74 8472
1681054716.17985 4192.74 8472
1681054716.1810348 4192.74 8472
1681054716.1823716 4192.74 8472
1681054716.1836133 4192.74 8472
1681054716.1850922 4192.74 8472
1681054716.1864047 4192.74 8472
1681054716.1876018 4192.74 8472
1681054716.1887965 4192.78 8800
1681054716.2568805 4192.78 8800
1681054716.258276 4192.78 8800
1681054716.259601 4192.78 8800
1681054716.2609038 4192.78 8800
1681054716.2622716 4192.78 8800
1681054716.263572 4192.78 8800
1681054716.2648525 4192.78 8800
1681054716.2663248 4192.78 8800
1681054716.2678297 4192.78 8800
1681054716.269219 4192.78 8800
1681054716.2705805 4192.78 8800
1681054716.2720187 4192.78 8800
1681054716.273417 4192.78 8800
1681054716.3402154 4192.78 8800
1681054716.341804 4192.78 8800
1681054716.3431568 4192.78 8800
1681054716.344474 4192.78 8800
1681054716.3457901 4192.78 8800
1681054716.347212 4192.78 8800
1681054716.3485184 4192.78 8800
1681054716.3498363 4192.78 8800
1681054716.351135 4192.78 8800
1681054716.3525007 4192.78 8800
1681054716.3537915 4192.78 8800
1681054716.3549912 4192.78 8800
1681054716.3561902 4192.78 8800
1681054716.3573875 4192.78 8800
1681054716.4254622 4192.78 8800
1681054716.4269316 4192.78 8800
1681054716.4282913 4192.78 8800
1681054716.4296167 4192.78 8800
1681054716.4309165 4192.78 8800
1681054716.4322062 4192.78 8800
1681054716.4336786 4192.78 8800
1681054716.4350843 4192.78 8800
1681054716.4364228 4192.78 8800
1681054716.4377513 4192.78 8800
1681054716.438962 4192.78 8800
1681054716.4402509 4192.78 8800
1681054716.4414487 4192.78 8800
1681054716.5095873 4192.78 8800
1681054716.5109484 4192.78 8800
1681054716.5122604 4192.78 8800
1681054716.5135803 4192.78 8800
1681054716.514886 4192.78 8800
1681054716.5161846 4192.78 8800
1681054716.5175016 4192.78 8800
1681054716.5188105 4192.78 8800
1681054716.5201037 4192.78 8800
1681054716.5213115 4192.78 8800
1681054716.522556 4192.78 8800
1681054716.5237536 4192.78 8800
1681054716.5249496 4192.78 8800
1681054716.5929196 4192.78 8800
1681054716.5945573 4192.78 8800
1681054716.5958867 4192.78 8800
1681054716.5971997 4192.78 8800
1681054716.5985606 4192.78 8800
1681054716.5999298 4192.78 8800
1681054716.6012795 4192.78 8800
1681054716.6026866 4192.78 8800
1681054716.6039762 4192.78 8800
1681054716.6051888 4192.78 8800
1681054716.6063926 4192.78 8800
1681054716.6075811 4192.78 8800
1681054716.6087916 4192.78 8800
1681054716.6099987 4192.78 8800
1681054716.6782517 4192.78 8800
1681054716.679603 4192.78 8800
1681054716.6809077 4192.78 8800
1681054716.6822214 4192.78 8800
1681054716.68366 4192.78 8800
1681054716.6848636 4192.78 8800
1681054716.686169 4192.78 8800
1681054716.6873577 4192.78 8800
1681054716.6885433 4192.78 8800
1681054716.6897557 4192.78 8800
1681054716.6909533 4192.78 8800
1681054716.6921544 4192.78 8800
1681054716.6933448 4192.78 8800
1681054716.7617106 4192.78 8800
1681054716.763275 4192.78 8800
1681054716.764699 4192.78 8800
1681054716.7663522 4192.78 8800
1681054716.7677112 4192.78 8800
1681054716.7691185 4192.78 8800
1681054716.770444 4192.78 8800
1681054716.7717388 4192.78 8800
1681054716.7730448 4192.78 8800
1681054716.7744997 4192.78 8800
1681054716.775812 4192.78 8800
1681054716.777104 4192.78 8800
1681054716.7783418 4192.78 8800
1681054716.7795346 4192.78 8800
1681054716.8469243 4192.78 8800
1681054716.8483324 4192.78 8800
1681054716.8496811 4192.78 8800
1681054716.8513854 4192.78 8800
1681054716.8527362 4192.78 8800
1681054716.854084 4192.78 8800
1681054716.8553023 4192.78 8800
1681054716.8565388 4192.78 8800
1681054716.8578067 4192.78 8800
1681054716.8589928 4192.78 8800
1681054716.8601775 4192.78 8800
1681054716.861359 4192.78 8800
1681054716.8625598 4192.78 8800
1681054716.9305174 4192.78 8800
1681054716.932129 4192.78 8800
1681054716.9334753 4192.78 8800
1681054716.9348633 4192.78 8800
1681054716.9361775 4192.78 8800
1681054716.9375002 4192.78 8800
1681054716.938814 4192.78 8800
1681054716.9400604 4192.78 8800
1681054716.941374 4192.78 8800
1681054716.9426367 4192.78 8800
1681054716.9439461 4192.78 8800
1681054716.9451685 4192.78 8800
1681054716.9464154 4192.78 8800
1681054717.014441 4192.78 8800
1681054717.015992 4192.78 8800
1681054717.0173135 4192.78 8800
1681054717.0187094 4192.78 8800
1681054717.0200226 4192.78 8800
1681054717.021328 4192.78 8800
1681054717.0226858 4192.78 8800
1681054717.024049 4192.78 8800
1681054717.0252826 4192.78 8800
1681054717.0265322 4192.78 8800
1681054717.0277476 4192.78 8800
1681054717.028961 4192.78 8800
1681054717.0303242 4192.78 8800
1681054717.031549 4192.78 8800
1681054717.0989368 4192.78 8800
1681054717.099366 4192.78 8800
1681054717.0997841 4192.78 8800
1681054717.1001985 4192.78 8800
1681054717.100612 4192.78 8800
1681054717.101025 4192.78 8800
1681054717.1014545 4192.78 8800
1681054717.10191 4192.78 8800
1681054717.1023283 4192.78 8800
1681054717.1027453 4192.78 8800
1681054717.1031632 4192.78 8800
1681054717.103582 4192.78 8800
1681054717.1039984 4192.78 8800
1681054717.183178 4192.78 8800
1681054717.1850784 4192.78 8800
1681054717.1865509 4192.78 8800
1681054717.1879468 4192.78 8800
1681054717.1893246 4192.78 8800
1681054717.190604 4192.78 8800
1681054717.1918745 4192.78 8800
1681054717.1931179 4192.78 8800
1681054717.1943922 4192.78 8800
1681054717.1956425 4192.78 8800
1681054717.1969 4192.78 8800
1681054717.1982648 4192.78 8800
1681054717.1995459 4192.78 8800
1681054717.2007606 4192.78 8800
1681054717.2684152 4192.78 8800
1681054717.2699625 4192.78 8800
1681054717.2717574 4192.78 8800
1681054717.273401 4192.78 8800
1681054717.2748504 4192.78 8800
1681054717.276202 4192.78 8800
1681054717.277611 4192.78 8800
1681054717.278957 4192.78 8800
1681054717.2803063 4192.78 8800
1681054717.2815592 4192.78 8800
1681054717.2831745 4192.78 8800
1681054717.2848248 4192.78 8800
1681054717.2865374 4192.78 8800
1681054717.351786 4192.78 8800
1681054717.3534002 4192.78 8800
1681054717.3548715 4192.78 8800
1681054717.3562517 4192.78 8800
1681054717.3576748 4192.78 8800
1681054717.3590503 4192.78 8800
1681054717.3604226 4192.78 8800
1681054717.361842 4192.78 8800
1681054717.3631954 4192.78 8800
1681054717.3647282 4192.78 8800
1681054717.3661416 4192.78 8800
1681054717.3674312 4192.78 8800
1681054717.3687859 4192.78 8800
1681054717.4358127 4192.78 8800
1681054717.4375741 4192.78 8800
1681054717.4389756 4192.78 8800
1681054717.4404507 4192.78 8800
1681054717.441904 4192.78 8800
1681054717.4432883 4192.78 8800
1681054717.4446816 4192.78 8800
1681054717.4461255 4192.78 8800
1681054717.4474866 4192.78 8800
1681054717.4488716 4192.78 8800
1681054717.4502053 4192.78 8800
1681054717.4517026 4192.78 8800
1681054717.4529939 4192.78 8800
1681054717.4542954 4192.78 8800
1681054717.5214372 4192.78 8800
1681054717.5230868 4192.78 8800
1681054717.524693 4192.78 8800
1681054717.526261 4192.78 8800
1681054717.5277698 4192.78 8800
1681054717.529266 4192.78 8800
1681054717.5307293 4192.78 8800
1681054717.5320954 4192.78 8800
1681054717.5334735 4192.78 8800
1681054717.5349033 4192.78 8800
1681054717.5363367 4192.78 8800
1681054717.53782 4192.78 8800
1681054717.539232 4192.78 8800
1681054717.6057444 4192.78 8800
1681054717.6072257 4192.78 8800
1681054717.6086383 4192.78 8800
1681054717.6100442 4192.78 8800
1681054717.6114163 4192.78 8800
1681054717.612776 4192.78 8800
1681054717.6140535 4192.78 8800
1681054717.6153061 4192.78 8800
1681054717.6165526 4192.78 8800
1681054717.618048 4192.78 8800
1681054717.619424 4192.78 8800
1681054717.6207337 4192.78 8800
1681054717.6220324 4192.78 8800
1681054717.6898825 4192.78 8800
1681054717.6913385 4192.78 8800
1681054717.692741 4192.78 8800
1681054717.694145 4192.78 8800
1681054717.6955087 4192.78 8800
1681054717.69693 4192.78 8800
1681054717.698332 4192.78 8800
1681054717.6997254 4192.78 8800
1681054717.7011018 4192.78 8800
1681054717.7025726 4192.78 8800
1681054717.7038746 4192.78 8800
1681054717.7051337 4192.78 8800
1681054717.706426 4192.78 8800
1681054717.7741935 4192.78 8800
1681054717.7756507 4192.78 8800
1681054717.7770264 4192.78 8800
1681054717.778408 4192.78 8800
1681054717.779794 4192.78 8800
1681054717.7812378 4192.78 8800
1681054717.7828512 4192.78 8800
1681054717.784285 4192.78 8800
1681054717.7858179 4192.78 8800
1681054717.787207 4192.78 8800
1681054717.7885907 4192.78 8800
1681054717.7898977 4192.78 8800
1681054717.791171 4192.78 8800
1681054717.858443 4192.78 8800
1681054717.8600194 4192.78 8800
1681054717.8614163 4192.78 8800
1681054717.8628871 4192.78 8800
1681054717.8642874 4192.78 8800
1681054717.8657656 4192.78 8800
1681054717.8671653 4192.78 8800
1681054717.868549 4192.78 8800
1681054717.8700714 4192.78 8800
1681054717.8714614 4192.78 8800
1681054717.8728738 4192.78 8800
1681054717.8742034 4192.78 8800
1681054717.875471 4192.78 8800
1681054717.9426005 4192.78 8800
1681054717.9440806 4192.78 8800
1681054717.9455538 4192.78 8800
1681054717.946982 4192.78 8800
1681054717.94838 4192.78 8800
1681054717.949822 4192.78 8800
1681054717.9512107 4192.78 8800
1681054717.952684 4192.78 8800
1681054717.9541044 4192.78 8800
1681054717.9554865 4192.78 8800
1681054717.9568896 4192.78 8800
1681054717.9583335 4192.78 8800
1681054717.9596703 4192.78 8800
1681054718.0269413 4192.78 8800
1681054718.0284188 4192.78 8800
1681054718.0298645 4192.78 8800
1681054718.0312428 4192.78 8800
1681054718.0326262 4192.78 8800
1681054718.0342393 4192.78 8800
1681054718.0357 4192.78 8800
1681054718.0369925 4192.78 8800
1681054718.0383098 4192.78 8800
1681054718.0396564 4192.78 8800
1681054718.0409298 4192.78 8800
1681054718.0422862 4192.78 8800
1681054718.0435448 4192.78 8800
1681054718.1110148 4192.78 8800
1681054718.1123273 4192.78 8800
1681054718.113684 4192.78 8800
1681054718.114965 4192.78 8800
1681054718.1162257 4192.78 8800
1681054718.1175992 4192.78 8800
1681054718.1190398 4192.78 8800
1681054718.1203415 4192.78 8800
1681054718.121688 4192.78 8800
1681054718.1229608 4192.78 8800
1681054718.1242332 4192.78 8800
1681054718.1255245 4192.78 8800
1681054718.1268332 4192.78 8800
1681054718.1954966 4192.78 8800
1681054718.1969368 4192.78 8800
1681054718.198421 4192.78 8800
1681054718.1998231 4192.78 8800
1681054718.2013612 4192.78 8800
1681054718.2029808 4192.78 8800
1681054718.2043893 4192.78 8800
1681054718.2058256 4192.78 8800
1681054718.20715 4192.78 8800
1681054718.208422 4192.78 8800
1681054718.2097147 4192.78 8800
1681054718.211016 4192.78 8800
1681054718.2122977 4192.78 8800
