1681069588.164437 0.00 0
1681069588.2846882 0.00 0
1681069588.2862604 0.00 0
1681069588.287676 0.00 0
1681069588.2890759 0.00 0
1681069588.2904735 0.00 0
1681069588.2918367 0.00 0
1681069588.2932608 0.00 0
1681069588.2945533 0.00 0
1681069588.29588 0.00 0
1681069588.297166 0.00 0
1681069588.2984107 0.00 0
1681069588.2997468 0.60 97
1681069588.3010712 4.02 103
1681069588.3023968 7.48 108
1681069588.3037136 11.02 113
1681069588.3050575 13.59 119
1681069588.3687508 16.69 124
1681069588.3702762 20.87 131
1681069588.3717036 24.81 136
1681069588.3731692 28.55 142
1681069588.3745604 33.22 147
1681069588.3753073 39.73 153
1681069588.3757288 46.81 158
1681069588.376177 53.44 164
1681069588.3766818 60.40 169
1681069588.3772478 67.48 176
1681069588.3779051 73.95 181
1681069588.378615 80.91 187
1681069588.379349 87.54 192
1681069588.3801541 94.50 198
1681069588.3809767 100.97 203
1681069588.4531448 108.21 209
1681069588.4549065 114.41 216
1681069588.4564407 121.12 221
1681069588.4578702 128.20 227
1681069588.4591844 135.16 232
1681069588.4604714 142.19 238
1681069588.4617388 148.38 244
1681069588.4632215 154.62 249
1681069588.4647288 161.33 256
1681069588.4663007 165.11 262
1681069588.4681525 168.85 267
1681069588.4695547 173.11 273
1681069588.4708564 178.66 279
1681069588.4720778 183.85 284
1681069588.473373 188.35 290
1681069588.537553 192.29 296
1681069588.5390856 198.28 302
1681069588.5404816 203.39 308
1681069588.541827 207.09 313
1681069588.54314 210.86 319
1681069588.5445569 215.77 325
1681069588.5459354 219.75 330
1681069588.5472748 225.10 336
1681069588.5487232 230.41 343
1681069588.5500994 234.95 348
1681069588.5515153 241.62 354
1681069588.5528972 245.88 360
1681069588.554224 249.58 365
1681069588.555579 253.40 371
1681069588.6208608 258.51 377
1681069588.6225917 263.14 382
1681069588.624085 267.60 389
1681069588.625471 273.23 394
1681069588.6268015 278.18 400
1681069588.6281822 283.65 406
1681069588.6297152 287.35 411
1681069588.631084 291.05 417
1681069588.6324615 295.68 423
1681069588.6337972 299.58 429
1681069588.6351006 304.04 435
1681069588.636466 308.14 441
1681069588.637795 312.13 446
1681069588.6390994 315.75 452
1681069588.6404595 319.45 458
1681069588.7061145 323.23 463
1681069588.7076612 328.14 470
1681069588.7092297 331.84 476
1681069588.7107275 335.62 481
1681069588.7120569 339.32 487
1681069588.7134175 343.22 492
1681069588.714754 346.80 498
1681069588.7160566 350.90 504
1681069588.7174375 355.45 509
1681069588.7187603 359.31 516
1681069588.7200108 363.01 522
1681069588.7213168 366.71 527
1681069588.722541 370.41 533
1681069588.7239137 374.07 539
1681069588.7893965 377.81 544
1681069588.7912974 381.51 550
1681069588.79279 384.65 557
1681069588.794285 386.42 560
1681069588.7956183 388.99 567
1681069588.7969663 391.16 573
1681069588.7983365 393.58 579
1681069588.799691 396.39 585
1681069588.8010535 398.52 590
1681069588.8024027 400.01 596
1681069588.8038626 400.86 603
1681069588.805285 402.67 608
1681069588.806612 405.04 614
1681069588.8079314 407.90 620
1681069588.8093157 410.39 625
1681069588.8745167 412.04 628
1681069588.875971 413.21 635
1681069588.8774087 415.30 643
1681069588.8788538 419.04 649
1681069588.8803475 422.74 654
1681069588.8816843 426.60 660
1681069588.8830101 430.86 666
1681069588.884497 435.17 671
1681069588.8859107 438.95 677
1681069588.8873265 442.69 684
1681069588.8886616 446.39 689
1681069588.8899503 450.09 695
1681069588.891224 453.91 701
1681069588.8925304 458.13 706
1681069588.8938131 462.08 712
1681069588.9590816 465.86 718
1681069588.9606614 469.56 723
1681069588.9621449 473.30 730
1681069588.9634821 477.12 736
1681069588.9648438 481.46 741
1681069588.9662986 485.24 747
1681069588.9676292 488.98 752
1681069588.9691043 492.68 758
1681069588.9706457 496.38 764
1681069588.9720774 500.13 770
1681069588.9734619 503.91 776
1681069588.9748044 507.73 782
1681069588.976124 511.55 787
1681069588.9774668 515.25 793
1681069589.0424032 518.95 799
1681069589.0446506 522.65 804
1681069589.0460339 526.43 811
1681069589.0476818 530.73 817
1681069589.049023 534.68 822
1681069589.0506558 538.38 828
1681069589.0522258 542.12 833
1681069589.0535684 545.78 839
1681069589.0548534 549.56 845
1681069589.056304 554.22 850
1681069589.0576077 558.53 857
1681069589.0588768 562.27 863
1681069589.0601587 565.97 868
1681069589.061421 569.63 874
1681069589.0627308 573.01 880
1681069589.127388 577.75 885
1681069589.1287653 584.67 891
1681069589.1300929 590.91 898
1681069589.1313813 594.61 903
1681069589.1326833 598.23 908
1681069589.1342955 600.76 915
1681069589.1354766 605.51 920
1681069589.136675 609.25 926
1681069589.1378245 612.87 931
1681069589.1389735 616.49 937
1681069589.1401596 619.10 944
1681069589.1413367 622.76 949
1681069589.1425035 627.71 955
1681069589.1436596 631.93 961
1681069589.2109547 635.47 966
1681069589.2124572 639.05 972
1681069589.2141762 641.79 978
1681069589.2154994 646.21 984
1681069589.2168016 650.19 990
1681069589.2180634 653.85 996
1681069589.2193403 657.51 1001
1681069589.2206347 660.53 1007
1681069589.2218845 663.99 1013
1681069589.2230701 668.74 1019
1681069589.2242706 672.60 1026
1681069589.2254813 676.50 1032
1681069589.2266688 679.48 1038
1681069589.2278557 682.94 1044
1681069589.2951474 687.52 1050
1681069589.2968702 691.38 1056
1681069589.2983255 695.24 1062
1681069589.300071 697.74 1069
1681069589.3014393 702.08 1075
1681069589.3027532 706.22 1081
1681069589.304043 710.09 1087
1681069589.305355 713.87 1093
1681069589.3066459 716.56 1099
1681069589.3079321 721.03 1105
1681069589.309231 725.17 1112
1681069589.310418 728.95 1118
1681069589.311605 732.77 1123
1681069589.3129556 735.59 1130
1681069589.379601 740.01 1136
1681069589.3816936 743.91 1142
1681069589.383121 747.81 1148
1681069589.384549 750.59 1155
1681069589.3860881 754.81 1161
1681069589.3873882 758.79 1167
1681069589.3887045 762.62 1173
1681069589.390003 766.44 1179
1681069589.3912904 769.05 1184
1681069589.3926134 773.39 1190
1681069589.3941107 776.57 1197
1681069589.395433 780.47 1203
1681069589.3967402 782.97 1209
1681069589.3979833 787.23 1215
1681069589.4645722 791.01 1221
1681069589.4659762 794.19 1227
1681069589.46728 797.81 1233
1681069589.4686089 800.38 1240
1681069589.4699013 804.37 1246
1681069589.4712057 807.10 1252
1681069589.4724274 809.84 1258
1681069589.4737306 812.25 1264
1681069589.475053 816.59 1270
1681069589.4763799 818.60 1276
1681069589.4776645 821.58 1283
1681069589.478946 823.43 1289
1681069589.4803047 827.57 1295
1681069589.4815419 830.51 1299
1681069589.5489943 832.84 1307
1681069589.5504706 835.58 1312
1681069589.551957 838.19 1319
1681069589.5533457 841.57 1326
1681069589.5547585 843.98 1332
1681069589.5562696 846.08 1338
1681069589.5576763 848.37 1344
1681069589.5590916 851.83 1350
1681069589.5605264 854.52 1356
1681069589.561849 857.02 1362
1681069589.563291 859.11 1369
1681069589.5647094 863.13 1374
1681069589.5659254 865.18 1381
1681069589.5671253 867.64 1385
1681069589.633488 868.96 1393
1681069589.6349866 873.23 1399
1681069589.6364353 875.36 1405
1681069589.6378694 877.69 1411
1681069589.6392372 879.26 1415
1681069589.6406739 882.52 1424
1681069589.6421218 885.05 1428
1681069589.643474 886.82 1436
1681069589.6449242 889.07 1440
1681069589.6464863 891.73 1447
1681069589.6478236 894.58 1453
1681069589.6492214 896.27 1460
1681069589.650562 897.92 1465
1681069589.716477 900.30 1472
1681069589.7182527 903.35 1478
1681069589.7196798 905.08 1484
1681069589.7212005 906.25 1489
1681069589.7226694 908.46 1497
1681069589.7241356 910.59 1503
1681069589.725604 912.60 1509
1681069589.7269778 914.29 1514
1681069589.7283492 916.51 1521
1681069589.7299778 918.76 1527
1681069589.7314003 920.81 1533
1681069589.7327936 921.69 1539
1681069589.734105 923.79 1546
1681069589.7354088 926.84 1552
1681069589.8010082 929.09 1557
1681069589.8027284 930.14 1564
1681069589.804129 932.39 1570
1681069589.805574 935.73 1576
1681069589.8069272 938.14 1583
1681069589.808413 939.35 1589
1681069589.8098404 941.28 1595
1681069589.8111677 945.10 1601
1681069589.8125606 946.75 1607
1681069589.8140547 948.48 1610
1681069589.8153884 949.57 1619
1681069589.8167317 953.71 1625
1681069589.818023 955.04 1632
1681069589.8193088 957.09 1636
1681069589.8860037 957.97 1644
1681069589.8875191 962.16 1649
1681069589.8889375 963.73 1656
1681069589.8903127 966.26 1660
1681069589.8917305 967.35 1669
1681069589.893172 971.21 1675
1681069589.8944447 972.98 1681
1681069589.8958907 975.31 1686
1681069589.8974388 976.76 1693
1681069589.8987427 980.02 1698
1681069589.9000754 982.03 1704
1681069589.9014194 984.08 1711
1681069589.9027164 985.53 1715
1681069589.9040074 988.74 1723
1681069589.970465 990.72 1727
1681069589.971925 992.57 1735
1681069589.9733899 993.97 1739
1681069589.9748046 996.79 1747
1681069589.9762397 999.28 1752
1681069589.977674 1001.01 1760
1681069589.9791925 1002.10 1766
1681069589.980828 1004.59 1773
1681069589.9821858 1006.68 1776
1681069589.9835095 1008.57 1784
1681069589.984857 1009.50 1792
1681069589.9861834 1012.48 1798
1681069589.9874933 1014.73 1804
1681069590.0537612 1016.82 1809
1681069590.0554817 1017.91 1817
1681069590.0569253 1021.65 1823
1681069590.0583265 1023.66 1829
1681069590.0598433 1026.03 1835
1681069590.061245 1027.19 1842
1681069590.0627234 1030.40 1848
1681069590.064332 1030.97 1855
1681069590.0657203 1032.89 1858
1681069590.0673513 1033.90 1867
1681069590.0689788 1037.39 1872
1681069590.0703855 1038.28 1880
1681069590.0717547 1040.77 1884
1681069590.0734107 1042.01 1892
1681069590.1388133 1045.83 1897
1681069590.1402123 1047.27 1905
1681069590.1420162 1049.28 1911
1681069590.1436384 1050.77 1917
1681069590.1453116 1053.78 1924
1681069590.147371 1055.63 1930
1681069590.1490643 1057.39 1936
1681069590.1506126 1059.08 1943
1681069590.152091 1062.41 1949
1681069590.1537442 1064.54 1954
1681069590.1558177 1066.19 1961
1681069590.1576927 1068.00 1968
1681069590.1592684 1070.93 1974
1681069590.2227473 1073.50 1979
1681069590.2238836 1074.70 1986
1681069590.2251856 1076.71 1992
1681069590.226404 1079.16 1999
1681069590.2276902 1081.29 2003
1681069590.2290587 1082.61 2012
1681069590.2304425 1085.02 2018
1681069590.2317526 1087.63 2024
1681069590.233086 1089.48 2031
1681069590.234389 1090.73 2036
1681069590.235698 1093.10 2043
1681069590.237016 1095.39 2048
1681069590.2381296 1096.83 2056
1681069590.306506 1098.12 2060
1681069590.308094 1100.08 2068
1681069590.3095381 1102.57 2072
1681069590.3109176 1104.30 2080
1681069590.3123276 1105.63 2084
1681069590.313706 1108.28 2094
1681069590.315057 1110.33 2100
1681069590.3165712 1112.37 2105
1681069590.3179588 1113.54 2112
1681069590.3193336 1116.39 2118
1681069590.3207371 1117.35 2125
1681069590.322 1119.68 2129
1681069590.3232906 1120.45 2138
1681069590.3245761 1123.74 2143
1681069590.391746 1124.78 2150
1681069590.3932586 1126.55 2154
1681069590.3945558 1127.88 2163
1681069590.3959467 1131.29 2169
1681069590.3974128 1132.82 2176
1681069590.398813 1134.74 2182
1681069590.4001982 1136.43 2188
1681069590.4015846 1139.00 2194
1681069590.4028788 1140.45 2200
1681069590.4041893 1141.41 2207
1681069590.4054902 1143.38 2212
1681069590.406741 1145.63 2220
1681069590.4080255 1147.84 2225
1681069590.475218 1148.56 2232
1681069590.4768727 1150.81 2237
1681069590.4782128 1153.06 2244
1681069590.4797378 1154.90 2251
1681069590.4812129 1155.91 2256
1681069590.482614 1157.80 2264
1681069590.4839306 1159.88 2268
1681069590.485356 1161.29 2276
1681069590.486658 1162.74 2280
1681069590.4879534 1164.78 2288
1681069590.489317 1167.07 2292
1681069590.4906232 1168.84 2300
1681069590.4919286 1169.52 2308
1681069590.4934616 1172.33 2314
1681069590.5605276 1174.34 2320
1681069590.5621314 1176.23 2325
1681069590.5635016 1176.83 2332
1681069590.564877 1180.13 2338
1681069590.5661888 1181.57 2345
1681069590.5674982 1183.30 2349
1681069590.568825 1184.02 2358
1681069590.5701303 1187.56 2363
1681069590.571436 1188.52 2370
1681069590.5727684 1190.89 2374
1681069590.574083 1191.93 2383
1681069590.575404 1195.07 2390
1681069590.576728 1196.87 2396
1681069590.6445854 1198.24 2402
1681069590.6459613 1199.76 2408
1681069590.647784 1202.45 2414
1681069590.6491563 1204.22 2420
1681069590.6504672 1204.90 2427
1681069590.6517804 1206.91 2433
1681069590.653138 1209.20 2440
1681069590.654458 1211.41 2444
1681069590.6560016 1212.33 2451
1681069590.6575518 1214.26 2458
1681069590.658823 1216.23 2464
1681069590.660027 1217.60 2471
1681069590.6613712 1219.08 2476
1681069590.7279704 1220.77 2484
1681069590.7297728 1222.62 2488
1681069590.7312338 1224.38 2495
1681069590.7326736 1225.35 2502
1681069590.7340398 1229.12 2508
1681069590.7353363 1231.61 2515
1681069590.736647 1235.31 2522
1681069590.737936 1238.44 2528
1681069590.7392275 1243.02 2534
1681069590.7405357 1246.99 2540
1681069590.741823 1250.93 2546
1681069590.7431097 1253.98 2552
1681069590.744402 1258.80 2560
1681069590.7458196 1262.74 2566
1681069590.81343 1266.11 2572
1681069590.8149972 1270.33 2578
1681069590.8166964 1274.26 2584
1681069590.818381 1278.24 2590
1681069590.8198795 1281.25 2596
1681069590.8213322 1285.79 2604
1681069590.8226943 1289.68 2610
1681069590.824051 1293.62 2615
1681069590.8254602 1296.71 2622
1681069590.8268228 1301.21 2628
1681069590.8281846 1304.95 2634
1681069590.8295958 1308.00 2640
1681069590.8311782 1312.54 2648
1681069590.8965898 1316.55 2654
1681069590.898266 1320.49 2660
1681069590.9001503 1323.58 2666
1681069590.9016597 1327.88 2672
1681069590.9031115 1331.25 2678
1681069590.9045959 1334.67 2684
1681069590.9060335 1338.68 2692
1681069590.90743 1341.89 2698
1681069590.9089618 1345.83 2704
1681069590.9102967 1348.84 2710
1681069590.9119596 1353.22 2716
1681069590.913347 1356.51 2722
1681069590.9146638 1359.16 2728
1681069590.915976 1362.94 2735
1681069590.9820075 1365.47 2742
1681069590.9835107 1368.00 2748
1681069590.9849627 1371.01 2754
1681069590.9864085 1374.71 2759
1681069590.987993 1377.24 2766
1681069590.989503 1378.80 2772
1681069590.99089 1382.86 2780
1681069590.992216 1385.23 2786
1681069590.9935193 1387.76 2792
1681069590.994817 1390.65 2798
1681069590.996138 1394.02 2804
1681069590.997487 1396.47 2810
1681069590.9987957 1398.04 2817
1681069591.0653415 1401.77 2824
1681069591.0671186 1404.67 2830
1681069591.0687757 1407.16 2836
1681069591.0702567 1410.17 2842
1681069591.0717008 1412.82 2848
1681069591.0731723 1415.07 2854
1681069591.0745075 1417.28 2861
1681069591.0760062 1420.81 2867
1681069591.0774028 1423.14 2874
1681069591.0787168 1425.11 2880
1681069591.0803206 1429.08 2885
1681069591.0817974 1431.41 2892
1681069591.0831478 1433.58 2898
1681069591.149329 1436.71 2905
1681069591.150887 1440.33 2912
1681069591.1524067 1442.82 2917
1681069591.1537097 1444.75 2924
1681069591.154924 1448.20 2930
1681069591.1563199 1451.01 2936
1681069591.157542 1452.82 2942
1681069591.158819 1456.03 2949
1681069591.160151 1458.40 2956
1681069591.1614265 1461.09 2962
1681069591.16295 1463.78 2968
1681069591.1642165 1467.40 2973
1681069591.1654396 1469.57 2979
1681069591.166643 1471.05 2987
1681069591.234694 1474.51 2993
1681069591.236245 1477.16 3000
1681069591.2376802 1478.80 3004
1681069591.2391694 1482.06 3011
1681069591.240536 1483.94 3018
1681069591.2418594 1486.07 3024
1681069591.243239 1488.40 3031
1681069591.2445936 1491.74 3037
1681069591.245859 1494.11 3043
1681069591.2470748 1495.67 3050
1681069591.2483032 1499.17 3056
1681069591.2495208 1501.70 3062
1681069591.2508593 1503.10 3068
1681069591.3180969 1506.51 3075
1681069591.3198211 1508.36 3081
1681069591.321292 1510.13 3088
1681069591.3227704 1512.98 3094
1681069591.3244069 1515.75 3100
1681069591.3258612 1517.80 3104
1681069591.3272927 1519.09 3112
1681069591.3287466 1522.42 3119
1681069591.3300948 1524.79 3125
1681069591.3316786 1526.52 3132
1681069591.333045 1530.33 3137
1681069591.3344674 1532.58 3143
1681069591.3358834 1534.59 3149
1681069591.337363 1537.40 3156
1681069591.4034348 1540.13 3163
1681069591.4049308 1541.78 3169
1681069591.406353 1543.74 3175
1681069591.4077642 1546.68 3181
1681069591.409294 1548.56 3188
1681069591.410683 1550.21 3194
1681069591.4121602 1554.03 3201
1681069591.4138405 1556.35 3207
1681069591.4153047 1557.64 3212
1681069591.416651 1560.65 3219
1681069591.4180439 1562.42 3226
1681069591.4194577 1564.03 3232
1681069591.4208424 1566.60 3238
1681069591.4866776 1569.73 3245
1681069591.4883935 1572.02 3251
1681069591.4898179 1573.30 3257
1681069591.4914672 1576.60 3263
1681069591.492907 1578.76 3270
1681069591.494446 1580.33 3276
1681069591.495832 1583.74 3281
1681069591.4971955 1585.59 3289
1681069591.4985416 1586.96 3294
1681069591.5000453 1589.17 3301
1681069591.5014067 1591.66 3308
1681069591.50271 1594.07 3314
1681069591.5041244 1596.11 3320
1681069591.5707622 1599.49 3325
1681069591.572598 1601.50 3332
1681069591.5740795 1602.74 3339
1681069591.5755193 1605.35 3345
1681069591.5769792 1607.44 3352
1681069591.5784173 1608.81 3358
1681069591.5798001 1611.46 3364
1681069591.5811608 1613.30 3369
1681069591.5824676 1614.55 3375
1681069591.583763 1616.72 3383
1681069591.5850832 1618.36 3389
1681069591.5863795 1620.21 3395
1681069591.5876794 1622.34 3402
1681069591.5890028 1625.39 3406
1681069591.6561959 1627.24 3412
1681069591.6576312 1628.44 3421
1681069591.6592615 1631.86 3427
1681069591.6610494 1634.59 3433
1681069591.662868 1635.95 3438
1681069591.6643405 1639.33 3445
1681069591.6658618 1641.38 3452
1681069591.6671867 1642.62 3459
1681069591.6685429 1645.07 3465
1681069591.6698601 1647.64 3471
1681069591.671177 1650.01 3477
1681069591.672898 1652.06 3484
1681069591.674451 1655.51 3489
1681069591.7395294 1657.48 3495
1681069591.741297 1658.61 3503
1681069591.742976 1661.70 3509
1681069591.7444623 1664.07 3514
1681069591.7459147 1665.27 3520
1681069591.747385 1667.72 3527
1681069591.7489197 1669.65 3534
1681069591.7503653 1671.10 3540
1681069591.7517953 1673.63 3547
1681069591.7532928 1676.88 3552
1681069591.7547312 1679.21 3558
1681069591.7561748 1680.45 3565
1681069591.7578137 1683.55 3571
1681069591.759173 1685.39 3577
1681069591.8249865 1686.60 3585
1681069591.8264802 1690.09 3591
1681069591.8279235 1691.98 3596
1681069591.829513 1693.26 3602
1681069591.8310864 1696.04 3609
1681069591.832554 1698.16 3615
1681069591.8340082 1699.85 3622
1681069591.8355055 1702.02 3629
1681069591.8371847 1704.83 3635
1681069591.838621 1706.56 3639
1681069591.8400471 1707.80 3647
1681069591.8416004 1710.61 3653
1681069591.8432481 1712.70 3660
1681069591.9081516 1714.59 3666
1681069591.9098594 1717.76 3672
1681069591.9113822 1719.69 3679
1681069591.9128265 1721.58 3684
1681069591.9142432 1724.11 3691
1681069591.9156075 1726.44 3697
1681069591.9171498 1728.73 3703
1681069591.9185386 1730.69 3709
1681069591.9199147 1733.75 3716
1681069591.9213405 1735.75 3722
1681069591.9225953 1736.76 3729
1681069591.9238524 1740.57 3735
1681069591.925154 1743.10 3740
1681069591.99216 1744.99 3746
1681069591.9936614 1747.20 3753
1681069591.9948926 1749.01 3761
1681069591.996235 1750.49 3767
1681069591.9975948 1752.78 3773
1681069591.9990213 1755.55 3777
1681069592.000385 1757.40 3783
1681069592.0016975 1758.41 3791
1681069592.0029821 1761.86 3799
1681069592.0042887 1764.23 3805
1681069592.00551 1765.71 3811
1681069592.0067353 1769.05 3816
1681069592.007949 1770.82 3823
1681069592.0091798 1772.14 3828
1681069592.077418 1774.43 3836
1681069592.0789413 1776.68 3843
1681069592.0804343 1778.37 3849
1681069592.081898 1780.57 3855
1681069592.0833533 1783.63 3860
1681069592.0848231 1785.67 3867
1681069592.0862653 1787.32 3873
1681069592.0876386 1790.74 3879
1681069592.089121 1793.10 3887
1681069592.090584 1794.43 3891
1681069592.0920005 1797.92 3898
1681069592.0934608 1800.13 3905
1681069592.0947795 1802.14 3911
1681069592.1608453 1804.95 3917
1681069592.162766 1807.96 3923
1681069592.1644197 1810.29 3929
1681069592.1658902 1811.82 3937
1681069592.167251 1814.87 3942
1681069592.168773 1816.64 3948
1681069592.1703098 1817.76 3955
1681069592.171817 1820.90 3961
1681069592.1733174 1822.90 3968
1681069592.1747925 1824.87 3973
1681069592.1763723 1827.04 3981
1681069592.1777694 1829.05 3987
1681069592.179161 1830.94 3993
1681069592.1805997 1833.19 3999
1681069592.2461607 1835.23 4005
1681069592.2477577 1837.36 4012
1681069592.2493608 1838.85 4019
1681069592.2508698 1842.02 4024
1681069592.2524095 1843.83 4031
1681069592.2539084 1845.39 4037
1681069592.2553966 1848.41 4043
1681069592.2569323 1850.62 4048
1681069592.258337 1852.42 4055
1681069592.2597387 1854.83 4063
1681069592.2611315 1856.84 4069
1681069592.2625177 1859.13 4075
1681069592.2638867 1861.18 4081
1681069592.3295116 1864.47 4086
1681069592.3313057 1866.56 4092
1681069592.3328931 1867.92 4100
1681069592.3344328 1870.86 4107
1681069592.3358817 1873.11 4113
1681069592.337306 1874.63 4119
1681069592.3386803 1877.60 4124
1681069592.3400464 1879.09 4131
1681069592.3414218 1880.37 4136
1681069592.3428073 1882.58 4145
1681069592.3444138 1884.47 4151
1681069592.3458798 1886.56 4157
1681069592.3473032 1888.61 4163
1681069592.348702 1890.38 4167
1681069592.4147222 1891.74 4173
1681069592.416203 1892.95 4182
1681069592.4175792 1895.23 4188
1681069592.4188693 1896.92 4194
1681069592.4201372 1898.21 4201
1681069592.421425 1900.98 4207
1681069592.4226978 1903.11 4213
1681069592.4239504 1904.51 4217
1681069592.4254508 1907.12 4226
1681069592.4266849 1908.65 4232
1681069592.4279027 1910.58 4238
1681069592.429155 1912.99 4245
1681069592.4303997 1915.40 4251
1681069592.4988704 1917.20 4255
1681069592.5003798 1918.49 4263
1681069592.5018404 1921.18 4270
1681069592.5032654 1923.19 4276
1681069592.5047414 1924.51 4283
1681069592.506171 1927.56 4289
1681069592.5075884 1929.57 4294
1681069592.5090058 1931.26 4300
1681069592.5103698 1934.23 4307
1681069592.5119371 1936.16 4314
1681069592.5134814 1938.53 4320
1681069592.5149186 1940.94 4327
1681069592.5163655 1943.99 4331
1681069592.5823214 1946.16 4338
1681069592.584071 1947.52 4345
1681069592.585618 1950.54 4352
1681069592.587014 1952.75 4358
1681069592.5885181 1954.71 4364
1681069592.5899704 1958.21 4369
1681069592.591463 1960.18 4376
1681069592.592969 1961.70 4382
1681069592.5944211 1964.07 4389
1681069592.595967 1966.12 4396
1681069592.5973852 1968.57 4402
1681069592.5987327 1970.62 4408
1681069592.6000848 1973.59 4414
1681069592.6014435 1975.48 4420
1681069592.6675837 1976.92 4427
1681069592.669078 1980.18 4433
1681069592.6705203 1982.46 4440
1681069592.6720178 1983.51 4444
1681069592.6735473 1986.52 4452
1681069592.6750102 1988.25 4459
1681069592.6764023 1989.77 4464
1681069592.6778095 1992.14 4471
1681069592.6794934 1994.95 4477
1681069592.6808996 1997.24 4483
1681069592.682215 1998.41 4490
1681069592.6835086 2001.26 4496
1681069592.6848388 2002.99 4502
1681069592.7509294 2003.95 4509
1681069592.7528338 2007.16 4515
1681069592.7543514 2009.33 4520
1681069592.755691 2011.26 4527
1681069592.757162 2013.87 4534
1681069592.7586021 2015.88 4540
1681069592.76006 2017.69 4547
1681069592.761742 2019.93 4553
1681069592.763273 2022.87 4557
1681069592.764632 2025.00 4564
1681069592.7659862 2026.48 4572
1681069592.7673671 2029.57 4578
1681069592.7687578 2031.94 4584
1681069592.7700768 2033.19 4591
1681069592.836403 2036.52 4596
1681069592.837923 2038.21 4603
1681069592.8393614 2039.57 4610
1681069592.840801 2042.06 4616
1681069592.842234 2044.31 4622
1681069592.843596 2046.32 4628
1681069592.8452492 2048.21 4634
1681069592.84666 2051.07 4640
1681069592.8479874 2053.00 4646
1681069592.8495715 2054.33 4654
1681069592.850879 2057.92 4660
1681069592.8522267 2060.41 4666
1681069592.853544 2061.46 4671
1681069592.920379 2064.32 4678
1681069592.9218903 2066.05 4685
1681069592.9234161 2067.79 4691
1681069592.924903 2070.12 4698
1681069592.9263377 2072.78 4702
1681069592.9278426 2074.59 4709
1681069592.9294965 2075.92 4716
1681069592.9309063 2079.31 4723
1681069592.9322495 2081.81 4729
1681069592.9335692 2083.21 4736
1681069592.9349298 2086.60 4741
1681069592.9362702 2088.41 4748
1681069592.9375875 2089.98 4754
1681069593.0036268 2092.68 4760
1681069593.0051095 2095.34 4767
1681069593.006342 2097.68 4771
1681069593.0075407 2099.17 4780
1681069593.0087543 2101.99 4786
1681069593.0099392 2104.12 4792
1681069593.011121 2105.65 4798
1681069593.0123444 2108.75 4804
1681069593.0137606 2111.09 4809
1681069593.0149877 2112.66 4815
1681069593.0162933 2114.92 4824
1681069593.0175092 2116.89 4830
1681069593.0187192 2118.38 4836
1681069593.0199254 2120.60 4842
1681069593.0888834 2123.01 4848
1681069593.0902112 2124.79 4852
1681069593.0914965 2126.00 4861
1681069593.0927901 2129.30 4868
1681069593.0942497 2131.31 4874
1681069593.095528 2133.25 4880
1681069593.0968318 2136.95 4885
1681069593.0980818 2138.93 4892
1681069593.0993605 2140.34 4898
1681069593.1006486 2143.00 4905
1681069593.1018987 2145.41 4912
1681069593.1031346 2147.95 4918
1681069593.1044283 2150.04 4924
1681069593.1724584 2152.86 4930
1681069593.174082 2154.96 4936
1681069593.1757252 2156.49 4943
1681069593.1771586 2159.91 4950
1681069593.1785526 2162.13 4956
1681069593.1800072 2163.94 4962
1681069593.1814492 2166.60 4967
1681069593.1828141 2168.70 4974
1681069593.1841922 2169.98 4980
1681069593.1855788 2172.08 4987
1681069593.1869376 2174.13 4994
1681069593.188399 2175.66 5000
1681069593.1896925 2177.72 5005
1681069593.1910465 2180.38 5011
1681069593.2576497 2182.23 5017
1681069593.259167 2183.48 5024
1681069593.26067 2186.26 5031
1681069593.2623372 2188.39 5038
1681069593.2637818 2189.52 5041
1681069593.265307 2192.62 5050
1681069593.266746 2193.87 5056
1681069593.2683501 2194.56 5062
1681069593.2698169 2195.04 5066
1681069593.271237 2195.12 5070
1681069593.2725844 2195.28 5078
1681069593.2738988 2195.40 5086
1681069593.27521 2195.48 5090
1681069593.3416593 2195.48 5090
1681069593.3430014 2195.52 5102
1681069593.3443758 2195.52 5102
1681069593.345776 2195.52 5102
1681069593.3470714 2195.52 5102
1681069593.3483922 2195.56 5129
1681069593.3497326 2195.56 5129
1681069593.3510475 2195.56 5129
1681069593.3523688 2195.56 5129
1681069593.3536773 2195.61 5153
1681069593.3549743 2195.61 5153
1681069593.3562932 2195.65 5165
1681069593.3575757 2195.65 5165
1681069593.4251354 2195.69 5178
1681069593.4267519 2195.69 5178
1681069593.428213 2195.69 5178
1681069593.4296148 2195.73 5195
1681069593.4311023 2195.77 5204
1681069593.4324663 2195.77 5204
1681069593.4337375 2195.81 5216
1681069593.4349835 2195.85 5223
1681069593.4362633 2195.85 5223
1681069593.4375246 2195.89 5232
1681069593.438792 2195.89 5232
1681069593.4400418 2195.93 5248
1681069593.4413452 2195.97 5258
1681069593.4426038 2196.01 5258
1681069593.5104175 2196.01 5258
1681069593.5117905 2196.05 5273
1681069593.5135314 2196.05 5273
1681069593.5148628 2196.05 5273
1681069593.5161953 2196.09 5292
1681069593.5175214 2196.09 5292
1681069593.51883 2196.13 5306
1681069593.520077 2196.13 5314
1681069593.521317 2196.17 5314
1681069593.5225232 2196.21 5324
1681069593.5237255 2196.21 5332
1681069593.5250459 2196.25 5332
1681069593.5263584 2196.25 5345
1681069593.5938084 2196.29 5345
1681069593.5955071 2196.29 5345
1681069593.5969977 2196.33 5360
1681069593.598415 2196.33 5360
1681069593.5998256 2196.33 5360
1681069593.60138 2196.37 5378
1681069593.6028388 2196.37 5378
1681069593.6042376 2196.41 5394
1681069593.6057005 2196.41 5394
1681069593.607209 2196.45 5403
1681069593.6087658 2196.45 5414
1681069593.6104853 2196.53 5419
1681069593.61182 2196.57 5425
1681069593.6131823 2196.57 5425
1681069593.679036 2196.61 5437
1681069593.680557 2196.61 5437
1681069593.6820116 2196.65 5448
1681069593.6834009 2196.65 5448
1681069593.6848233 2196.69 5464
1681069593.6862788 2196.69 5464
1681069593.6876824 2196.69 5464
1681069593.689012 2196.69 5464
1681069593.690691 2196.73 5488
1681069593.692144 2196.73 5488
1681069593.6934674 2196.77 5498
1681069593.6947758 2196.77 5498
1681069593.6960883 2196.81 5512
1681069593.7630882 2196.81 5520
1681069593.7646093 2196.85 5520
1681069593.7660782 2196.89 5532
1681069593.7675154 2196.89 5532
1681069593.7690582 2196.93 5543
1681069593.7708244 2196.93 5543
1681069593.7723615 2196.97 5557
1681069593.7738006 2196.97 5557
1681069593.7752185 2196.97 5571
1681069593.7766368 2197.02 5571
1681069593.7780373 2197.02 5571
1681069593.779549 2197.02 5571
1681069593.780902 2197.02 5571
1681069593.8465004 2197.06 5599
1681069593.8482974 2197.06 5599
1681069593.84981 2197.10 5610
1681069593.8516042 2197.10 5610
1681069593.853019 2197.10 5627
1681069593.8543973 2197.14 5627
1681069593.85575 2197.18 5638
1681069593.857154 2197.18 5638
1681069593.8584876 2197.22 5650
1681069593.8598099 2197.22 5650
1681069593.8612394 2197.22 5650
1681069593.8625784 2197.26 5667
1681069593.864292 2197.26 5667
1681069593.8655636 2197.30 5680
1681069593.9319603 2197.30 5680
1681069593.9336746 2197.30 5680
1681069593.9353 2197.34 5698
1681069593.936821 2197.34 5698
1681069593.9383426 2197.34 5698
1681069593.9398267 2197.38 5721
1681069593.9414248 2197.38 5721
1681069593.9428084 2197.38 5721
1681069593.9442341 2197.42 5740
1681069593.9456036 2197.42 5740
1681069593.9469678 2197.46 5752
1681069593.948349 2197.46 5752
1681069593.949705 2197.46 5752
1681069594.0152535 2197.50 5768
1681069594.0167427 2197.50 5768
1681069594.0180268 2197.54 5782
1681069594.0192964 2197.54 5782
1681069594.0205953 2197.58 5794
1681069594.021858 2197.58 5794
1681069594.023123 2197.58 5794
1681069594.0243762 2197.62 5815
1681069594.025626 2197.62 5815
1681069594.0268688 2197.62 5815
1681069594.0286913 2197.62 5815
1681069594.0300846 2197.66 5839
1681069594.0313566 2197.66 5839
1681069594.0326266 2197.66 5839
1681069594.1003835 2197.66 5861
1681069594.1018171 2197.70 5861
1681069594.103193 2197.70 5861
1681069594.104586 2197.74 5874
1681069594.1059318 2197.74 5874
1681069594.1072989 2197.74 5892
1681069594.1094248 2197.78 5892
1681069594.1118443 2197.78 5892
1681069594.114218 2197.82 5908
1681069594.116555 2197.82 5908
1681069594.1188333 2197.86 5922
1681069594.1210418 2197.86 5922
1681069594.1226594 2197.86 5922
1681069594.1838508 2197.90 5941
1681069594.1854882 2197.90 5941
1681069594.1868553 2197.90 5941
1681069594.1882815 2197.90 5941
1681069594.189698 2197.94 5964
1681069594.1910794 2197.94 5964
1681069594.1924279 2197.94 5964
1681069594.1937625 2197.94 5964
1681069594.1950128 2197.94 5964
1681069594.1964257 2197.98 5998
1681069594.1977062 2197.98 5998
1681069594.1989663 2197.98 5998
1681069594.2002783 2198.02 6017
1681069594.2679284 2198.02 6017
1681069594.2697432 2198.02 6017
1681069594.2712746 2198.02 6037
1681069594.2727573 2198.06 6037
1681069594.274243 2198.06 6037
1681069594.2757158 2198.06 6055
1681069594.2771885 2198.10 6055
1681069594.278635 2198.10 6055
1681069594.2800581 2198.14 6070
1681069594.2814322 2198.14 6070
1681069594.2827656 2198.14 6070
1681069594.2841563 2198.18 6092
1681069594.2855222 2198.18 6092
1681069594.2868693 2198.18 6092
1681069594.3532784 2198.18 6092
1681069594.3547015 2198.18 6119
1681069594.356214 2198.22 6119
1681069594.3576975 2198.22 6119
1681069594.3590708 2198.22 6119
1681069594.3605955 2198.22 6119
1681069594.3621008 2198.22 6119
1681069594.3634844 2198.26 6152
1681069594.3649995 2198.26 6152
1681069594.3664176 2198.26 6152
1681069594.3678186 2198.26 6152
1681069594.369217 2198.30 6179
1681069594.370667 2198.30 6179
1681069594.4365144 2198.30 6179
1681069594.438206 2198.34 6198
1681069594.4395838 2198.34 6198
1681069594.4409692 2198.34 6198
1681069594.4423435 2198.34 6198
1681069594.4436855 2198.38 6221
1681069594.4450545 2198.38 6221
1681069594.4466352 2198.38 6221
1681069594.447984 2198.38 6244
1681069594.4493954 2198.42 6244
1681069594.4508483 2198.42 6244
1681069594.4523606 2198.42 6244
1681069594.4537303 2198.47 6264
1681069594.4550104 2198.47 6264
1681069594.5218155 2198.47 6264
1681069594.5232565 2198.47 6264
1681069594.5246627 2198.47 6264
1681069594.5260675 2198.51 6299
1681069594.5274596 2198.51 6299
1681069594.52886 2198.51 6299
1681069594.5302029 2198.51 6299
1681069594.531586 2198.51 6299
1681069594.5329745 2198.51 6299
1681069594.534385 2198.55 6333
1681069594.535733 2198.55 6333
1681069594.5371046 2198.55 6333
1681069594.5384784 2198.55 6333
1681069594.605408 2198.55 6333
1681069594.6070704 2198.55 6333
1681069594.6084926 2198.55 6376
1681069594.609857 2198.59 6376
1681069594.6112194 2198.59 6376
1681069594.6126058 2198.59 6376
1681069594.6139464 2198.59 6376
1681069594.6153126 2198.59 6376
1681069594.6166718 2198.59 6415
1681069594.6180084 2198.63 6415
1681069594.6193686 2198.63 6415
1681069594.6206455 2198.63 6415
1681069594.621908 2198.63 6415
1681069594.6894522 2198.67 6440
1681069594.6912408 2198.67 6440
1681069594.692798 2198.67 6440
1681069594.6943223 2198.67 6440
1681069594.695754 2198.67 6440
1681069594.6971154 2198.71 6472
1681069594.6984663 2198.71 6472
1681069594.6998022 2198.71 6472
1681069594.7011983 2198.71 6472
1681069594.702564 2198.71 6472
1681069594.7039292 2198.75 6504
1681069594.7053442 2198.75 6504
1681069594.706773 2198.75 6504
1681069594.7082214 2198.75 6504
1681069594.7745485 2198.75 6534
1681069594.7759542 2198.79 6534
1681069594.7773702 2198.79 6534
1681069594.7788053 2198.79 6534
1681069594.780241 2198.79 6534
1681069594.781687 2198.79 6534
1681069594.783375 2198.79 6534
1681069594.7851765 2198.79 6534
1681069594.786553 2198.79 6534
1681069594.7879138 2198.79 6534
1681069594.789346 2198.79 6534
1681069594.7906952 2198.79 6534
1681069594.792038 2198.79 6534
1681069594.8580534 2198.79 6534
1681069594.8596747 2198.79 6534
1681069594.8611693 2198.79 6534
1681069594.8628533 2198.79 6534
1681069594.8642719 2198.79 6534
1681069594.8660238 2198.79 6534
1681069594.867436 2198.79 6534
1681069594.8688152 2198.79 6534
1681069594.8701959 2198.79 6534
1681069594.8715358 2198.79 6534
1681069594.8728974 2198.79 6534
1681069594.8742793 2198.79 6534
1681069594.8755682 2198.79 6534
1681069594.8769293 2198.79 6534
1681069594.9434676 2198.79 6534
1681069594.9450288 2198.79 6534
1681069594.9465477 2198.79 6534
1681069594.9480608 2198.79 6534
1681069594.9495704 2198.79 6534
1681069594.950924 2198.79 6534
1681069594.9523106 2198.79 6534
1681069594.9536684 2198.79 6534
1681069594.955013 2198.79 6534
1681069594.9564016 2198.79 6534
1681069594.957762 2198.79 6534
1681069594.9591177 2198.79 6534
1681069594.960486 2198.79 6534
1681069595.0267355 2198.79 6534
1681069595.0285816 2198.79 6534
1681069595.02999 2198.79 6534
1681069595.031395 2198.79 6534
1681069595.0327878 2198.79 6534
1681069595.034073 2198.79 6534
1681069595.0353892 2198.79 6534
1681069595.0368333 2198.79 6534
1681069595.0382566 2198.79 6534
1681069595.0396237 2198.79 6534
1681069595.0409896 2198.79 6534
1681069595.0423012 2198.79 6534
1681069595.0435607 2198.79 6534
1681069595.1107254 2198.79 6534
1681069595.1125076 2198.79 6534
1681069595.1139586 2198.79 6534
1681069595.1154716 2198.79 6534
1681069595.1169527 2198.79 6534
1681069595.1183867 2198.79 6534
1681069595.1198115 2198.79 6534
1681069595.1212516 2198.79 6534
1681069595.1225488 2198.79 6534
1681069595.123861 2198.79 6534
1681069595.1251771 2198.79 6534
1681069595.1264722 2198.79 6534
1681069595.1277988 2198.79 6534
1681069595.1291578 2198.79 6534
1681069595.195967 2198.79 6534
1681069595.1975589 2198.79 6534
1681069595.198957 2198.79 6534
1681069595.2002885 2198.79 6534
1681069595.201594 2198.79 6534
1681069595.2028923 2198.79 6534
1681069595.2043355 2198.79 6534
1681069595.2056406 2198.79 6534
1681069595.2069232 2198.79 6534
1681069595.2082431 2198.79 6534
1681069595.2095444 2198.79 6534
1681069595.2111015 2198.79 6534
1681069595.2125633 2198.79 6534
1681069595.279455 2198.79 6534
1681069595.2811759 2198.79 6534
1681069595.2826715 2198.79 6534
1681069595.2841864 2198.79 6534
1681069595.2856603 2198.79 6534
1681069595.2870407 2198.79 6534
1681069595.288561 2198.79 6534
1681069595.2900624 2198.79 6534
1681069595.2915561 2198.79 6534
1681069595.2931087 2198.79 6534
1681069595.2945266 2198.79 6534
1681069595.2959485 2198.79 6534
1681069595.2972836 2198.79 6534
1681069595.2985845 2198.79 6534
1681069595.3646421 2198.79 6534
1681069595.3661582 2198.79 6534
1681069595.3674765 2198.79 6534
1681069595.3688498 2198.79 6534
1681069595.370256 2198.79 6534
1681069595.3715663 2198.79 6534
1681069595.3729208 2198.79 6534
1681069595.3742225 2198.79 6534
1681069595.375522 2198.79 6534
1681069595.3770182 2198.79 6534
1681069595.3784902 2198.79 6534
1681069595.3798037 2198.79 6534
1681069595.3811512 2198.79 6534
1681069595.4481335 2198.79 6534
1681069595.4517343 2198.79 6534
1681069595.453276 2198.79 6534
1681069595.4546556 2198.79 6534
1681069595.4561017 2198.79 6534
1681069595.4574363 2198.79 6534
1681069595.458736 2198.79 6534
1681069595.4603062 2198.79 6534
1681069595.4617457 2198.79 6534
1681069595.4630594 2198.79 6534
1681069595.4643848 2198.79 6534
1681069595.4656825 2198.79 6534
1681069595.466971 2198.79 6534
1681069595.4682193 2198.79 6534
1681069595.533468 2198.79 6534
1681069595.5349586 2198.79 6534
1681069595.5364244 2198.79 6534
1681069595.5378656 2198.79 6534
1681069595.5392818 2198.79 6534
1681069595.5406523 2198.79 6534
1681069595.5420606 2198.79 6534
1681069595.5434234 2198.79 6534
1681069595.5449548 2198.79 6534
1681069595.5463119 2198.79 6534
1681069595.547709 2198.79 6534
1681069595.5490506 2198.79 6534
1681069595.5503528 2198.79 6534
1681069595.6257827 2198.79 6534
1681069595.6280613 2198.79 6534
1681069595.630357 2198.79 6534
1681069595.632541 2198.79 6534
1681069595.6347659 2198.79 6534
1681069595.636748 2198.79 6534
1681069595.6383004 2198.79 6534
1681069595.6482403 2198.79 6534
1681069595.6512592 2198.79 6534
1681069595.65395 2198.79 6534
1681069595.6566606 2198.79 6534
1681069595.6593254 2198.79 6534
1681069595.661979 2198.79 6534
1681069595.700712 2198.79 6534
1681069595.7018647 2198.79 6534
1681069595.7031376 2198.79 6534
1681069595.7044907 2198.79 6534
1681069595.7059512 2198.79 6534
1681069595.7076511 2198.79 6534
1681069595.7094748 2198.79 6534
1681069595.711394 2198.79 6534
1681069595.7131755 2198.79 6534
1681069595.7148075 2198.79 6534
1681069595.7163444 2198.79 6534
1681069595.7178452 2198.79 6534
1681069595.719255 2198.79 6534
1681069595.7206898 2198.79 6534
1681069595.7855494 2198.79 6534
1681069595.7863076 2198.79 6534
1681069595.787035 2198.79 6534
1681069595.7879028 2198.79 6534
1681069595.7888496 2198.79 6534
1681069595.7897184 2198.79 6534
1681069595.790586 2198.79 6534
1681069595.7914507 2198.79 6534
1681069595.7923238 2198.79 6534
1681069595.793255 2198.79 6534
1681069595.7942603 2198.79 6534
1681069595.7951422 2198.79 6534
1681069595.7960167 2198.79 6534
1681069595.869653 2198.79 6534
1681069595.8713512 2198.79 6534
1681069595.8728514 2198.79 6534
1681069595.874279 2198.79 6534
1681069595.8756838 2198.79 6534
1681069595.877305 2198.79 6534
1681069595.8787768 2198.79 6534
1681069595.880163 2198.79 6534
1681069595.8815904 2198.79 6534
1681069595.8830252 2198.79 6534
1681069595.8844101 2198.79 6534
1681069595.8858993 2198.79 6534
1681069595.8873205 2198.79 6534
1681069595.8886507 2198.79 6534
1681069595.9548137 2198.79 6534
1681069595.9562938 2198.79 6534
1681069595.957771 2198.79 6534
1681069595.959092 2198.79 6534
1681069595.960592 2198.79 6534
1681069595.9619884 2198.79 6534
1681069595.9634213 2198.79 6534
1681069595.9647639 2198.79 6534
1681069595.9660614 2198.79 6534
1681069595.9673522 2198.79 6534
1681069595.9686925 2198.79 6534
1681069595.9700046 2198.79 6534
1681069595.9713025 2198.79 6534
1681069596.0388083 2198.79 6534
1681069596.0401983 2198.79 6534
1681069596.0415401 2198.79 6534
1681069596.0429084 2198.79 6534
1681069596.044296 2198.79 6534
1681069596.0455709 2198.79 6534
1681069596.0468674 2198.79 6534
1681069596.0481958 2198.79 6534
1681069596.0494962 2198.79 6534
1681069596.0506892 2198.79 6534
1681069596.051889 2198.79 6534
1681069596.053161 2198.79 6534
1681069596.0543587 2198.79 6534
1681069596.122141 2198.79 6534
1681069596.1232798 2198.79 6534
1681069596.124273 2198.79 6534
1681069596.1252398 2198.79 6534
1681069596.1261835 2198.79 6534
1681069596.1271574 2198.79 6534
1681069596.1282082 2198.79 6534
1681069596.129164 2198.79 6534
1681069596.1301112 2198.79 6534
1681069596.131055 2198.79 6534
1681069596.1320043 2198.79 6534
1681069596.1330347 2198.79 6534
1681069596.1340153 2198.79 6534
1681069596.1349607 2198.79 6534
1681069596.2077706 2198.79 6534
1681069596.2092767 2198.79 6534
1681069596.2107098 2198.79 6534
1681069596.2120864 2198.79 6534
1681069596.2135177 2198.79 6534
1681069596.2148824 2198.79 6534
1681069596.2162585 2198.79 6534
1681069596.2176063 2198.79 6534
1681069596.218859 2198.79 6534
1681069596.220402 2198.79 6534
1681069596.2217786 2198.79 6534
1681069596.2231376 2198.79 6534
1681069596.2244294 2198.79 6534
1681069596.2909362 2198.79 6534
1681069596.2927206 2198.79 6534
1681069596.2942574 2198.79 6534
1681069596.2957914 2198.79 6534
1681069596.2973285 2198.79 6534
1681069596.298823 2198.79 6534
1681069596.300383 2198.79 6534
1681069596.3020184 2198.79 6534
1681069596.3034425 2198.79 6534
1681069596.3049822 2198.79 6534
1681069596.3064861 2198.79 6534
1681069596.3079536 2198.79 6534
1681069596.3093872 2198.79 6534
1681069596.310731 2198.79 6534
1681069596.3768487 2198.79 6534
1681069596.3788812 2198.79 6534
1681069596.3803804 2198.79 6534
1681069596.381838 2198.79 6534
1681069596.3832715 2198.79 6534
1681069596.384597 2198.79 6534
1681069596.3858964 2198.79 6534
1681069596.387192 2198.79 6534
1681069596.3886695 2198.79 6534
1681069596.389994 2198.79 6534
1681069596.3913043 2198.79 6534
1681069596.392586 2198.79 6534
1681069596.3938947 2198.79 6534
1681069596.460518 2198.79 6534
1681069596.4621098 2198.79 6534
1681069596.4635477 2198.79 6534
1681069596.4650784 2198.79 6534
1681069596.4665172 2198.79 6534
1681069596.4679372 2198.79 6534
1681069596.4693773 2198.79 6534
1681069596.4707968 2198.79 6534
1681069596.4722445 2198.79 6534
1681069596.4736717 2198.79 6534
1681069596.475098 2198.79 6534
1681069596.476611 2198.79 6534
1681069596.478215 2198.79 6534
1681069596.5437236 2198.79 6534
1681069596.5454948 2198.79 6534
1681069596.5470228 2198.79 6534
1681069596.548456 2198.79 6534
1681069596.5498347 2198.79 6534
1681069596.5511854 2198.79 6534
1681069596.5525656 2198.79 6534
1681069596.5539112 2198.79 6534
1681069596.5552654 2198.79 6534
1681069596.5566497 2198.79 6534
1681069596.5581486 2198.79 6534
1681069596.5595398 2198.79 6534
1681069596.560957 2198.79 6534
1681069596.5622225 2198.79 6534
1681069596.6288335 2198.79 6534
1681069596.630216 2198.79 6534
1681069596.631558 2198.79 6534
1681069596.6329293 2198.79 6534
1681069596.6342072 2198.79 6534
1681069596.6355433 2198.79 6534
1681069596.6369174 2198.79 6534
1681069596.6382642 2198.79 6534
1681069596.639553 2198.79 6534
1681069596.640801 2198.79 6534
1681069596.642022 2198.79 6534
1681069596.6432626 2198.79 6534
1681069596.6445234 2198.79 6534
1681069596.7123086 2198.79 6534
1681069596.7138653 2198.79 6534
1681069596.7152379 2198.79 6534
1681069596.716601 2198.79 6534
1681069596.7179632 2198.79 6534
1681069596.719313 2198.79 6534
1681069596.7206705 2198.79 6534
1681069596.7219875 2198.79 6534
1681069596.7233257 2198.79 6534
1681069596.7246797 2198.79 6534
1681069596.7260158 2198.79 6534
1681069596.7273617 2198.79 6534
1681069596.7287204 2198.79 6534
1681069596.7300498 2198.79 6534
1681069596.797672 2198.79 6534
1681069596.7991827 2198.79 6534
1681069596.8005552 2198.79 6534
1681069596.8018703 2198.79 6534
1681069596.8031573 2198.79 6534
1681069596.8044593 2198.79 6534
1681069596.8057477 2198.79 6534
1681069596.807028 2198.79 6534
1681069596.8083284 2198.79 6534
1681069596.8096268 2198.79 6534
1681069596.810967 2198.79 6534
1681069596.8122048 2198.79 6534
1681069596.813468 2198.79 6534
1681069596.8816273 2198.79 6534
1681069596.8829675 2198.79 6534
1681069596.8842869 2198.79 6534
1681069596.8855798 2198.79 6534
1681069596.8868613 2198.79 6534
1681069596.8881538 2198.79 6534
1681069596.8894398 2198.79 6534
1681069596.8907232 2198.79 6534
1681069596.8921292 2198.79 6534
1681069596.893756 2198.79 6534
1681069596.895016 2198.79 6534
1681069596.8962355 2198.79 6534
1681069596.897442 2198.79 6534
1681069596.965174 2198.79 6534
1681069596.9668515 2198.79 6534
1681069596.9682267 2198.79 6534
1681069596.9695501 2198.79 6534
1681069596.9708564 2198.79 6534
1681069596.9721756 2198.79 6534
1681069596.97348 2198.79 6534
1681069596.9747722 2198.79 6534
1681069596.9760635 2198.79 6534
1681069596.9775908 2198.79 6534
1681069596.9788933 2198.79 6534
1681069596.9802263 2198.79 6534
1681069596.9815438 2198.79 6534
1681069596.982927 2198.79 6534
1681069597.050434 2198.79 6534
1681069597.0519195 2198.79 6534
1681069597.0533812 2198.79 6534
1681069597.054744 2198.79 6534
1681069597.0560806 2198.79 6534
1681069597.0573924 2198.79 6534
1681069597.058676 2198.79 6534
1681069597.0602546 2198.79 6534
1681069597.0620062 2198.79 6534
1681069597.0633206 2198.79 6534
1681069597.0646653 2198.79 6534
1681069597.0659735 2198.79 6534
1681069597.0672715 2198.79 6534
1681069597.1337712 2198.79 6534
1681069597.1353016 2198.79 6534
1681069597.1366355 2198.79 6534
1681069597.137918 2198.79 6534
1681069597.1392012 2198.79 6534
1681069597.1404989 2198.79 6534
1681069597.1418242 2198.79 6534
1681069597.1433854 2198.79 6534
1681069597.1451876 2198.79 6534
1681069597.1465375 2198.79 6534
1681069597.1478527 2198.79 6534
1681069597.1491919 2198.79 6534
1681069597.1505547 2198.79 6534
1681069597.1519113 2198.79 6534
1681069597.2190874 2198.79 6534
1681069597.2205846 2198.79 6534
1681069597.222012 2198.79 6534
1681069597.2237194 2198.79 6534
1681069597.2253492 2198.79 6534
1681069597.2269647 2198.79 6534
1681069597.2283638 2198.79 6534
1681069597.229677 2198.79 6534
1681069597.23098 2198.79 6534
1681069597.2322884 2198.79 6534
1681069597.2335832 2198.79 6534
1681069597.2348776 2198.79 6534
1681069597.236194 2198.79 6534
1681069597.302606 2198.79 6534
1681069597.304304 2198.79 6534
1681069597.30577 2198.79 6534
1681069597.3071961 2198.79 6534
1681069597.3086433 2198.79 6534
1681069597.3101566 2198.79 6534
1681069597.31164 2198.79 6534
1681069597.3130224 2198.79 6534
1681069597.3143227 2198.79 6534
1681069597.3156745 2198.79 6534
1681069597.3170285 2198.79 6534
1681069597.3183327 2198.79 6534
1681069597.319733 2198.79 6534
1681069597.386527 2198.79 6534
1681069597.3881001 2198.79 6534
1681069597.389444 2198.79 6534
1681069597.3907392 2198.79 6534
1681069597.3920374 2198.79 6534
1681069597.3934257 2198.79 6534
1681069597.3947709 2198.79 6534
1681069597.3960645 2198.79 6534
1681069597.3974009 2198.79 6534
1681069597.3987055 2198.79 6534
1681069597.4000466 2198.79 6534
1681069597.4013717 2198.79 9213
1681069597.4026618 2198.83 9213
1681069597.403955 2198.83 9213
1681069597.4717941 2198.83 9213
1681069597.4731674 2198.83 9213
1681069597.4744637 2198.83 9213
1681069597.4758308 2198.83 9213
1681069597.4772878 2198.83 9213
1681069597.4786906 2198.83 9213
1681069597.4800127 2198.83 9213
1681069597.481338 2198.83 9213
1681069597.4826398 2198.83 9213
1681069597.4839463 2198.83 9213
1681069597.4852598 2198.83 9213
1681069597.4865568 2198.83 9213
1681069597.4878497 2198.83 9213
1681069597.5551689 2198.83 9213
1681069597.5569105 2198.83 9213
1681069597.5583596 2198.83 9213
1681069597.5598292 2198.83 9213
1681069597.561373 2198.83 9213
1681069597.562779 2198.83 9213
1681069597.5642104 2198.83 9213
1681069597.565853 2198.83 9213
1681069597.5673478 2198.83 9213
1681069597.5688493 2198.83 9213
1681069597.5702841 2198.83 9213
1681069597.5715814 2198.83 9213
1681069597.572898 2198.83 9213
1681069597.5741973 2198.83 9213
1681069597.6406424 2198.83 9213
1681069597.6422718 2198.83 9213
1681069597.6438124 2198.83 9213
1681069597.6453283 2198.83 9213
1681069597.6469724 2198.83 9213
1681069597.6485565 2198.83 9213
1681069597.6500838 2198.83 9213
1681069597.651493 2198.83 9213
1681069597.6528788 2198.83 9213
1681069597.6542277 2198.83 9213
1681069597.6556017 2198.83 9213
1681069597.6570225 2198.83 9213
1681069597.6584196 2198.83 9213
1681069597.7239048 2198.83 9213
1681069597.7257147 2198.83 9213
1681069597.7273 2198.83 9213
1681069597.7289343 2198.83 9213
1681069597.7304642 2198.83 9213
1681069597.7319615 2198.83 9213
1681069597.7335207 2198.83 9213
1681069597.7348995 2198.83 9213
1681069597.7363002 2198.83 9213
1681069597.737677 2198.83 9213
1681069597.739039 2198.83 9213
1681069597.7404535 2198.83 9213
1681069597.741954 2198.83 9213
1681069597.8078911 2198.83 9213
1681069597.809922 2198.83 9213
1681069597.811542 2198.83 9213
1681069597.813104 2198.83 9213
1681069597.8146307 2198.83 9213
1681069597.8162053 2198.83 9213
1681069597.8177457 2198.83 9213
1681069597.8192236 2198.83 9213
1681069597.8207254 2198.83 9213
1681069597.8220825 2198.83 9213
1681069597.8236032 2198.83 9213
1681069597.825016 2198.83 9213
1681069597.8263972 2198.83 9213
1681069597.8277676 2198.83 9213
1681069597.8934324 2198.83 9213
1681069597.8950038 2198.83 9213
1681069597.8965838 2198.83 9213
1681069597.8980954 2198.83 9213
1681069597.899626 2198.83 9213
1681069597.9011617 2198.83 9213
1681069597.9026942 2198.83 9213
1681069597.9044566 2198.83 9213
1681069597.9059806 2198.83 9213
1681069597.9075022 2198.83 9213
1681069597.9089932 2198.83 9213
1681069597.9103985 2198.83 9213
1681069597.911757 2198.83 9213
1681069597.976543 2198.83 9213
1681069597.9782367 2198.83 9213
1681069597.9796267 2198.83 9213
1681069597.98111 2198.83 9213
1681069597.9825587 2198.83 9213
1681069597.9838858 2198.83 9213
1681069597.9853458 2198.83 9213
1681069597.9867747 2198.83 9213
1681069597.9881468 2198.83 9213
1681069597.989463 2198.83 9213
1681069597.9908664 2198.83 9213
1681069597.9922822 2198.83 9213
1681069597.9936597 2198.83 9213
1681069597.9949722 2198.83 9213
1681069598.061866 2198.83 9213
1681069598.0633116 2198.83 9213
1681069598.0647366 2198.83 9213
1681069598.0661373 2198.83 9213
1681069598.0674293 2198.83 9213
1681069598.0687184 2198.83 9213
1681069598.0701654 2198.83 9213
1681069598.0714269 2198.83 9213
1681069598.0723643 2198.83 9213
1681069598.073289 2198.83 9213
1681069598.0741816 2198.83 9213
1681069598.0750856 2198.83 9213
1681069598.0760036 2198.83 9213
1681069598.1452959 2198.83 9213
1681069598.1468291 2198.83 9213
1681069598.1482265 2198.83 9213
1681069598.1495938 2198.83 9213
1681069598.1509101 2198.83 9213
1681069598.1522229 2198.83 9213
1681069598.153752 2198.83 9213
1681069598.1552305 2198.83 9213
1681069598.1565545 2198.83 9213
1681069598.157784 2198.83 9213
1681069598.1589966 2198.83 9213
1681069598.1602292 2198.83 9213
1681069598.1614497 2198.83 9213
1681069598.2293837 2198.83 9213
1681069598.2311096 2198.83 9213
1681069598.23263 2198.83 9213
1681069598.234084 2198.83 9213
1681069598.2355142 2198.83 9213
1681069598.2369657 2198.83 9213
1681069598.2383885 2198.83 9213
1681069598.2397773 2198.83 9213
1681069598.241231 2198.83 9213
1681069598.2426376 2198.83 9213
1681069598.2439544 2198.83 9213
1681069598.2452953 2198.83 9213
1681069598.2466316 2198.83 9213
1681069598.2479646 2198.83 9213
1681069598.3148634 2198.83 9213
1681069598.3164682 2198.83 9213
1681069598.3179617 2198.83 9213
1681069598.3194246 2198.83 9213
1681069598.3208992 2198.83 9213
1681069598.3223531 2198.83 9213
1681069598.3238068 2198.83 9213
1681069598.3252685 2198.83 9213
1681069598.3269765 2198.83 9213
1681069598.3287573 2198.83 9213
1681069598.3301578 2198.83 9213
1681069598.3315003 2198.83 9213
1681069598.3328536 2198.83 9213
1681069598.3990877 2198.83 9213
1681069598.4006402 2198.83 9213
1681069598.402105 2198.83 9213
1681069598.4035485 2198.83 9213
1681069598.404999 2198.83 9213
1681069598.406427 2198.83 9213
1681069598.4082158 2198.83 9213
1681069598.4095988 2198.83 9213
1681069598.410937 2198.83 9213
1681069598.412266 2198.83 9213
1681069598.413603 2198.83 9213
1681069598.4149208 2198.83 9213
1681069598.416247 2198.83 9213
1681069598.4834018 2198.83 9213
1681069598.484953 2198.83 9213
1681069598.486417 2198.83 9213
1681069598.4878612 2198.83 9213
1681069598.4893847 2198.83 9213
1681069598.491166 2198.83 9213
1681069598.4925857 2198.83 9213
1681069598.4939666 2198.83 9213
1681069598.4953008 2198.83 9213
1681069598.4966495 2198.83 9213
1681069598.4979799 2198.83 9213
1681069598.4993 2198.83 9213
1681069598.5006356 2198.83 9213
1681069598.567564 2198.83 9213
1681069598.5691419 2198.83 9213
1681069598.5704768 2198.83 9213
1681069598.5718036 2198.83 9213
1681069598.573159 2198.83 9213
1681069598.574863 2198.83 9213
1681069598.5767057 2198.83 9213
1681069598.5780666 2198.83 9213
1681069598.5794013 2198.83 9213
1681069598.5807867 2198.83 9213
1681069598.5821292 2198.83 9213
1681069598.5834615 2198.83 9213
1681069598.5848403 2198.83 9213
1681069598.6518753 2198.83 9213
1681069598.6533835 2198.83 9213
1681069598.6549735 2198.83 9213
1681069598.6567366 2198.83 9213
1681069598.65812 2198.83 9213
1681069598.6597915 2198.83 9213
1681069598.6612265 2198.83 9213
1681069598.6625626 2198.83 9213
1681069598.6638846 2198.83 9213
1681069598.6652539 2198.83 9213
1681069598.666486 2198.83 9213
1681069598.6677158 2198.83 9213
1681069598.669182 2198.83 9213
1681069598.7360923 2198.83 9213
1681069598.737547 2198.83 9213
1681069598.7393045 2198.83 9213
1681069598.7408133 2198.83 9213
1681069598.742258 2198.83 9213
1681069598.7440867 2198.83 9213
1681069598.7454777 2198.83 9213
1681069598.7468288 2198.83 9213
1681069598.7481718 2198.83 9213
1681069598.7495043 2198.83 9213
1681069598.7508256 2198.83 9213
1681069598.752412 2198.83 9213
1681069598.753803 2198.83 9213
1681069598.8205914 2198.83 9213
1681069598.8223135 2198.83 9213
1681069598.8238292 2198.83 9213
1681069598.8258724 2198.83 9213
1681069598.827669 2198.83 9213
1681069598.8291476 2198.83 9213
1681069598.8305893 2198.83 9213
1681069598.8319094 2198.83 9213
1681069598.8335028 2198.83 9213
1681069598.835012 2198.83 9213
1681069598.8363602 2198.83 9213
1681069598.8376904 2198.83 9213
1681069598.8390021 2198.83 9213
1681069598.904608 2198.83 9213
1681069598.9061055 2198.83 9213
1681069598.9076974 2198.83 9213
1681069598.9093137 2198.83 9213
1681069598.91087 2198.83 9213
1681069598.9123366 2198.83 9213
1681069598.9136527 2198.83 9213
1681069598.9150705 2198.83 9213
1681069598.9167287 2198.83 9213
1681069598.9180803 2198.83 9213
1681069598.9194033 2198.83 9213
1681069598.920749 2198.83 9213
1681069598.9222016 2198.83 9213
1681069598.9887776 2198.83 9213
1681069598.990181 2198.83 9213
1681069598.9916244 2198.83 9213
1681069598.993272 2198.83 9213
1681069598.9946022 2198.83 9213
1681069598.9959333 2198.83 9213
1681069598.9972773 2198.83 9213
1681069598.998604 2198.83 9213
1681069598.9999223 2198.83 9213
1681069599.0012708 2198.83 9213
1681069599.0025358 2198.83 9213
1681069599.0037727 2198.83 9213
1681069599.0050101 2198.83 9213
1681069599.0725174 2198.83 9213
1681069599.0741413 2198.83 9213
1681069599.0755653 2198.83 9213
1681069599.0771148 2198.83 9213
1681069599.0786166 2198.83 9213
1681069599.0799978 2198.83 9213
1681069599.0815825 2198.83 9213
1681069599.082992 2198.83 9213
1681069599.084608 2198.83 9213
1681069599.0860267 2198.83 9213
1681069599.087444 2198.83 9213
1681069599.0888915 2198.83 9213
1681069599.0902839 2198.83 9213
1681069599.1566463 2198.83 9213
1681069599.1582441 2198.83 9213
1681069599.1596036 2198.83 9213
1681069599.16101 2198.83 9213
1681069599.1623292 2198.83 9213
1681069599.163669 2198.83 9213
1681069599.1650114 2198.83 9213
1681069599.166262 2198.83 9213
1681069599.1674871 2198.83 9213
1681069599.168723 2198.83 9213
1681069599.1699538 2198.83 9213
1681069599.1711802 2198.83 9213
1681069599.1724212 2198.83 9213
1681069599.2409875 2198.83 9213
1681069599.2426238 2198.83 9213
1681069599.244305 2198.83 9213
1681069599.2456753 2198.83 9213
1681069599.2470055 2198.83 9213
1681069599.2483513 2198.83 9213
1681069599.2495947 2198.83 9213
1681069599.2510421 2198.83 9213
1681069599.2525053 2198.83 9213
1681069599.2537844 2198.83 9213
1681069599.2550433 2198.83 9213
1681069599.2563179 2198.83 9213
1681069599.2575722 2198.83 9213
1681069599.325256 2198.83 9213
1681069599.3271687 2198.83 9213
1681069599.328567 2198.83 9213
1681069599.3299026 2198.83 9213
1681069599.3312254 2198.83 9213
1681069599.3325708 2198.83 9213
1681069599.3341372 2198.83 9213
1681069599.3356729 2198.83 9213
1681069599.3370342 2198.83 9213
1681069599.3383596 2198.83 9213
1681069599.3395898 2198.83 9213
1681069599.340828 2198.83 9213
1681069599.3420446 2198.83 9213
1681069599.4095469 2198.83 9213
1681069599.4113812 2198.83 9213
1681069599.4128153 2198.83 9213
1681069599.414342 2198.83 9213
1681069599.415703 2198.83 9213
1681069599.41711 2198.83 9213
1681069599.4185975 2198.83 9213
1681069599.420085 2198.83 9213
1681069599.4215448 2198.83 9213
1681069599.422914 2198.83 9213
1681069599.4243205 2198.83 9213
1681069599.4256976 2198.83 9213
1681069599.4270768 2198.83 9213
1681069599.4937685 2198.83 9213
1681069599.495356 2198.83 9213
1681069599.4968596 2198.83 9213
1681069599.4982336 2198.83 9213
1681069599.4996576 2198.83 9213
1681069599.5010693 2198.83 9213
1681069599.5024998 2198.83 9213
1681069599.503864 2198.83 9213
1681069599.5052452 2198.83 9213
1681069599.506495 2198.83 9213
1681069599.5077436 2198.83 9213
1681069599.5092208 2198.83 9213
1681069599.5105162 2198.83 9213
1681069599.5780222 2198.83 9213
1681069599.5796046 2198.83 9213
1681069599.5811632 2198.83 9213
1681069599.582918 2198.83 9213
1681069599.5844584 2198.83 9213
1681069599.5858028 2198.83 9213
1681069599.587126 2198.83 9213
1681069599.5884671 2198.83 9213
1681069599.5897932 2198.83 9213
1681069599.5910397 2198.83 9213
1681069599.5922663 2198.83 9213
1681069599.593846 2198.83 9213
1681069599.5954506 2198.83 9213
1681069599.6622672 2198.83 9213
1681069599.6642027 2198.83 9213
1681069599.6663764 2198.83 9213
1681069599.6678133 2198.83 9213
1681069599.6692052 2198.83 9213
1681069599.6705492 2198.83 9213
1681069599.6718643 2198.83 9213
1681069599.6732075 2198.83 9213
1681069599.6746118 2198.83 9213
1681069599.6758997 2198.83 9213
1681069599.67714 2198.83 9213
1681069599.6783776 2198.83 9213
1681069599.6795912 2198.83 9213
1681069599.746396 2198.83 9213
1681069599.7481475 2198.83 9213
1681069599.7496681 2198.83 9213
1681069599.7510612 2198.83 9213
1681069599.752533 2198.83 9213
1681069599.753864 2198.83 9213
1681069599.755186 2198.83 9213
1681069599.7566886 2198.83 9213
1681069599.7580266 2198.83 9213
1681069599.7593586 2198.83 9213
1681069599.7607052 2198.83 9213
1681069599.7620199 2198.83 9213
1681069599.763328 2198.83 9213
1681069599.764661 2198.83 9213
