1681070001.2229943 0.00 0
1681070001.341947 0.00 0
1681070001.3433652 0.00 0
1681070001.3449512 0.00 0
1681070001.3464031 0.00 0
1681070001.3477235 0.00 0
1681070001.3490736 0.00 0
1681070001.35031 0.00 0
1681070001.351502 0.00 0
1681070001.3527253 0.00 0
1681070001.353912 0.00 0
1681070001.3551242 0.00 0
1681070001.3564174 0.28 97
1681070001.3577144 3.34 103
1681070001.358961 8.61 108
1681070001.3602417 12.47 113
1681070001.3617556 14.40 119
1681070001.4258063 18.14 124
1681070001.4272764 24.05 131
1681070001.4289186 30.96 136
1681070001.4303107 38.04 142
1681070001.4316976 45.00 147
1681070001.4331293 52.03 153
1681070001.4345176 58.99 158
1681070001.4360092 66.07 164
1681070001.4374886 73.07 169
1681070001.4388733 80.02 176
1681070001.4402757 86.98 181
1681070001.4415805 93.78 187
1681070001.4428554 100.85 192
1681070001.444307 107.93 198
1681070001.4457226 115.09 204
1681070001.5101523 122.25 209
1681070001.5116203 129.41 216
1681070001.5130434 136.48 221
1681070001.514317 143.68 227
1681070001.5155876 150.84 233
1681070001.5167997 157.67 238
1681070001.5180078 164.71 244
1681070001.5191653 171.94 250
1681070001.5203443 178.70 256
1681070001.5215135 185.90 262
1681070001.5226698 193.09 268
1681070001.523823 199.97 273
1681070001.5250163 207.21 279
1681070001.526173 214.40 285
1681070001.5274343 221.36 290
1681070001.594829 228.60 296
1681070001.596527 235.91 302
1681070001.5979235 242.83 308
1681070001.5992005 250.03 314
1681070001.6006448 257.10 319
1681070001.6019971 264.26 325
1681070001.6033785 271.46 331
1681070001.6047225 278.38 336
1681070001.6060538 285.54 343
1681070001.6073616 292.46 349
1681070001.6087604 299.70 354
1681070001.6100414 306.70 360
1681070001.611317 313.82 366
1681070001.612636 321.02 371
1681070001.677918 324.84 377
1681070001.679125 328.70 384
1681070001.6801546 334.41 389
1681070001.6811585 341.09 395
1681070001.682406 347.68 400
1681070001.6836665 354.28 406
1681070001.6848788 360.63 412
1681070001.6861086 367.07 417
1681070001.6872814 373.35 423
1681070001.6884716 379.06 430
1681070001.6898017 382.84 435
1681070001.6911716 386.58 441
1681070001.6924355 390.44 447
1681070001.6936166 396.63 452
1681070001.6949725 403.19 458
1681070001.7631996 409.91 464
1681070001.7647605 413.61 470
1681070001.766314 417.23 476
1681070001.7676709 420.77 481
1681070001.7690897 424.31 487
1681070001.770481 429.62 493
1681070001.7720122 435.65 498
1681070001.7735088 440.19 504
1681070001.774792 443.77 510
1681070001.776084 447.19 516
1681070001.777496 450.77 522
1681070001.778857 456.16 527
1681070001.7801745 461.67 533
1681070001.7814724 465.66 539
1681070001.8464801 469.23 545
1681070001.8475814 472.45 550
1681070001.848545 475.87 557
1681070001.8493958 481.46 563
1681070001.8504803 487.33 568
1681070001.8518274 490.91 574
1681070001.8529215 494.41 579
1681070001.8538783 497.91 585
1681070001.854559 502.42 591
1681070001.8553298 508.25 596
1681070001.8563538 512.67 603
1681070001.85692 516.09 609
1681070001.857469 519.47 614
1681070001.8580172 524.18 620
1681070001.8585613 528.64 626
1681070001.9314888 532.87 631
1681070001.9329026 536.33 637
1681070001.9341638 539.86 644
1681070001.9353569 544.85 649
1681070001.9366002 550.08 655
1681070001.9378219 553.58 660
1681070001.939021 557.12 666
1681070001.940238 560.70 672
1681070001.941437 565.20 677
1681070001.9426303 569.23 684
1681070001.943817 572.81 690
1681070001.9450424 576.27 695
1681070001.9462316 580.58 701
1681070001.9474363 584.55 707
1681070002.015014 588.13 712
1681070002.0179274 591.67 718
1681070002.0204551 595.33 724
1681070002.0229437 600.04 730
1681070002.0254107 603.66 736
1681070002.0277412 607.16 741
1681070002.0300066 610.74 747
1681070002.031856 614.96 753
1681070002.0331328 618.90 758
1681070002.034318 622.48 764
1681070002.0355477 625.94 771
1681070002.0368311 630.24 776
1681070002.0380406 634.02 782
1681070002.0392385 637.60 788
1681070002.0404656 641.06 793
1681070002.099484 645.33 799
1681070002.1013067 649.11 805
1681070002.102662 652.77 811
1681070002.1039722 656.27 817
1681070002.1052463 660.65 822
1681070002.1064434 664.31 828
1681070002.1076453 667.89 834
1681070002.108879 671.43 839
1681070002.1100729 675.70 845
1681070002.1114347 679.44 851
1681070002.1126761 683.06 857
1681070002.1138723 686.31 863
1681070002.115062 690.66 869
1681070002.1163452 694.28 874
1681070002.1175814 697.86 880
1681070002.1846843 700.99 886
1681070002.1860728 705.06 891
1681070002.1874988 708.80 898
1681070002.1889253 712.34 903
1681070002.1903152 715.47 909
1681070002.1915846 719.66 915
1681070002.1928635 723.20 920
1681070002.194124 725.93 926
1681070002.1953964 730.16 932
1681070002.1968262 733.78 937
1681070002.1981444 737.32 944
1681070002.1994374 740.17 950
1681070002.2006676 744.03 955
1681070002.2018723 747.65 961
1681070002.2680018 750.95 967
1681070002.2695663 754.61 972
1681070002.2708552 758.27 978
1681070002.2721436 761.97 985
1681070002.2734203 764.79 990
1681070002.274675 768.93 996
1681070002.2760873 772.63 1001
1681070002.277499 775.93 1007
1681070002.2788095 779.75 1013
1681070002.2801454 783.53 1019
1681070002.2815099 787.39 1026
1681070002.2828457 790.81 1032
1681070002.2840557 794.39 1038
1681070002.285271 798.21 1044
1681070002.3522828 801.19 1050
1681070002.3540542 805.49 1056
1681070002.3555098 808.79 1062
1681070002.3569598 811.40 1069
1681070002.3583717 815.55 1075
1681070002.359805 818.81 1081
1681070002.3614345 821.98 1087
1681070002.3628695 826.05 1093
1681070002.3643217 829.42 1099
1681070002.3657608 832.96 1105
1681070002.3671792 836.58 1112
1681070002.3685293 839.80 1118
1681070002.3698397 843.30 1124
1681070002.3711312 846.36 1130
1681070002.436662 849.58 1136
1681070002.4382713 853.07 1142
1681070002.4396157 856.01 1148
1681070002.4409494 859.47 1155
1681070002.442392 862.45 1160
1681070002.443902 864.54 1167
1681070002.4453743 868.20 1172
1681070002.4467638 870.93 1179
1681070002.4480503 873.07 1185
1681070002.4493525 876.65 1191
1681070002.450646 879.30 1198
1681070002.4519315 881.03 1204
1681070002.4531991 884.85 1210
1681070002.4544933 887.75 1216
1681070002.5216467 890.16 1222
1681070002.5231783 893.78 1228
1681070002.524662 896.35 1234
1681070002.5260828 898.85 1239
1681070002.5274136 901.90 1246
1681070002.5288613 904.40 1252
1681070002.530305 906.73 1258
1681070002.5317688 909.67 1264
1681070002.5333014 912.12 1270
1681070002.534772 913.85 1276
1681070002.5360987 916.67 1283
1681070002.537449 919.08 1289
1681070002.5387614 921.33 1294
1681070002.54007 923.99 1301
1681070002.6060593 926.36 1307
1681070002.6074464 928.77 1312
1681070002.6088438 931.35 1319
1681070002.6101742 933.52 1326
1681070002.611813 935.29 1332
1681070002.6133032 938.14 1338
1681070002.6146855 940.44 1344
1681070002.6160192 943.21 1350
1681070002.6173725 946.27 1356
1681070002.618691 950.49 1362
1681070002.6200128 954.31 1369
1681070002.621371 958.42 1375
1681070002.6225932 962.20 1381
1681070002.689333 965.94 1387
1681070002.690797 970.00 1393
1681070002.6920035 973.86 1399
1681070002.6933339 977.52 1405
1681070002.6946862 981.91 1412
1681070002.695913 985.73 1418
1681070002.6971579 989.35 1424
1681070002.6983502 993.69 1430
1681070002.6995347 997.67 1436
1681070002.7007694 1001.37 1442
1681070002.701971 1005.84 1448
1681070002.703175 1009.66 1455
1681070002.7043982 1013.96 1461
1681070002.7056284 1017.95 1468
1681070002.7738419 1021.53 1474
1681070002.775428 1025.79 1480
1681070002.7768059 1029.72 1486
1681070002.7782214 1033.18 1492
1681070002.7795274 1037.43 1499
1681070002.7807736 1041.33 1505
1681070002.782082 1045.42 1512
1681070002.7833014 1049.44 1518
1681070002.7845778 1052.81 1524
1681070002.7858407 1057.31 1530
1681070002.787064 1061.21 1537
1681070002.7882867 1064.62 1543
1681070002.78949 1069.28 1549
1681070002.8578362 1073.02 1555
1681070002.859602 1076.99 1562
1681070002.861226 1080.97 1568
1681070002.8626926 1084.30 1574
1681070002.8641808 1088.68 1581
1681070002.8655684 1092.57 1587
1681070002.8670218 1096.43 1593
1681070002.8685148 1100.33 1599
1681070002.8699517 1103.50 1606
1681070002.8714032 1107.92 1612
1681070002.872754 1111.76 1618
1681070002.8740733 1115.31 1625
1681070002.875375 1119.28 1631
1681070002.8767858 1122.49 1637
1681070002.9430182 1126.99 1644
1681070002.9443002 1130.89 1650
1681070002.9456303 1134.58 1656
1681070002.946877 1138.56 1662
1681070002.9481037 1142.01 1669
1681070002.9493432 1146.19 1675
1681070002.9505415 1150.04 1681
1681070002.951732 1153.78 1688
1681070002.9529605 1157.76 1694
1681070002.9541607 1161.09 1700
1681070002.955371 1165.27 1707
1681070002.9566097 1169.16 1712
1681070002.9578278 1172.78 1719
1681070003.0267339 1176.79 1725
1681070003.0286033 1180.13 1731
1681070003.0301461 1184.30 1738
1681070003.0316653 1188.24 1744
1681070003.0330632 1192.17 1751
1681070003.0344255 1195.75 1757
1681070003.0357962 1199.28 1763
1681070003.0372026 1203.34 1769
1681070003.0385947 1206.91 1775
1681070003.0399625 1211.09 1782
1681070003.0416257 1214.86 1788
1681070003.0430586 1219.00 1795
1681070003.0445035 1222.74 1801
1681070003.0458846 1226.31 1807
1681070003.1118178 1230.45 1813
1681070003.1133327 1233.70 1819
1681070003.1146638 1237.88 1826
1681070003.1160543 1241.25 1831
1681070003.1175208 1243.86 1839
1681070003.1189513 1247.31 1845
1681070003.1203282 1250.05 1851
1681070003.1216378 1254.06 1857
1681070003.1229668 1257.36 1863
1681070003.1244102 1260.85 1870
1681070003.125736 1263.90 1876
1681070003.1270328 1266.83 1883
1681070003.1283128 1270.25 1889
1681070003.195222 1273.58 1895
1681070003.1969407 1276.99 1901
1681070003.198335 1280.13 1907
1681070003.1996775 1283.34 1913
1681070003.2010798 1286.11 1921
1681070003.2024977 1289.00 1927
1681070003.2038095 1292.01 1933
1681070003.205132 1294.10 1939
1681070003.2064233 1297.88 1944
1681070003.2077134 1300.61 1951
1681070003.2090223 1304.10 1958
1681070003.21031 1306.99 1964
1681070003.2116022 1309.85 1971
1681070003.2128868 1313.30 1977
1681070003.280625 1316.79 1983
1681070003.2822673 1320.33 1989
1681070003.2838795 1323.18 1996
1681070003.2853656 1326.43 2002
1681070003.2868006 1328.96 2009
1681070003.288271 1331.93 2015
1681070003.2896748 1334.71 2021
1681070003.2910712 1337.60 2027
1681070003.2925205 1340.81 2033
1681070003.293972 1343.10 2040
1681070003.2953076 1346.23 2045
1681070003.2966483 1349.24 2052
1681070003.2979848 1351.21 2059
1681070003.364587 1354.38 2065
1681070003.3660538 1357.60 2071
1681070003.3674128 1360.93 2077
1681070003.3689287 1363.94 2083
1681070003.3703098 1367.00 2089
1681070003.3717499 1369.89 2096
1681070003.3731422 1371.69 2103
1681070003.3744922 1374.83 2109
1681070003.3758223 1377.72 2115
1681070003.3772345 1381.37 2121
1681070003.378625 1383.10 2127
1681070003.3799381 1386.35 2135
1681070003.3812175 1389.08 2140
1681070003.4479814 1391.45 2147
1681070003.449746 1394.47 2153
1681070003.4512134 1396.63 2159
1681070003.4526596 1400.17 2165
1681070003.453963 1402.50 2171
1681070003.4552603 1405.87 2179
1681070003.4565678 1408.80 2185
1681070003.4579477 1411.65 2191
1681070003.4592943 1414.87 2197
1681070003.460706 1417.64 2203
1681070003.462046 1421.13 2209
1681070003.4633515 1423.34 2215
1681070003.4646678 1426.35 2223
1681070003.4659684 1429.65 2229
1681070003.5333555 1432.58 2235
1681070003.5348053 1435.67 2241
1681070003.5361352 1438.24 2247
1681070003.5382965 1440.89 2253
1681070003.5408282 1443.66 2259
1681070003.542986 1446.76 2266
1681070003.5445387 1448.96 2273
1681070003.5460186 1452.26 2279
1681070003.547548 1455.03 2285
1681070003.5489523 1457.76 2291
1681070003.5502694 1460.73 2297
1681070003.5515957 1463.30 2304
1681070003.5529482 1467.00 2311
1681070003.6168113 1469.69 2316
1681070003.6185338 1473.18 2323
1681070003.6199534 1476.07 2328
1681070003.621323 1478.84 2335
1681070003.622756 1481.86 2341
1681070003.6240594 1484.02 2348
1681070003.6254308 1487.24 2355
1681070003.6268187 1490.45 2361
1681070003.6281445 1493.82 2366
1681070003.629455 1495.79 2373
1681070003.6307478 1498.88 2379
1681070003.6320364 1501.33 2384
1681070003.633394 1503.18 2392
1681070003.634684 1506.27 2399
1681070003.7020457 1508.24 2405
1681070003.7036288 1511.94 2411
1681070003.7052898 1514.27 2417
1681070003.706732 1516.88 2423
1681070003.7081006 1519.45 2428
1681070003.7095294 1521.66 2436
1681070003.7109058 1524.35 2443
1681070003.7123005 1525.99 2448
1681070003.7137177 1528.36 2455
1681070003.715084 1530.77 2461
1681070003.7164698 1533.62 2466
1681070003.7178557 1535.03 2473
1681070003.7194064 1538.04 2480
1681070003.7860193 1539.85 2485
1681070003.787445 1541.46 2493
1681070003.788916 1543.82 2499
1681070003.7902942 1545.79 2505
1681070003.7916634 1548.12 2511
1681070003.7930365 1550.21 2518
1681070003.794421 1552.90 2524
1681070003.7957997 1554.35 2530
1681070003.797143 1556.76 2536
1681070003.7983916 1558.40 2543
1681070003.79978 1560.65 2549
1681070003.8011618 1563.34 2555
1681070003.8024201 1565.11 2562
1681070003.869449 1567.76 2568
1681070003.8712173 1570.49 2575
1681070003.872854 1573.42 2580
1681070003.874256 1574.87 2587
1681070003.875622 1577.92 2593
1681070003.8770587 1579.97 2598
1681070003.8787327 1581.90 2606
1681070003.8803973 1584.39 2612
1681070003.8819158 1585.99 2619
1681070003.883241 1588.68 2625
1681070003.8845687 1591.34 2631
1681070003.885886 1594.31 2636
1681070003.8871877 1596.32 2643
1681070003.888507 1599.25 2650
1681070003.9547887 1601.86 2656
1681070003.956228 1603.87 2663
1681070003.9576836 1606.19 2668
1681070003.958997 1607.68 2675
1681070003.960317 1610.29 2681
1681070003.9616258 1612.54 2686
1681070003.963246 1615.27 2694
1681070003.9649985 1616.96 2700
1681070003.9663308 1619.17 2706
1681070003.9676523 1621.66 2713
1681070003.9689994 1623.87 2719
1681070003.9703135 1626.44 2725
1681070003.9716089 1628.20 2732
1681070004.0381463 1631.42 2738
1681070004.0397592 1633.54 2744
1681070004.041245 1636.40 2750
1681070004.042578 1637.96 2755
1681070004.0439494 1640.49 2763
1681070004.0454228 1643.46 2769
1681070004.0467386 1645.75 2776
1681070004.0480368 1648.52 2782
1681070004.049426 1650.81 2788
1681070004.050745 1653.91 2793
1681070004.052053 1655.63 2801
1681070004.0533063 1659.21 2807
1681070004.0545032 1661.50 2812
1681070004.0556958 1663.46 2820
1681070004.1234045 1666.20 2826
1681070004.1248112 1668.40 2832
1681070004.1261415 1671.18 2839
1681070004.1276038 1673.14 2845
1681070004.1289916 1676.40 2851
1681070004.13031 1679.13 2857
1681070004.1316204 1681.98 2864
1681070004.1329105 1684.63 2870
1681070004.1341965 1686.44 2876
1681070004.1354194 1688.81 2883
1681070004.1366415 1690.93 2889
1681070004.1378584 1693.91 2895
1681070004.139065 1696.08 2902
1681070004.2076101 1699.17 2908
1681070004.2092066 1700.93 2912
1681070004.2107005 1703.10 2920
1681070004.2123353 1705.83 2926
1681070004.2137918 1707.80 2933
1681070004.2152317 1710.98 2939
1681070004.216589 1713.99 2946
1681070004.2179024 1717.20 2951
1681070004.2192183 1719.09 2958
1681070004.2205453 1722.26 2964
1681070004.2218554 1724.91 2970
1681070004.223163 1727.16 2977
1681070004.2244985 1730.13 2983
1681070004.2908437 1732.42 2990
1681070004.2926247 1735.51 2996
1681070004.294104 1737.40 3002
1681070004.2955413 1740.17 3008
1681070004.296956 1742.42 3015
1681070004.2982607 1744.79 3020
1681070004.2996106 1747.40 3027
1681070004.3010244 1749.81 3034
1681070004.3023155 1751.82 3040
1681070004.303614 1753.18 3046
1681070004.304959 1756.44 3052
1681070004.306273 1758.69 3058
1681070004.3075774 1761.18 3065
1681070004.3089015 1763.79 3072
1681070004.3761723 1766.16 3077
1681070004.3777552 1768.45 3083
1681070004.3791234 1770.13 3090
1681070004.3805568 1772.74 3096
1681070004.381893 1774.71 3103
1681070004.383212 1777.04 3109
1681070004.3845677 1778.81 3116
1681070004.3857872 1781.26 3122
1681070004.3869958 1783.27 3128
1681070004.388227 1786.44 3134
1681070004.3894963 1789.09 3140
1681070004.390702 1791.78 3147
1681070004.391911 1794.67 3153
1681070004.4595404 1796.88 3160
1681070004.4614866 1799.85 3166
1681070004.4628816 1802.30 3172
1681070004.4642248 1805.31 3178
1681070004.465539 1808.17 3184
1681070004.4668393 1810.82 3190
1681070004.468173 1813.31 3197
1681070004.469496 1815.64 3204
1681070004.4707913 1818.69 3210
1681070004.4720871 1821.82 3216
1681070004.4734318 1825.31 3222
1681070004.4746752 1827.84 3228
1681070004.4760933 1831.14 3235
1681070004.4775534 1833.59 3240
1681070004.5456338 1836.12 3248
1681070004.5483844 1839.01 3254
1681070004.5510423 1841.34 3260
1681070004.5537064 1844.47 3266
1681070004.556325 1847.12 3272
1681070004.5589342 1849.85 3278
1681070004.5615437 1851.90 3286
1681070004.5641744 1854.63 3291
1681070004.5668528 1857.16 3298
1681070004.5695562 1859.69 3304
1681070004.5718114 1862.38 3310
1681070004.5735238 1864.87 3316
1681070004.5751154 1868.09 3323
1681070004.6283903 1870.46 3329
1681070004.6291368 1873.71 3336
1681070004.629857 1876.12 3340
1681070004.6305654 1878.57 3348
1681070004.6312766 1881.70 3354
1681070004.631986 1884.07 3360
1681070004.6327143 1887.12 3367
1681070004.6334414 1889.93 3374
1681070004.6341543 1893.11 3379
1681070004.6348667 1895.23 3386
1681070004.6355772 1898.25 3392
1681070004.6363564 1900.74 3398
1681070004.6370924 1903.11 3404
1681070004.712353 1905.80 3410
1681070004.7141287 1907.40 3418
1681070004.7155907 1910.78 3424
1681070004.7170572 1913.31 3429
1681070004.7184167 1916.04 3436
1681070004.719779 1918.93 3442
1681070004.7211542 1921.46 3448
1681070004.7226956 1924.31 3456
1681070004.7240627 1926.84 3462
1681070004.7254026 1929.57 3468
1681070004.7268467 1932.14 3474
1681070004.7282636 1935.23 3479
1681070004.7295718 1937.44 3486
1681070004.7308652 1940.58 3492
1681070004.7976115 1943.07 3497
1681070004.7989926 1945.19 3506
1681070004.800338 1948.21 3512
1681070004.8017666 1950.01 3518
1681070004.8032098 1953.15 3524
1681070004.8046134 1955.24 3530
1681070004.8059216 1958.13 3536
1681070004.8072197 1960.98 3544
1681070004.808602 1963.91 3549
1681070004.809993 1966.28 3556
1681070004.8113086 1968.73 3562
1681070004.8126574 1970.94 3568
1681070004.8138642 1973.35 3574
1681070004.880962 1976.88 3580
1681070004.882823 1978.81 3587
1681070004.884258 1981.58 3594
1681070004.8857167 1984.39 3600
1681070004.88709 1986.72 3606
1681070004.888699 1989.41 3612
1681070004.8901138 1991.18 3618
1681070004.8914123 1993.79 3624
1681070004.8927317 1995.44 3632
1681070004.8940544 1998.05 3638
1681070004.8953545 2000.10 3643
1681070004.896675 2002.67 3650
1681070004.8981462 2005.32 3656
1681070004.8994732 2007.57 3662
1681070004.9662035 2010.02 3668
1681070004.9675407 2012.22 3676
1681070004.9688792 2014.75 3682
1681070004.970175 2017.00 3688
1681070004.9714634 2020.14 3694
1681070004.9727945 2021.70 3699
1681070004.974095 2024.87 3706
1681070004.9754272 2027.40 3713
1681070004.97686 2029.89 3720
1681070004.9782095 2032.55 3726
1681070004.9795053 2034.96 3732
1681070004.9808464 2037.45 3738
1681070004.9820993 2040.38 3744
1681070005.0496895 2043.47 3750
1681070005.051221 2046.28 3757
1681070005.052562 2049.30 3764
1681070005.054101 2051.75 3769
1681070005.0553977 2054.41 3776
1681070005.0567157 2057.51 3782
1681070005.0580044 2059.29 3788
1681070005.059226 2062.95 3794
1681070005.0604255 2065.37 3801
1681070005.0616193 2068.71 3807
1681070005.0628035 2071.05 3813
1681070005.0639853 2073.71 3820
1681070005.0651844 2076.77 3826
1681070005.1337802 2078.62 3832
1681070005.1355312 2081.85 3838
1681070005.1369877 2083.62 3845
1681070005.138484 2086.36 3851
1681070005.1400745 2087.93 3858
1681070005.1416225 2091.27 3864
1681070005.1430295 2093.73 3869
1681070005.14442 2095.74 3876
1681070005.1458137 2098.97 3883
1681070005.1471736 2101.14 3889
1681070005.1485786 2104.57 3896
1681070005.149958 2107.43 3901
1681070005.1512697 2110.45 3908
1681070005.1526914 2113.06 3914
1681070005.2189772 2115.84 3920
1681070005.2203836 2118.58 3927
1681070005.2217534 2120.52 3933
1681070005.2231672 2123.54 3940
1681070005.2245734 2126.52 3946
1681070005.225924 2129.94 3951
1681070005.2272663 2132.40 3958
1681070005.2286773 2135.70 3964
1681070005.230018 2138.16 3971
1681070005.2313485 2140.90 3977
1681070005.2327132 2143.84 3983
1681070005.234077 2146.22 3990
1681070005.2353 2149.44 3996
1681070005.3024077 2152.18 4002
1681070005.3042543 2155.16 4008
1681070005.3056538 2158.18 4015
1681070005.307002 2161.16 4021
1681070005.3083627 2163.94 4027
1681070005.3097746 2165.76 4034
1681070005.3111074 2168.78 4040
1681070005.3124313 2171.39 4046
1681070005.3137472 2174.82 4051
1681070005.31507 2176.35 4059
1681070005.3163204 2179.69 4065
1681070005.3176026 2182.39 4071
1681070005.318844 2185.37 4078
1681070005.3200462 2188.47 4084
1681070005.3876624 2190.73 4090
1681070005.389109 2194.03 4097
1681070005.3904812 2195.93 4103
1681070005.3918164 2198.99 4109
1681070005.3931854 2201.85 4116
1681070005.394536 2204.91 4121
1681070005.395874 2207.69 4128
1681070005.3972666 2210.23 4134
1681070005.3986063 2213.05 4141
1681070005.399941 2215.14 4147
1681070005.401317 2218.77 4153
1681070005.402656 2220.22 4159
1681070005.4039047 2223.64 4166
1681070005.4710984 2226.54 4172
1681070005.4727182 2228.92 4178
1681070005.474039 2231.62 4185
1681070005.4753456 2233.87 4191
1681070005.4766982 2235.85 4197
1681070005.4780343 2237.50 4204
1681070005.4793365 2240.64 4210
1681070005.4806583 2242.66 4215
1681070005.4819582 2245.27 4222
1681070005.4832935 2247.21 4229
1681070005.4846287 2249.30 4235
1681070005.4859269 2251.52 4241
1681070005.4872248 2253.33 4247
1681070005.5551562 2255.59 4253
1681070005.5568144 2257.12 4260
1681070005.5582306 2260.22 4267
1681070005.559551 2261.91 4272
1681070005.5610654 2264.57 4279
1681070005.5625474 2266.54 4285
1681070005.5639398 2268.92 4291
1681070005.5654292 2271.62 4297
1681070005.56681 2273.31 4304
1681070005.5682313 2276.17 4311
1681070005.5695448 2278.15 4317
1681070005.570821 2281.49 4322
1681070005.57202 2283.14 4329
1681070005.5732372 2286.60 4336
1681070005.6404064 2289.14 4341
1681070005.6417809 2291.96 4348
1681070005.6433148 2294.94 4355
1681070005.6447024 2296.80 4361
1681070005.6460137 2299.70 4367
1681070005.6474628 2302.44 4373
1681070005.6489396 2305.46 4379
1681070005.6502726 2307.95 4386
1681070005.6515765 2311.02 4391
1681070005.6529143 2313.35 4399
1681070005.6542118 2315.77 4405
1681070005.6556623 2317.78 4411
1681070005.6569145 2319.44 4417
1681070005.7238023 2321.89 4424
1681070005.725625 2323.63 4429
1681070005.7269843 2326.08 4436
1681070005.7283392 2328.02 4443
1681070005.729661 2330.59 4448
1681070005.7310436 2333.21 4454
1681070005.732449 2335.07 4461
1681070005.7337403 2337.60 4467
1681070005.734938 2339.70 4474
1681070005.7361453 2343.12 4481
1681070005.737347 2344.73 4487
1681070005.73856 2347.67 4493
1681070005.7399168 2349.73 4499
1681070005.741167 2352.31 4505
1681070005.8092942 2354.84 4512
1681070005.8106644 2357.26 4518
1681070005.812038 2359.96 4525
1681070005.8135028 2361.81 4531
1681070005.8147929 2365.28 4537
1681070005.8160899 2366.81 4543
1681070005.8174222 2370.11 4549
1681070005.818709 2372.13 4554
1681070005.8200262 2374.02 4562
1681070005.8213637 2377.04 4569
1681070005.8225996 2378.81 4575
1681070005.8238566 2381.51 4581
1681070005.8250732 2384.49 4587
1681070005.8926008 2387.72 4593
1681070005.8944595 2389.69 4600
1681070005.895875 2392.59 4605
1681070005.897286 2395.09 4612
1681070005.8985903 2397.06 4619
1681070005.8999107 2399.40 4625
1681070005.9015875 2401.77 4631
1681070005.9029105 2405.32 4637
1681070005.9042537 2407.74 4643
1681070005.9055922 2410.96 4651
1681070005.906906 2413.30 4657
1681070005.9082305 2415.35 4663
1681070005.909627 2417.65 4669
1681070005.976518 2419.30 4675
1681070005.978179 2421.51 4681
1681070005.9796262 2423.33 4687
1681070005.9813552 2425.94 4695
1681070005.9826887 2428.08 4700
1681070005.984001 2431.34 4707
1681070005.9853163 2433.28 4711
1681070005.986618 2435.37 4719
1681070005.9879148 2438.03 4725
1681070005.9892602 2439.76 4731
1681070005.9905636 2442.50 4739
1681070005.9918625 2445.08 4745
1681070005.993188 2448.34 4750
1681070005.9949837 2449.91 4757
1681070006.0619378 2452.93 4763
1681070006.063357 2454.42 4767
1681070006.0648572 2456.00 4775
1681070006.0662534 2458.45 4782
1681070006.0676231 2459.66 4788
1681070006.068906 2462.28 4795
1681070006.07014 2464.62 4801
1681070006.0713909 2467.56 4807
1681070006.0726733 2469.57 4813
1681070006.0739186 2472.31 4819
1681070006.0752137 2474.93 4825
1681070006.0766363 2477.14 4833
1681070006.0779238 2480.04 4839
1681070006.145273 2482.18 4845
1681070006.147015 2484.84 4851
1681070006.1484094 2487.13 4857
1681070006.1497505 2490.28 4864
1681070006.1510944 2491.93 4870
1681070006.152469 2495.47 4877
1681070006.1538002 2497.85 4882
1681070006.1551352 2500.43 4889
1681070006.1564686 2503.21 4895
1681070006.1579025 2505.54 4901
1681070006.1591535 2508.61 4908
1681070006.1605213 2511.67 4915
1681070006.1618016 2514.93 4920
1681070006.1630435 2517.23 4927
1681070006.2305934 2520.21 4933
1681070006.232079 2522.58 4939
1681070006.233513 2525.28 4945
1681070006.2348578 2528.18 4952
1681070006.236254 2530.40 4959
1681070006.2375462 2533.98 4965
1681070006.2388318 2535.60 4971
1681070006.2401676 2538.78 4977
1681070006.241438 2540.95 4983
1681070006.2427933 2543.49 4989
1681070006.2441995 2546.43 4996
1681070006.2454982 2548.37 5002
1681070006.2467425 2550.70 5009
1681070006.313953 2552.51 5015
1681070006.3156374 2555.33 5019
1681070006.317092 2556.91 5027
1681070006.3184955 2560.29 5033
1681070006.3198695 2562.14 5039
1681070006.3215368 2563.71 5047
1681070006.323079 2565.00 5052
1681070006.3245044 2566.77 5059
1681070006.325866 2568.02 5063
1681070006.3277533 2568.31 5070
1681070006.3291714 2568.75 5075
1681070006.3305528 2568.79 5081
1681070006.3319023 2568.87 5088
1681070006.3332658 2568.87 5096
1681070006.3992496 2568.95 5099
1681070006.400977 2568.99 5109
1681070006.4024286 2569.07 5112
1681070006.4043612 2569.15 5121
1681070006.406104 2569.15 5121
1681070006.4074903 2569.19 5129
1681070006.4088783 2569.19 5129
1681070006.4105709 2569.19 5146
1681070006.4119964 2569.23 5146
1681070006.4134142 2569.27 5154
1681070006.4147482 2569.31 5164
1681070006.4160914 2569.31 5164
1681070006.4179401 2569.39 5175
1681070006.4833298 2569.43 5181
1681070006.484782 2569.43 5181
1681070006.4864068 2569.47 5193
1681070006.4879608 2569.51 5201
1681070006.4893694 2569.55 5206
1681070006.4907634 2569.59 5211
1681070006.492167 2569.63 5218
1681070006.4938452 2569.67 5224
1681070006.4951055 2569.67 5234
1681070006.4963582 2569.72 5234
1681070006.4976313 2569.76 5243
1681070006.4990458 2569.76 5243
1681070006.5004995 2569.80 5256
1681070006.5667548 2569.84 5264
1681070006.5686688 2569.88 5269
1681070006.57005 2569.92 5275
1681070006.5714483 2569.96 5282
1681070006.5728228 2570.00 5288
1681070006.574163 2570.00 5288
1681070006.575533 2570.04 5299
1681070006.5772676 2570.08 5308
1681070006.5786424 2570.08 5308
1681070006.5802033 2570.12 5319
1681070006.5817704 2570.16 5327
1681070006.5831397 2570.20 5332
1681070006.5845351 2570.24 5338
1681070006.585881 2570.28 5346
1681070006.651804 2570.32 5353
1681070006.6531565 2570.36 5359
1681070006.6544538 2570.40 5364
1681070006.6557198 2570.40 5364
1681070006.6570168 2570.44 5374
1681070006.6582644 2570.44 5385
1681070006.6595452 2570.48 5385
1681070006.660819 2570.52 5398
1681070006.6620684 2570.60 5403
1681070006.6632993 2570.64 5410
1681070006.6646204 2570.64 5410
1681070006.6658792 2570.68 5421
1681070006.6671188 2570.68 5421
1681070006.7353745 2570.72 5431
1681070006.7372339 2570.72 5431
1681070006.7388296 2570.76 5443
1681070006.7403457 2570.80 5453
1681070006.7417536 2570.84 5458
1681070006.7431407 2570.88 5465
1681070006.7445471 2570.92 5470
1681070006.7458954 2570.96 5477
1681070006.747259 2570.96 5477
1681070006.7485583 2571.00 5488
1681070006.7497854 2571.00 5498
1681070006.7510183 2571.04 5498
1681070006.7522671 2571.04 5511
1681070006.7535424 2571.08 5511
1681070006.820697 2571.13 5522
1681070006.822099 2571.17 5528
1681070006.823486 2571.21 5533
1681070006.8248816 2571.25 5539
1681070006.8263729 2571.29 5547
1681070006.8278484 2571.29 5547
1681070006.829249 2571.33 5558
1681070006.8306086 2571.33 5558
1681070006.8319552 2571.37 5569
1681070006.833332 2571.37 5569
1681070006.8346837 2571.41 5581
1681070006.8360288 2571.41 5593
1681070006.8374274 2571.45 5600
1681070006.9047356 2571.49 5605
1681070006.906035 2571.53 5605
1681070006.907437 2571.57 5614
1681070006.9089272 2571.61 5621
1681070006.9104056 2571.61 5621
1681070006.9117398 2571.65 5632
1681070006.913111 2571.69 5641
1681070006.9144325 2571.69 5641
1681070006.9158309 2571.69 5641
1681070006.9171567 2571.73 5658
1681070006.918441 2571.77 5665
1681070006.9196804 2571.77 5675
1681070006.9209695 2571.81 5681
1681070006.9881835 2571.85 5681
1681070006.9899478 2571.89 5690
1681070006.9913094 2571.93 5697
1681070006.9928877 2571.93 5707
1681070006.9943364 2571.97 5707
1681070006.9956958 2571.97 5719
1681070006.9971201 2572.01 5719
1681070006.9984756 2572.01 5719
1681070006.999808 2572.05 5735
1681070007.001183 2572.05 5744
1681070007.0025644 2572.09 5744
1681070007.0037959 2572.13 5753
1681070007.0051458 2572.17 5760
1681070007.0064318 2572.21 5768
1681070007.0733776 2572.21 5768
1681070007.0748308 2572.25 5781
1681070007.076397 2572.25 5781
1681070007.0778067 2572.25 5793
1681070007.0792243 2572.29 5793
1681070007.0806334 2572.29 5793
1681070007.0819924 2572.33 5813
1681070007.0833282 2572.37 5816
1681070007.0847032 2572.41 5820
1681070007.0860407 2572.45 5830
1681070007.0874267 2572.49 5837
1681070007.0887563 2572.49 5837
1681070007.0901604 2572.54 5847
1681070007.1568563 2572.58 5856
1681070007.158614 2572.58 5856
1681070007.1603203 2572.62 5867
1681070007.1617296 2572.62 5867
1681070007.1631293 2572.62 5882
1681070007.1645544 2572.66 5882
1681070007.1659274 2572.66 5882
1681070007.1672838 2572.70 5897
1681070007.1689048 2572.70 5908
1681070007.170492 2572.74 5908
1681070007.1718707 2572.78 5915
1681070007.1732113 2572.82 5925
1681070007.1746027 2572.82 5925
1681070007.175856 2572.86 5935
1681070007.2421062 2572.86 5935
1681070007.243859 2572.90 5947
1681070007.2453096 2572.90 5947
1681070007.2467046 2572.94 5959
1681070007.2480626 2572.94 5959
1681070007.249472 2572.94 5959
1681070007.250798 2572.98 5978
1681070007.2521522 2573.02 5988
1681070007.253488 2573.02 5988
1681070007.2547266 2573.06 6002
1681070007.255975 2573.14 6005
1681070007.2572823 2573.14 6014
1681070007.2585666 2573.18 6014
1681070007.326466 2573.18 6014
1681070007.327994 2573.22 6028
1681070007.3295667 2573.26 6039
1681070007.3312476 2573.26 6039
1681070007.3331978 2573.26 6039
1681070007.3345954 2573.30 6053
1681070007.3359373 2573.30 6053
1681070007.3373163 2573.34 6069
1681070007.338695 2573.34 6069
1681070007.3400328 2573.38 6080
1681070007.3413732 2573.42 6089
1681070007.3430474 2573.42 6089
1681070007.3444593 2573.46 6099
1681070007.409608 2573.46 6099
1681070007.4113142 2573.50 6110
1681070007.4128642 2573.54 6119
1681070007.4143436 2573.54 6119
1681070007.4157133 2573.54 6133
1681070007.4170978 2573.58 6133
1681070007.4184964 2573.58 6133
1681070007.4198406 2573.62 6152
1681070007.4215648 2573.62 6152
1681070007.4231455 2573.66 6164
1681070007.4245677 2573.66 6164
1681070007.426288 2573.70 6175
1681070007.4279656 2573.70 6184
1681070007.429366 2573.74 6184
1681070007.4950988 2573.78 6195
1681070007.4969025 2573.78 6195
1681070007.4983594 2573.82 6204
1681070007.4998555 2573.82 6216
1681070007.5012276 2573.86 6216
1681070007.5025961 2573.90 6226
1681070007.503945 2573.94 6231
1681070007.5053208 2573.94 6231
1681070007.5066793 2573.94 6231
1681070007.5080152 2573.99 6252
1681070007.5094543 2573.99 6252
1681070007.5108159 2574.03 6263
1681070007.5122027 2574.03 6263
1681070007.5783045 2574.07 6276
1681070007.5801399 2574.15 6284
1681070007.5816724 2574.15 6284
1681070007.5831537 2574.19 6294
1681070007.5846238 2574.19 6294
1681070007.5860522 2574.19 6309
1681070007.5875354 2574.23 6309
1681070007.5888994 2574.23 6323
1681070007.590243 2574.27 6323
1681070007.5916255 2574.27 6323
1681070007.5930114 2574.31 6340
1681070007.5943484 2574.31 6340
1681070007.5957031 2574.31 6340
1681070007.5970733 2574.35 6358
1681070007.663463 2574.35 6358
1681070007.6648717 2574.39 6372
1681070007.666208 2574.39 6372
1681070007.6675344 2574.43 6381
1681070007.6689355 2574.43 6381
1681070007.6702213 2574.47 6393
1681070007.6714811 2574.51 6403
1681070007.6727598 2574.51 6403
1681070007.6739857 2574.51 6403
1681070007.6752753 2574.55 6418
1681070007.676785 2574.55 6418
1681070007.6780772 2574.59 6430
1681070007.6793182 2574.59 6430
1681070007.7476778 2574.59 6449
1681070007.7491925 2574.63 6449
1681070007.7505841 2574.63 6449
1681070007.7519438 2574.63 6467
1681070007.7533417 2574.67 6467
1681070007.754707 2574.67 6467
1681070007.7561626 2574.71 6482
1681070007.7575448 2574.71 6492
1681070007.7589366 2574.75 6492
1681070007.7603254 2574.75 6505
1681070007.7616942 2574.79 6505
1681070007.7630334 2574.83 6514
1681070007.76433 2574.83 6514
1681070007.8310456 2574.83 6531
1681070007.8328176 2574.87 6531
1681070007.8343425 2574.87 6531
1681070007.835891 2574.91 6544
1681070007.837353 2574.91 6544
1681070007.8388317 2574.91 6544
1681070007.840198 2574.95 6563
1681070007.8415685 2574.95 6563
1681070007.842983 2574.95 6563
1681070007.8443518 2574.99 6583
1681070007.8457234 2574.99 6583
1681070007.8471224 2574.99 6599
1681070007.8485563 2575.03 6599
1681070007.8500144 2575.03 6599
1681070007.9163241 2575.07 6614
1681070007.9179063 2575.07 6614
1681070007.919296 2575.11 6626
1681070007.9207108 2575.11 6626
1681070007.922066 2575.15 6641
1681070007.9234405 2575.15 6641
1681070007.9248662 2575.15 6656
1681070007.9262555 2575.19 6656
1681070007.927637 2575.19 6656
1681070007.9290204 2575.23 6673
1681070007.9303646 2575.23 6673
1681070007.9317102 2575.23 6673
1681070007.9329636 2575.23 6673
1681070007.9998152 2575.27 6699
1681070008.0016124 2575.27 6699
1681070008.0031161 2575.27 6699
1681070008.0046573 2575.31 6717
1681070008.006094 2575.31 6717
1681070008.007473 2575.31 6717
1681070008.0090637 2575.35 6732
1681070008.010478 2575.35 6732
1681070008.0118313 2575.40 6747
1681070008.013228 2575.40 6747
1681070008.014611 2575.40 6763
1681070008.015983 2575.44 6763
1681070008.0173872 2575.44 6763
1681070008.0187523 2575.48 6779
1681070008.0848885 2575.48 6779
1681070008.0862908 2575.52 6794
1681070008.0876873 2575.52 6794
1681070008.0891163 2575.52 6794
1681070008.0905097 2575.52 6794
1681070008.0918546 2575.56 6815
1681070008.093476 2575.56 6815
1681070008.0947466 2575.56 6815
1681070008.095994 2575.56 6815
1681070008.0972848 2575.56 6815
1681070008.0985823 2575.60 6848
1681070008.0998247 2575.60 6848
1681070008.1011083 2575.60 6848
1681070008.1685786 2575.64 6865
1681070008.1707263 2575.64 6865
1681070008.1728654 2575.64 6865
1681070008.174512 2575.68 6886
1681070008.1763933 2575.68 6886
1681070008.178173 2575.68 6886
1681070008.1796029 2575.72 6903
1681070008.1810038 2575.72 6903
1681070008.1823466 2575.76 6917
1681070008.1836958 2575.76 6917
1681070008.1850908 2575.76 6917
1681070008.1867137 2575.80 6938
1681070008.1880817 2575.80 6938
1681070008.252508 2575.80 6938
1681070008.2542276 2575.80 6938
1681070008.255621 2575.84 6964
1681070008.2570016 2575.84 6964
1681070008.2584698 2575.84 6964
1681070008.2599308 2575.84 6964
1681070008.2613251 2575.84 6964
1681070008.2626803 2575.88 6994
1681070008.2640326 2575.88 6994
1681070008.2654095 2575.88 6994
1681070008.2668405 2575.88 6994
1681070008.2682 2575.88 7020
1681070008.2696114 2575.92 7020
1681070008.2708619 2575.92 7020
1681070008.3376863 2575.96 7037
1681070008.3391576 2575.96 7037
1681070008.340619 2575.96 7037
1681070008.3423512 2575.96 7037
1681070008.3437612 2576.00 7059
1681070008.3451805 2576.00 7059
1681070008.3465462 2576.00 7059
1681070008.3478916 2576.04 7079
1681070008.3493006 2576.04 7079
1681070008.3506708 2576.04 7079
1681070008.352013 2576.08 7098
1681070008.3533807 2576.08 7098
1681070008.3547435 2576.08 7098
1681070008.4211645 2576.08 7098
1681070008.422973 2576.08 7098
1681070008.4245164 2576.12 7129
1681070008.42616 2576.12 7129
1681070008.427615 2576.12 7129
1681070008.4290018 2576.12 7129
1681070008.430348 2576.16 7158
1681070008.4317448 2576.16 7158
1681070008.433124 2576.16 7158
1681070008.4344845 2576.16 7158
1681070008.4358184 2576.16 7158
1681070008.437307 2576.16 7158
1681070008.4389598 2576.20 7193
1681070008.440379 2576.20 7193
1681070008.5064836 2576.20 7193
1681070008.5080326 2576.20 7193
1681070008.511567 2576.20 7193
1681070008.5131629 2576.24 7224
1681070008.5145993 2576.24 7224
1681070008.5159302 2576.24 7224
1681070008.5172715 2576.28 7244
1681070008.5185854 2576.28 7244
1681070008.5199277 2576.28 7244
1681070008.521315 2576.28 7244
1681070008.5226927 2576.32 7269
1681070008.5240464 2576.32 7269
1681070008.5254467 2576.32 7269
1681070008.5898302 2576.32 7269
1681070008.5914588 2576.36 7292
1681070008.5928752 2576.36 7292
1681070008.5942328 2576.36 7292
1681070008.595604 2576.40 7315
1681070008.5969648 2576.40 7315
1681070008.598303 2576.40 7315
1681070008.599662 2576.40 7315
1681070008.6010273 2576.40 7315
1681070008.602362 2576.40 7315
1681070008.6037536 2576.44 7353
1681070008.6050737 2576.44 7353
1681070008.6063197 2576.44 7353
1681070008.6738849 2576.44 7353
1681070008.6755848 2576.44 7353
1681070008.6770115 2576.44 7353
1681070008.6783597 2576.44 7353
1681070008.67972 2576.44 7353
1681070008.6810844 2576.44 7353
1681070008.682421 2576.48 7409
1681070008.6837547 2576.48 7409
1681070008.6850824 2576.48 7409
1681070008.6864223 2576.48 7409
1681070008.6877549 2576.52 7435
1681070008.689013 2576.52 7435
1681070008.6903386 2576.52 7435
1681070008.6916952 2576.52 7435
1681070008.759497 2576.52 7435
1681070008.7610645 2576.52 7435
1681070008.7624993 2576.52 7474
1681070008.763853 2576.56 7474
1681070008.7652204 2576.56 7474
1681070008.7665777 2576.56 7474
1681070008.7679212 2576.60 7497
1681070008.7692792 2576.60 7497
1681070008.7708793 2576.60 7497
1681070008.7724307 2576.60 7497
1681070008.7737894 2576.60 7497
1681070008.7751877 2576.64 7525
1681070008.7768443 2576.64 7525
1681070008.8425837 2576.64 7525
1681070008.8442795 2576.64 7525
1681070008.8458195 2576.64 7525
1681070008.8472784 2576.64 7525
1681070008.8487291 2576.64 7525
1681070008.8501642 2576.68 7570
1681070008.851614 2576.68 7570
1681070008.8530228 2576.68 7570
1681070008.854365 2576.68 7570
1681070008.8557167 2576.68 7570
1681070008.8570852 2576.68 7570
1681070008.8584547 2576.68 7570
1681070008.8598483 2576.68 7570
1681070008.8612363 2576.68 7570
1681070008.9277544 2576.68 7570
1681070008.9292223 2576.68 7570
1681070008.9306417 2576.68 7570
1681070008.9320123 2576.68 7570
1681070008.9334059 2576.68 7570
1681070008.9347732 2576.68 7570
1681070008.9360259 2576.68 7570
1681070008.937299 2576.68 7570
1681070008.9385734 2576.68 7570
1681070008.9398224 2576.68 7570
1681070008.9411614 2576.68 7570
1681070008.9424696 2576.72 7697
1681070008.9437273 2576.72 7697
1681070009.0112221 2576.72 7697
1681070009.0129902 2576.72 7697
1681070009.0144074 2576.72 7697
1681070009.015788 2576.72 7697
1681070009.0171604 2576.72 7697
1681070009.0185275 2576.72 7697
1681070009.0198412 2576.72 7697
1681070009.0211046 2576.72 7697
1681070009.0223334 2576.72 7697
1681070009.0235968 2576.72 7697
1681070009.0249355 2576.72 7697
1681070009.026252 2576.72 7697
1681070009.0274465 2576.72 7697
1681070009.0951998 2576.72 7697
1681070009.0968387 2576.72 7697
1681070009.0981643 2576.72 7697
1681070009.0994682 2576.72 7697
1681070009.1008372 2576.72 7697
1681070009.1021955 2576.72 7697
1681070009.1034925 2576.72 7697
1681070009.1048036 2576.72 7697
1681070009.106098 2576.72 7697
1681070009.1073847 2576.72 7697
1681070009.1086884 2576.72 7697
1681070009.110076 2576.72 7697
1681070009.1113675 2576.72 7697
1681070009.112649 2576.72 7697
1681070009.180706 2576.72 7697
1681070009.1820564 2576.72 7697
1681070009.1833682 2576.72 7697
1681070009.1846595 2576.72 7697
1681070009.1858525 2576.72 7697
1681070009.1870377 2576.72 7697
1681070009.1882765 2576.72 7697
1681070009.1895993 2576.72 7697
1681070009.1908875 2576.72 7697
1681070009.192215 2576.72 7697
1681070009.1934266 2576.72 7697
1681070009.1946828 2576.72 7697
1681070009.195901 2576.72 7697
1681070009.2639873 2576.72 7697
1681070009.2656574 2576.72 7697
1681070009.2670608 2576.72 7697
1681070009.2684536 2576.72 7697
1681070009.269826 2576.72 7697
1681070009.2710855 2576.72 7697
1681070009.2724593 2576.72 7697
1681070009.2737665 2576.72 7697
1681070009.2750769 2576.72 7697
1681070009.2763608 2576.72 7697
1681070009.277655 2576.72 7697
1681070009.2789178 2576.72 7697
1681070009.2801924 2576.72 7697
1681070009.2814496 2576.72 7697
1681070009.3492763 2576.72 7697
1681070009.3506253 2576.72 7697
1681070009.3520112 2576.72 7697
1681070009.3534715 2576.72 7697
1681070009.3547778 2576.72 7697
1681070009.3560734 2576.72 7697
1681070009.3575623 2576.72 7697
1681070009.3589134 2576.72 7697
1681070009.3602366 2576.72 7697
1681070009.3615432 2576.72 7697
1681070009.3628218 2576.72 7697
1681070009.3640192 2576.72 7697
1681070009.3652365 2576.72 7697
1681070009.4326375 2576.72 7697
1681070009.4344544 2576.72 7697
1681070009.4360042 2576.72 7697
1681070009.4376223 2576.72 7697
1681070009.4392188 2576.72 7697
1681070009.4407694 2576.72 7697
1681070009.4422395 2576.72 7697
1681070009.443769 2576.72 7697
1681070009.445229 2576.72 7697
1681070009.4466035 2576.72 7697
1681070009.4479606 2576.72 7697
1681070009.449366 2576.72 7697
1681070009.450756 2576.72 7697
1681070009.4522777 2576.72 7697
1681070009.5179665 2576.72 7697
1681070009.519354 2576.72 7697
1681070009.5206764 2576.72 7697
1681070009.5219624 2576.72 7697
1681070009.5233402 2576.72 7697
1681070009.5248537 2576.72 7697
1681070009.526504 2576.72 7697
1681070009.5278015 2576.72 7697
1681070009.529108 2576.72 7697
1681070009.5303829 2576.72 7697
1681070009.5316606 2576.72 7697
1681070009.5329604 2576.72 7697
1681070009.5342493 2576.72 7697
1681070009.6020103 2576.72 7697
1681070009.6035473 2576.72 7697
1681070009.6049285 2576.72 7697
1681070009.6062264 2576.72 7697
1681070009.607577 2576.72 7697
1681070009.6091015 2576.72 7697
1681070009.6104443 2576.72 7697
1681070009.6117363 2576.72 7697
1681070009.6130614 2576.72 7697
1681070009.614362 2576.72 7697
1681070009.61566 2576.72 7697
1681070009.617031 2576.72 7697
1681070009.6183167 2576.72 7697
1681070009.6854033 2576.72 7697
1681070009.686948 2576.72 7697
1681070009.6882846 2576.72 7697
1681070009.6896012 2576.72 7697
1681070009.6909444 2576.72 7697
1681070009.6922314 2576.72 7697
1681070009.6934571 2576.72 7697
1681070009.6947377 2576.72 7697
1681070009.6960192 2576.72 7697
1681070009.6972408 2576.72 7697
1681070009.6984303 2576.72 7697
1681070009.6996226 2576.72 7697
1681070009.7008336 2576.72 7697
1681070009.7020261 2576.72 7697
1681070009.7707498 2576.72 7697
1681070009.7720773 2576.72 7697
1681070009.7733936 2576.72 7697
1681070009.774785 2576.72 7697
1681070009.77609 2576.72 7697
1681070009.7775416 2576.72 7697
1681070009.7788293 2576.72 7697
1681070009.7801342 2576.72 7697
1681070009.7814255 2576.72 7697
1681070009.7827122 2576.72 7697
1681070009.7839983 2576.72 7697
1681070009.7853203 2576.72 7697
1681070009.7865977 2576.72 7697
1681070009.854167 2576.72 7697
1681070009.8559654 2576.72 7697
1681070009.857434 2576.72 7697
1681070009.858877 2576.72 7697
1681070009.8603542 2576.72 7697
1681070009.8617957 2576.72 7697
1681070009.8631601 2576.72 7697
1681070009.8644857 2576.72 7697
1681070009.865789 2576.72 7697
1681070009.8670766 2576.72 7697
1681070009.8683922 2576.72 7697
1681070009.8698366 2576.72 7697
1681070009.8712604 2576.72 7697
1681070009.8726084 2576.72 7697
1681070009.9393864 2576.72 7697
1681070009.9409041 2576.72 7697
1681070009.9423318 2576.72 7697
1681070009.9437463 2576.72 7697
1681070009.945175 2576.72 7697
1681070009.9464924 2576.72 7697
1681070009.9477696 2576.72 7697
1681070009.9490693 2576.72 7697
1681070009.950519 2576.72 7697
1681070009.9519658 2576.72 7697
1681070009.9533107 2576.72 7697
1681070009.9546022 2576.72 7697
1681070009.955893 2576.72 7697
1681070010.0233946 2576.72 7697
1681070010.0247595 2576.72 7697
1681070010.0260735 2576.72 7697
1681070010.027371 2576.72 7697
1681070010.028676 2576.72 7697
1681070010.0299811 2576.72 7697
1681070010.0312688 2576.72 7697
1681070010.0325766 2576.72 7697
1681070010.0338473 2576.72 7697
1681070010.0350893 2576.72 7697
1681070010.036292 2576.72 7697
1681070010.0374846 2576.72 7697
1681070010.038703 2576.72 7697
1681070010.1067955 2576.72 7697
1681070010.1083071 2576.72 7697
1681070010.109592 2576.72 7697
1681070010.1108286 2576.72 7697
1681070010.112053 2576.72 7697
1681070010.11333 2576.72 7697
1681070010.114648 2576.72 7697
1681070010.1158023 2576.72 7697
1681070010.1167216 2576.72 7697
1681070010.1175833 2576.72 7697
1681070010.1184464 2576.72 7697
1681070010.119302 2576.72 7697
1681070010.120287 2576.72 7697
1681070010.1210427 2576.72 7697
1681070010.1921751 2576.72 7697
1681070010.1936448 2576.72 7697
1681070010.1949391 2576.72 7697
1681070010.1962452 2576.72 7697
1681070010.19754 2576.72 7697
1681070010.198814 2576.72 7697
1681070010.20009 2576.72 7697
1681070010.2013855 2576.72 7697
1681070010.2026691 2576.72 7697
1681070010.203958 2576.72 7697
1681070010.2052794 2576.72 7697
1681070010.2064772 2576.72 7697
1681070010.207645 2576.72 7697
1681070010.2757077 2576.72 7697
1681070010.2776444 2576.72 7697
1681070010.2791233 2576.72 7697
1681070010.2804637 2576.72 7697
1681070010.2816603 2576.72 7697
1681070010.2829273 2576.72 7697
1681070010.2842095 2576.72 7697
1681070010.2854283 2576.72 7697
1681070010.2866106 2576.72 7697
1681070010.2877972 2576.72 7697
1681070010.2889972 2576.72 7697
1681070010.2903976 2576.72 7697
1681070010.292022 2576.72 7697
1681070010.2933192 2576.72 7697
1681070010.3610146 2576.72 7697
1681070010.3626623 2576.72 7697
1681070010.3644524 2576.72 7697
1681070010.3658335 2576.72 7697
1681070010.36724 2576.72 7697
1681070010.3686984 2576.72 7697
1681070010.3702326 2576.72 7697
1681070010.3715928 2576.72 7697
1681070010.372936 2576.72 7697
1681070010.3742237 2576.72 7697
1681070010.3756464 2576.72 7697
1681070010.3770516 2576.72 7697
1681070010.378405 2576.72 7697
1681070010.444875 2576.72 7697
1681070010.4463067 2576.72 7697
1681070010.4477112 2576.72 7697
1681070010.4491243 2576.72 7697
1681070010.4506202 2576.72 7697
1681070010.4519627 2576.72 7697
1681070010.4533458 2576.72 7697
1681070010.4547136 2576.72 7697
1681070010.456065 2576.72 7697
1681070010.457645 2576.72 7697
1681070010.4590583 2576.72 7697
1681070010.4604635 2576.72 7697
1681070010.4618504 2576.72 7697
1681070010.5283122 2576.72 7697
1681070010.5298595 2576.72 7697
1681070010.5312753 2576.72 7697
1681070010.5327163 2576.72 7697
1681070010.5340083 2576.72 7697
1681070010.5352955 2576.72 7697
1681070010.5366144 2576.72 7697
1681070010.537896 2576.72 7697
1681070010.5392175 2576.72 7697
1681070010.5406196 2576.72 7697
1681070010.5420964 2576.72 7697
1681070010.5434487 2576.72 7697
1681070010.5447636 2576.72 7697
1681070010.546035 2576.72 7697
1681070010.6135154 2576.72 7697
1681070010.6148567 2576.72 7697
1681070010.6161783 2576.72 7697
1681070010.6175997 2576.72 7697
1681070010.618879 2576.72 7697
1681070010.6204288 2576.72 7697
1681070010.6217892 2576.72 7697
1681070010.6230803 2576.72 7697
1681070010.624547 2576.72 7697
1681070010.6259537 2576.72 7697
1681070010.6272492 2576.72 7697
1681070010.628574 2576.72 7697
1681070010.629868 2576.72 7697
1681070010.6971312 2576.72 7697
1681070010.6986783 2576.72 7697
1681070010.6999948 2576.72 7697
1681070010.7014532 2576.72 7697
1681070010.7027545 2576.72 7697
1681070010.7040455 2576.72 7697
1681070010.7054029 2576.72 7697
1681070010.7066228 2576.72 7697
1681070010.7078815 2576.72 7697
1681070010.709289 2576.72 7697
1681070010.7105062 2576.72 7697
1681070010.711696 2576.72 7697
1681070010.7129257 2576.72 7697
1681070010.714121 2576.72 7697
1681070010.7821817 2576.72 7697
1681070010.7839162 2576.72 7697
1681070010.7854433 2576.72 7697
1681070010.7867508 2576.72 7697
1681070010.788043 2576.72 7697
1681070010.789578 2576.72 7697
1681070010.7909563 2576.72 7697
1681070010.7923489 2576.72 7697
1681070010.7936645 2576.72 7697
1681070010.7949576 2576.72 7697
1681070010.7962277 2576.72 7697
1681070010.797532 2576.72 7697
1681070010.798761 2576.72 7697
1681070010.866264 2576.72 7697
1681070010.8677332 2576.72 7697
1681070010.8692107 2576.72 7697
1681070010.8706708 2576.72 7697
1681070010.8720121 2576.72 7697
1681070010.873351 2576.72 7697
1681070010.8746636 2576.72 7697
1681070010.8759632 2576.72 7697
1681070010.8772957 2576.72 7697
1681070010.8785903 2576.72 7697
1681070010.87988 2576.72 7697
1681070010.8813488 2576.72 7697
1681070010.8826988 2576.72 7697
1681070010.9497197 2576.72 7697
1681070010.9512732 2576.72 7697
1681070010.9526958 2576.72 7697
1681070010.9539323 2576.72 7697
1681070010.9551528 2576.72 7697
1681070010.9564106 2576.72 7697
1681070010.9576528 2576.72 7697
1681070010.9589937 2576.72 7697
1681070010.9602995 2576.72 7697
1681070010.9615355 2576.72 7697
1681070010.9627492 2576.72 7697
1681070010.9639602 2576.72 7697
1681070010.965209 2576.72 7697
1681070010.9664195 2576.72 7697
1681070011.0349007 2576.72 7697
1681070011.0362651 2576.72 7697
1681070011.0375774 2576.72 7697
1681070011.0388656 2576.72 7697
1681070011.0401955 2576.72 7697
1681070011.0420818 2576.72 7697
1681070011.043551 2576.72 7697
1681070011.044901 2576.72 7697
1681070011.0461972 2576.72 7697
1681070011.0474334 2576.72 7697
1681070011.048867 2576.72 7697
1681070011.0501645 2576.72 7697
1681070011.0514834 2576.72 7697
1681070011.1185088 2576.72 7697
1681070011.120166 2576.72 7697
1681070011.1216543 2576.72 7697
1681070011.123044 2576.72 7697
1681070011.124679 2576.72 7697
1681070011.1260054 2576.72 7697
1681070011.1272986 2576.72 7697
1681070011.128622 2576.72 7697
1681070011.1299117 2576.72 7697
1681070011.1312075 2576.72 7697
1681070011.1325371 2576.72 7697
1681070011.1337333 2576.72 7697
1681070011.134922 2576.72 7697
1681070011.1361208 2576.72 7697
1681070011.203821 2576.72 7697
1681070011.2053525 2576.72 7697
1681070011.2068439 2576.72 7697
1681070011.2085068 2576.72 7697
1681070011.2099712 2576.72 7697
1681070011.2113972 2576.72 7697
1681070011.2128463 2576.72 7697
1681070011.2141418 2576.72 7697
1681070011.2155457 2576.72 7697
1681070011.2169914 2576.72 7697
1681070011.2184634 2576.72 7697
1681070011.2199254 2576.72 7697
1681070011.221313 2576.72 7697
1681070011.287333 2576.72 7697
1681070011.2899077 2576.72 7697
1681070011.2918892 2576.72 7697
1681070011.2933855 2576.72 7697
1681070011.2948363 2576.72 7697
1681070011.2961812 2576.72 7697
1681070011.2975035 2576.72 7697
1681070011.298812 2576.72 7697
1681070011.3001409 2576.72 7697
1681070011.3014812 2576.72 7697
1681070011.302789 2576.72 7697
1681070011.3040938 2576.72 7697
1681070011.3054347 2576.72 7697
1681070011.3711677 2576.72 7697
1681070011.371812 2576.72 7697
1681070011.3723166 2576.72 7697
1681070011.3728447 2576.72 7697
1681070011.373362 2576.72 7697
1681070011.3739436 2576.72 7697
1681070011.374535 2576.72 7697
1681070011.3751817 2576.72 7697
1681070011.3758183 2576.72 7697
1681070011.3764517 2576.72 7697
1681070011.3770683 2576.72 7697
1681070011.3776882 2576.72 7697
1681070011.3783062 2576.72 7697
1681070011.4556468 2576.72 7697
1681070011.4576142 2576.72 7697
1681070011.4590278 2576.72 7697
1681070011.4604042 2576.72 7697
1681070011.4618702 2576.72 7697
1681070011.463305 2576.72 7697
1681070011.4647334 2576.72 7697
1681070011.466396 2576.72 7697
1681070011.4677684 2576.72 7697
1681070011.4691327 2576.72 7697
1681070011.4703739 2576.72 7697
1681070011.47157 2576.72 7697
1681070011.4728405 2576.72 7697
1681070011.5399044 2576.72 7697
1681070011.5416622 2576.72 7697
1681070011.5431197 2576.72 7697
1681070011.5445707 2576.72 7697
1681070011.5462577 2576.72 7697
1681070011.5479486 2576.72 7697
1681070011.5493054 2576.72 7697
1681070011.5506258 2576.72 7697
1681070011.551849 2576.76 10291
1681070011.5531547 2576.81 10300
1681070011.554403 2577.01 10306
1681070011.555622 2577.09 10306
1681070011.5568647 2577.09 10306
1681070011.6243856 2577.09 10306
1681070011.6263344 2577.09 10306
1681070011.627798 2577.09 10306
1681070011.6291614 2577.09 10306
1681070011.6306338 2577.09 10306
1681070011.6322315 2577.09 10306
1681070011.6337676 2577.09 10306
1681070011.635133 2577.09 10306
1681070011.6364875 2577.09 10306
1681070011.6378183 2577.09 10306
1681070011.639135 2577.09 10306
1681070011.6404855 2577.09 10306
1681070011.6421404 2577.09 10306
1681070011.7092917 2577.09 10306
1681070011.7106662 2577.09 10306
1681070011.712241 2577.09 10306
1681070011.7137814 2577.09 10306
1681070011.715141 2577.09 10306
1681070011.716488 2577.09 10306
1681070011.7178109 2577.09 10306
1681070011.7190888 2577.09 10306
1681070011.7203183 2577.09 10306
1681070011.7215316 2577.09 10306
1681070011.7227445 2577.09 10306
1681070011.7240574 2577.09 10306
1681070011.7255552 2577.09 10306
1681070011.793966 2577.09 10306
1681070011.7953477 2577.09 10306
1681070011.7967606 2577.09 10306
1681070011.7981699 2577.09 10306
1681070011.799492 2577.09 10306
1681070011.800843 2577.09 10306
1681070011.802164 2577.09 10306
1681070011.8035204 2577.09 10306
1681070011.804806 2577.09 10306
1681070011.8061438 2577.09 10306
1681070011.8079505 2577.09 10306
1681070011.8094525 2577.09 10306
1681070011.8768802 2577.09 10306
1681070011.8777268 2577.09 10306
1681070011.878428 2577.09 10306
1681070011.8791199 2577.09 10306
1681070011.8798072 2577.09 10306
1681070011.8805177 2577.09 10306
1681070011.8812182 2577.09 10306
1681070011.8819253 2577.09 10306
1681070011.8828037 2577.09 10306
1681070011.8835018 2577.09 10306
1681070011.8842413 2577.09 10306
1681070011.8849423 2577.13 10646
1681070011.8856323 2577.13 10646
1681070011.9621115 2577.13 10646
1681070011.963517 2577.13 10646
1681070011.9648848 2577.13 10646
1681070011.966628 2577.13 10646
1681070011.9680536 2577.13 10646
1681070011.9694498 2577.13 10646
1681070011.9708238 2577.13 10646
1681070011.9722037 2577.13 10646
1681070011.9735582 2577.13 10646
1681070011.9748797 2577.13 10646
1681070011.9762108 2577.13 10646
1681070011.9775317 2577.13 10646
1681070011.9788475 2577.13 10646
1681070012.0465593 2577.13 10646
1681070012.047934 2577.13 10646
1681070012.0494194 2577.13 10646
1681070012.0507772 2577.13 10646
1681070012.0521264 2577.13 10646
1681070012.0535169 2577.13 10646
1681070012.0547826 2577.13 10646
1681070012.0560644 2577.13 10646
1681070012.0574973 2577.13 10646
1681070012.0587578 2577.13 10646
1681070012.060049 2577.13 10646
1681070012.0614054 2577.13 10646
1681070012.1297512 2577.13 10646
1681070012.1313481 2577.13 10646
1681070012.132808 2577.13 10646
1681070012.1341715 2577.13 10646
1681070012.1355338 2577.13 10646
1681070012.1369288 2577.13 10646
1681070012.1382768 2577.13 10646
1681070012.139642 2577.13 10646
1681070012.1410735 2577.13 10646
1681070012.1424208 2577.13 10646
1681070012.1437721 2577.13 10646
1681070012.1452856 2577.13 10646
1681070012.1466503 2577.13 10646
1681070012.2141993 2577.13 10646
1681070012.2156694 2577.13 10646
1681070012.2169802 2577.13 10646
1681070012.2182393 2577.13 10646
1681070012.2195742 2577.13 10646
1681070012.2208622 2577.13 10646
1681070012.2220867 2577.13 10646
1681070012.2233076 2577.13 10646
1681070012.2245677 2577.13 10646
1681070012.2258024 2577.13 10646
1681070012.2270272 2577.13 10646
1681070012.2282696 2577.13 10646
1681070012.2294965 2577.13 10646
1681070012.299438 2577.13 10646
1681070012.3009455 2577.13 10646
1681070012.302272 2577.13 10646
1681070012.303588 2577.13 10646
1681070012.305059 2577.13 10646
1681070012.3066442 2577.13 10646
1681070012.3083892 2577.13 10646
1681070012.3099458 2577.13 10646
1681070012.3112893 2577.13 10646
1681070012.3129241 2577.13 10646
1681070012.3145084 2577.13 10646
1681070012.315867 2577.13 10646
1681070012.3172321 2577.13 10646
1681070012.3838615 2577.13 10646
1681070012.3853228 2577.13 10646
1681070012.3866987 2577.13 10646
1681070012.3880522 2577.13 10646
1681070012.3894653 2577.13 10646
1681070012.390858 2577.13 10646
1681070012.3922334 2577.13 10646
1681070012.3936014 2577.13 10646
1681070012.3949468 2577.13 10646
1681070012.3963265 2577.13 10646
1681070012.397695 2577.13 10646
1681070012.3990452 2577.13 10646
1681070012.467057 2577.13 10646
1681070012.4686844 2577.13 10646
1681070012.4700289 2577.13 10646
1681070012.4713764 2577.13 10646
1681070012.472763 2577.13 10646
1681070012.4740837 2577.13 10646
1681070012.4754007 2577.13 10646
1681070012.476655 2577.13 10646
1681070012.4778683 2577.13 10646
1681070012.4790778 2577.13 10646
1681070012.4803004 2577.13 10646
1681070012.4815304 2577.13 10646
1681070012.4827704 2577.13 10646
1681070012.5515125 2577.13 10646
1681070012.553134 2577.13 10646
1681070012.5544927 2577.13 10646
1681070012.5558271 2577.13 10646
1681070012.5572624 2577.13 10646
1681070012.558594 2577.13 10646
1681070012.5599132 2577.13 10646
1681070012.56125 2577.13 10646
1681070012.5626552 2577.13 10646
1681070012.5639749 2577.13 10646
1681070012.565322 2577.13 10646
1681070012.5666635 2577.13 10646
1681070012.5679867 2577.13 10646
1681070012.6367543 2577.13 10646
1681070012.6382055 2577.13 10646
1681070012.6395688 2577.13 10646
1681070012.6409512 2577.13 10646
1681070012.6423147 2577.13 10646
1681070012.6438384 2577.13 10646
1681070012.6453094 2577.13 10646
1681070012.6467009 2577.13 10646
1681070012.6481216 2577.13 10646
1681070012.649586 2577.13 10646
1681070012.65094 2577.13 10646
1681070012.6522865 2577.13 10646
1681070012.719741 2577.13 10646
1681070012.7222369 2577.13 10646
1681070012.724718 2577.13 10646
1681070012.7270167 2577.13 10646
1681070012.7293136 2577.13 10646
1681070012.731671 2577.13 10646
1681070012.7340498 2577.13 10646
1681070012.7362847 2577.13 10646
1681070012.7384765 2577.13 10646
1681070012.740726 2577.13 10646
1681070012.742956 2577.13 10646
1681070012.7452676 2577.13 10646
1681070012.7470303 2577.13 10646
1681070012.804296 2577.13 10646
1681070012.806412 2577.13 10646
1681070012.8080182 2577.13 10646
1681070012.809399 2577.13 10646
1681070012.8106148 2577.13 10646
1681070012.8116555 2577.13 10646
1681070012.8127437 2577.13 10646
1681070012.8139758 2577.13 10646
1681070012.8151922 2577.13 10646
1681070012.816571 2577.13 10646
1681070012.8185413 2577.13 10646
1681070012.8207722 2577.13 10646
1681070012.8226042 2577.13 10646
1681070012.8887537 2577.13 10646
1681070012.8896377 2577.13 10646
1681070012.8903618 2577.13 10646
1681070012.8909743 2577.13 10646
1681070012.8915737 2577.13 10646
1681070012.8922012 2577.13 10646
1681070012.8928092 2577.13 10646
1681070012.8934066 2577.13 10646
1681070012.8940012 2577.13 10646
1681070012.8945975 2577.13 10646
1681070012.895197 2577.13 10646
1681070012.8958042 2577.13 10646
1681070012.8964374 2577.13 10646
1681070012.9740617 2577.13 10646
1681070012.9757652 2577.13 10646
1681070012.9772553 2577.13 10646
1681070012.97873 2577.13 10646
1681070012.9802244 2577.13 10646
1681070012.981744 2577.13 10646
1681070012.983166 2577.13 10646
1681070012.9845164 2577.13 10646
1681070012.9858522 2577.13 10646
1681070012.9871829 2577.13 10646
1681070012.9885538 2577.13 10646
1681070012.9901235 2577.13 10646
1681070013.0569015 2577.13 10646
1681070013.058572 2577.13 10646
1681070013.0599499 2577.13 10646
1681070013.0612872 2577.13 10646
1681070013.0625901 2577.13 10646
1681070013.0638182 2577.13 10646
1681070013.0650907 2577.13 10646
1681070013.066322 2577.13 10646
1681070013.0675707 2577.13 10646
1681070013.0688615 2577.13 10646
1681070013.070098 2577.13 10646
1681070013.0713396 2577.13 10646
1681070013.0725858 2577.13 10646
1681070013.1414435 2577.13 10646
1681070013.1429887 2577.13 10646
1681070013.1443517 2577.13 10646
1681070013.1456864 2577.13 10646
1681070013.146942 2577.13 10646
1681070013.1482036 2577.13 10646
1681070013.149468 2577.13 10646
1681070013.1507218 2577.13 10646
1681070013.1519604 2577.13 10646
1681070013.1532624 2577.13 10646
1681070013.154491 2577.13 10646
1681070013.1559489 2577.13 10646
1681070013.1575913 2577.13 10646
1681070013.2267084 2577.13 10646
1681070013.2283254 2577.13 10646
1681070013.2298827 2577.13 10646
1681070013.231303 2577.13 10646
1681070013.2327619 2577.13 10646
1681070013.2341704 2577.13 10646
1681070013.2355573 2577.13 10646
1681070013.2370098 2577.13 10646
1681070013.2384796 2577.13 10646
1681070013.239807 2577.13 10646
1681070013.2411447 2577.13 10646
1681070013.2424295 2577.13 10646
1681070013.3097446 2577.13 10646
1681070013.3114796 2577.13 10646
1681070013.3130186 2577.13 10646
1681070013.3144062 2577.13 10646
1681070013.3157375 2577.13 10646
1681070013.3170907 2577.13 10646
1681070013.3185356 2577.13 10646
1681070013.3201437 2577.13 10646
1681070013.3217223 2577.13 10646
1681070013.3230712 2577.13 10646
1681070013.324796 2577.13 10646
1681070013.326183 2577.13 10646
1681070013.327543 2577.13 10646
1681070013.394282 2577.13 10646
1681070013.3960187 2577.13 10646
1681070013.397524 2577.13 10646
1681070013.3989437 2577.13 10646
1681070013.4002779 2577.13 10646
1681070013.4016404 2577.13 10646
1681070013.403085 2577.13 10646
1681070013.4044838 2577.13 10646
1681070013.4059021 2577.13 10646
1681070013.407211 2577.13 10646
1681070013.4085667 2577.13 10646
1681070013.4099317 2577.13 10646
1681070013.4112911 2577.13 10646
1681070013.4793582 2577.13 10646
1681070013.4809172 2577.13 10646
1681070013.4823136 2577.13 10646
1681070013.4836497 2577.13 10646
1681070013.4849992 2577.13 10646
1681070013.4863207 2577.13 10646
1681070013.4876392 2577.13 10646
1681070013.4889867 2577.13 10646
1681070013.490385 2577.13 10646
1681070013.491758 2577.13 10646
1681070013.4931364 2577.13 10646
1681070013.4944668 2577.13 10646
1681070013.4958005 2577.13 10646
1681070013.563834 2577.13 10646
1681070013.5652452 2577.13 10646
1681070013.5665789 2577.13 10646
1681070013.567917 2577.13 10646
1681070013.5692627 2577.13 10646
1681070013.5705924 2577.13 10646
1681070013.571907 2577.13 10646
1681070013.573246 2577.13 10646
1681070013.574669 2577.13 10646
1681070013.5760036 2577.13 10646
1681070013.5773578 2577.13 10646
1681070013.578679 2577.13 10646
1681070013.6470885 2577.13 10646
1681070013.6488655 2577.13 10646
1681070013.6505477 2577.13 10646
1681070013.6519537 2577.13 10646
1681070013.6534028 2577.13 10646
1681070013.6548023 2577.13 10646
1681070013.6562712 2577.13 10646
1681070013.6578631 2577.13 10646
1681070013.6592474 2577.13 10646
1681070013.6606886 2577.13 10646
1681070013.6620796 2577.13 10646
1681070013.6635315 2577.13 10646
1681070013.664924 2577.13 10646
1681070013.7315078 2577.13 10646
1681070013.7333102 2577.13 10646
1681070013.7349374 2577.13 10646
1681070013.7363691 2577.13 10646
1681070013.7381265 2577.13 10646
1681070013.7396333 2577.13 10646
1681070013.741393 2577.13 10646
1681070013.7427433 2577.13 10646
1681070013.744064 2577.13 10646
1681070013.7454486 2577.13 10646
1681070013.7467966 2577.13 10646
1681070013.7481506 2577.13 10646
1681070013.7495277 2577.13 10646
1681070013.8168507 2577.13 10646
1681070013.8182926 2577.13 10646
1681070013.8197072 2577.13 10646
1681070013.8211315 2577.13 10646
1681070013.8225343 2577.13 10646
1681070013.8239057 2577.13 10646
1681070013.825284 2577.13 10646
1681070013.826671 2577.13 10646
1681070013.8280244 2577.13 10646
1681070013.8294263 2577.13 10646
1681070013.830808 2577.13 10646
1681070013.8320684 2577.13 10646
1681070013.8334715 2577.13 10646
1681070013.901111 2577.13 10646
1681070013.9027371 2577.13 10646
1681070013.904243 2577.13 10646
1681070013.9058187 2577.13 10646
1681070013.9074202 2577.13 10646
1681070013.908931 2577.13 10646
1681070013.9103432 2577.13 10646
1681070013.911818 2577.13 10646
1681070013.9132288 2577.13 10646
1681070013.9145484 2577.13 10646
1681070013.9159632 2577.13 10646
1681070013.91737 2577.13 10646
1681070013.9843283 2577.13 10646
1681070013.986117 2577.13 10646
1681070013.9879315 2577.13 10646
1681070013.9895458 2577.13 10646
1681070013.9910712 2577.13 10646
1681070013.9925005 2577.13 10646
1681070013.9939134 2577.13 10646
1681070013.995289 2577.13 10646
1681070013.9967172 2577.13 10646
1681070013.9980955 2577.13 10646
1681070013.999472 2577.13 10646
1681070014.0011044 2577.13 10646
1681070014.0024486 2577.13 10646
1681070014.069271 2577.13 10646
1681070014.0705345 2577.13 10646
1681070014.0717773 2577.13 10646
1681070014.0730863 2577.13 10646
1681070014.0743473 2577.13 10646
1681070014.0756574 2577.13 10646
1681070014.0769515 2577.13 10646
1681070014.0781865 2577.13 10646
1681070014.079413 2577.13 10646
1681070014.0806603 2577.13 10646
1681070014.0818899 2577.13 10646
1681070014.0831225 2577.13 10646
1681070014.0843456 2577.13 10646
1681070014.1538303 2577.13 10646
1681070014.1552103 2577.13 10646
1681070014.1568308 2577.13 10646
1681070014.1581817 2577.13 10646
1681070014.1595285 2577.13 10646
1681070014.1609147 2577.13 10646
1681070014.1622682 2577.13 10646
1681070014.1635325 2577.13 10646
1681070014.1648304 2577.13 10646
1681070014.166083 2577.13 10646
1681070014.1673186 2577.13 10646
1681070014.1685822 2577.13 10646
1681070014.237084 2577.13 10646
1681070014.2389092 2577.13 10646
1681070014.240386 2577.13 10646
1681070014.2418363 2577.13 10646
1681070014.2432368 2577.13 10646
1681070014.2446754 2577.13 10646
1681070014.2460651 2577.13 10646
1681070014.2474473 2577.13 10646
1681070014.2488997 2577.13 10646
1681070014.250304 2577.13 10646
1681070014.2517128 2577.13 10646
1681070014.253135 2577.13 10646
1681070014.2543755 2577.13 10646
1681070014.3215103 2577.13 10646
1681070014.3232214 2577.13 10646
1681070014.3247273 2577.13 10646
1681070014.3261893 2577.13 10646
1681070014.327637 2577.13 10646
1681070014.3291044 2577.13 10646
1681070014.3305702 2577.13 10646
1681070014.332031 2577.13 10646
1681070014.333495 2577.13 10646
1681070014.3349092 2577.13 10646
1681070014.3362417 2577.13 10646
1681070014.3375714 2577.13 10646
1681070014.3388886 2577.13 10646
1681070014.4068806 2577.13 10646
1681070014.4084046 2577.13 10646
1681070014.4097972 2577.13 10646
1681070014.4112294 2577.13 10646
1681070014.4127386 2577.13 10646
1681070014.414086 2577.13 10646
1681070014.4154158 2577.13 10646
1681070014.4167752 2577.13 10646
1681070014.4184663 2577.13 10646
1681070014.4198716 2577.13 10646
1681070014.4212532 2577.13 10646
1681070014.4228144 2577.13 10646
1681070014.424224 2577.13 10646
1681070014.491225 2577.13 10646
1681070014.4928184 2577.13 10646
1681070014.494318 2577.13 10646
1681070014.4957848 2577.13 10646
1681070014.4972732 2577.13 10646
1681070014.4986284 2577.13 10646
1681070014.4999552 2577.13 10646
1681070014.5013056 2577.13 10646
1681070014.5026321 2577.13 10646
1681070014.5039592 2577.13 10646
1681070014.5053582 2577.13 10646
1681070014.5068479 2577.13 10646
