1681072410.7187505 0.00 0
1681072410.8391356 0.00 0
1681072410.8406537 0.00 0
1681072410.8420367 0.00 0
1681072410.8433352 1.57 56
1681072410.8446324 1.61 61
1681072410.845886 1.61 61
1681072410.84712 1.61 61
1681072410.8483715 1.61 61
1681072410.8496213 1.61 61
1681072410.8508635 1.61 61
1681072410.8520992 1.61 93
1681072410.8533552 3.06 99
1681072410.854685 6.51 104
1681072410.8562076 12.47 109
1681072410.858042 16.29 115
1681072410.8593497 21.55 120
1681072410.9230216 28.47 126
1681072410.9245152 35.51 132
1681072410.9258337 42.38 138
1681072410.9271317 49.38 143
1681072410.9284818 56.22 149
1681072410.9297767 63.21 154
1681072410.9310515 70.29 160
1681072410.9323747 77.29 165
1681072410.9336648 84.16 172
1681072410.9348354 91.24 177
1681072410.93601 98.04 183
1681072410.9372425 104.96 188
1681072410.9384384 112.23 194
1681072410.93962 119.47 200
1681072410.9408276 126.71 205
1681072411.0072806 133.67 211
1681072411.0085363 140.82 217
1681072411.0097265 147.98 223
1681072411.0109065 155.10 229
1681072411.0120811 162.13 234
1681072411.0132673 169.33 240
1681072411.0144372 176.37 246
1681072411.0156007 183.56 251
1681072411.0167813 190.72 258
1681072411.0179396 197.76 264
1681072411.0190997 204.95 269
1681072411.0202775 212.15 275
1681072411.0214467 219.15 281
1681072411.0226152 226.38 286
1681072411.0907505 233.58 292
1681072411.0920646 240.66 297
1681072411.0933378 247.86 304
1681072411.094579 254.69 310
1681072411.095784 261.93 315
1681072411.0969994 269.05 321
1681072411.0981846 276.01 327
1681072411.0993676 283.25 332
1681072411.100565 290.25 338
1681072411.1017456 297.29 345
1681072411.1029375 304.36 350
1681072411.1041334 311.60 356
1681072411.105325 318.56 362
1681072411.106515 325.80 367
1681072411.1077 332.84 373
1681072411.175765 340.12 379
1681072411.1770256 347.12 385
1681072411.1782231 354.28 391
1681072411.1794028 361.28 396
1681072411.1805947 368.52 402
1681072411.1817718 375.52 408
1681072411.1829455 382.76 413
1681072411.184119 389.80 419
1681072411.1852882 396.96 425
1681072411.1864522 403.95 431
1681072411.1876163 411.15 437
1681072411.1888285 418.27 443
1681072411.190022 425.51 448
1681072411.1911983 432.47 454
1681072411.2592304 439.39 460
1681072411.2605844 446.63 465
1681072411.261794 453.71 472
1681072411.2629824 460.83 477
1681072411.2641716 467.95 483
1681072411.2653415 474.14 489
1681072411.2665133 477.88 494
1681072411.2676768 481.54 500
1681072411.268852 485.20 506
1681072411.270015 488.90 512
1681072411.271171 494.82 518
1681072411.272341 501.90 524
1681072411.2735138 508.97 529
1681072411.2746813 516.09 535
1681072411.2758453 522.29 541
1681072411.3442526 525.99 546
1681072411.345511 529.69 552
1681072411.3467143 533.35 559
1681072411.3479075 537.13 564
1681072411.3491156 544.21 570
1681072411.3503027 551.29 575
1681072411.3514903 558.37 581
1681072411.3526914 565.57 587
1681072411.3538857 569.83 592
1681072411.3550625 573.53 599
1681072411.3562524 577.23 605
1681072411.3575444 580.97 610
1681072411.3587813 587.01 616
1681072411.3599575 591.91 622
1681072411.361165 596.02 627
1681072411.428759 601.00 633
1681072411.429996 604.70 640
1681072411.4311962 608.40 645
1681072411.4323916 612.02 651
1681072411.4335687 616.33 656
1681072411.4347324 621.76 662
1681072411.4358966 626.34 668
1681072411.437074 631.37 673
1681072411.438233 635.47 679
1681072411.4393907 639.17 686
1681072411.4405637 642.79 691
1681072411.4417236 648.02 697
1681072411.4429762 652.65 703
1681072411.4444013 656.27 708
1681072411.5122845 659.85 714
1681072411.5136123 663.47 720
1681072411.5148194 666.89 726
1681072411.5160065 672.52 732
1681072411.5171988 676.10 737
1681072411.5183775 679.68 743
1681072411.5195453 683.30 749
1681072411.5207276 686.76 754
1681072411.5219204 691.58 760
1681072411.5231013 696.57 766
1681072411.5242875 700.15 772
1681072411.525461 703.73 778
1681072411.5266185 707.31 784
1681072411.527784 710.77 789
1681072411.5289593 716.52 795
1681072411.5973382 720.10 801
1681072411.5987842 723.76 806
1681072411.6000202 727.34 813
1681072411.6012497 730.96 819
1681072411.6024327 736.71 824
1681072411.6036243 740.33 830
1681072411.6048288 743.91 835
1681072411.6060014 747.53 841
1681072411.607163 751.11 847
1681072411.6083443 756.62 852
1681072411.6095169 760.24 859
1681072411.6106594 763.82 865
1681072411.6117837 767.28 870
1681072411.6129708 772.07 876
1681072411.6807232 776.73 882
1681072411.6820576 780.27 887
1681072411.6832726 783.89 893
1681072411.6844947 787.43 899
1681072411.6856828 793.02 905
1681072411.6868567 796.72 911
1681072411.6880348 800.34 916
1681072411.689221 803.84 922
1681072411.6903846 808.67 928
1681072411.691548 813.05 933
1681072411.6927412 816.63 940
1681072411.6939154 820.25 946
1681072411.6950412 824.24 951
1681072411.6962154 829.38 957
1681072411.697307 833.00 963
1681072411.7658277 836.62 968
1681072411.7670565 840.20 974
1681072411.768287 845.11 980
1681072411.7694879 848.77 986
1681072411.770675 852.35 992
1681072411.7718523 855.93 997
1681072411.773087 860.52 1003
1681072411.7743022 864.38 1009
1681072411.7755132 868.20 1015
1681072411.776739 872.06 1021
1681072411.7779639 876.24 1028
1681072411.7791748 880.10 1034
1681072411.7803843 883.93 1040
1681072411.7815912 887.79 1046
1681072411.8495076 891.65 1052
1681072411.8508525 895.51 1058
1681072411.852087 899.29 1064
1681072411.8533335 903.63 1071
1681072411.8545554 907.54 1077
1681072411.8557613 911.36 1083
1681072411.8569832 915.18 1089
1681072411.8581774 919.36 1095
1681072411.8593695 923.22 1101
1681072411.8605745 927.04 1107
1681072411.861763 931.15 1114
1681072411.8629467 935.01 1120
1681072411.864151 938.83 1126
1681072411.8653631 942.65 1132
1681072411.9343777 947.03 1138
1681072411.935651 950.90 1144
1681072411.936911 954.64 1150
1681072411.9381232 959.14 1157
1681072411.9393232 962.96 1163
1681072411.9405396 966.82 1169
1681072411.9417403 970.64 1175
1681072411.9429355 974.55 1181
1681072411.9441352 978.41 1187
1681072411.9452634 981.95 1193
1681072411.946478 985.89 1200
1681072411.947697 989.87 1206
1681072411.9489114 993.57 1211
1681072411.950048 997.31 1217
1681072412.018831 1001.17 1224
1681072412.0201013 1005.15 1230
1681072412.0213661 1008.65 1236
1681072412.0225816 1012.76 1243
1681072412.0237942 1016.70 1249
1681072412.025024 1020.20 1255
1681072412.026231 1024.66 1261
1681072412.027457 1028.64 1268
1681072412.028693 1032.29 1274
1681072412.0299034 1036.31 1281
1681072412.0311115 1040.32 1287
1681072412.0323322 1044.18 1293
1681072412.0335453 1048.08 1299
1681072412.102862 1052.01 1305
1681072412.1041622 1056.03 1311
1681072412.105411 1059.32 1318
1681072412.1066642 1063.38 1325
1681072412.1078827 1066.95 1331
1681072412.1091287 1070.49 1337
1681072412.1103473 1074.70 1343
1681072412.1115587 1078.60 1349
1681072412.1127834 1082.86 1356
1681072412.1139946 1087.51 1362
1681072412.1152065 1091.41 1369
1681072412.116452 1096.23 1375
1681072412.1176744 1100.57 1381
1681072412.1865718 1104.42 1387
1681072412.1880383 1109.48 1393
1681072412.1893554 1113.34 1400
1681072412.1906033 1117.15 1406
1681072412.1918342 1121.97 1413
1681072412.1930754 1125.83 1419
1681072412.1942928 1129.80 1425
1681072412.195511 1134.86 1431
1681072412.196741 1138.72 1437
1681072412.1979518 1142.66 1444
1681072412.1991625 1147.47 1451
1681072412.2003896 1151.33 1457
1681072412.201607 1155.75 1463
1681072412.20283 1160.29 1469
1681072412.2715182 1164.18 1475
1681072412.2728572 1168.36 1481
1681072412.274097 1172.25 1488
1681072412.2753203 1176.11 1495
1681072412.2765613 1180.93 1501
1681072412.27778 1184.82 1507
1681072412.27899 1188.80 1513
1681072412.2802086 1193.26 1519
1681072412.281446 1197.15 1525
1681072412.2826738 1201.49 1532
1681072412.2839253 1205.39 1539
1681072412.2851672 1209.32 1545
1681072412.2863858 1213.22 1551
1681072412.3551586 1217.03 1557
1681072412.3565335 1221.01 1563
1681072412.357771 1224.82 1569
1681072412.358992 1228.64 1576
1681072412.3602235 1232.98 1583
1681072412.3614388 1236.79 1589
1681072412.3626578 1241.17 1595
1681072412.36387 1245.23 1601
1681072412.3650942 1249.08 1607
1681072412.3662994 1253.34 1613
1681072412.3674994 1257.32 1620
1681072412.3687253 1261.21 1627
1681072412.369933 1265.15 1633
1681072412.3711338 1268.96 1639
1681072412.4402354 1272.94 1645
1681072412.4415033 1276.87 1651
1681072412.4427314 1280.97 1657
1681072412.4439754 1284.95 1665
1681072412.4452105 1288.72 1671
1681072412.446427 1292.74 1677
1681072412.4476333 1296.63 1683
1681072412.4488573 1300.13 1689
1681072412.450065 1304.02 1695
1681072412.45126 1307.84 1701
1681072412.452474 1312.05 1709
1681072412.4536767 1315.99 1715
1681072412.4548965 1319.56 1721
1681072412.523829 1323.54 1727
1681072412.5252223 1327.03 1733
1681072412.52647 1331.33 1739
1681072412.5276897 1334.79 1745
1681072412.5289264 1339.00 1753
1681072412.5301416 1342.98 1759
1681072412.531351 1346.47 1765
1681072412.5325692 1350.37 1771
1681072412.5337749 1353.90 1777
1681072412.5349755 1358.12 1783
1681072412.5361915 1361.73 1789
1681072412.5374162 1365.19 1797
1681072412.5386243 1369.12 1803
1681072412.6079361 1372.74 1809
1681072412.6093824 1376.67 1815
1681072412.610637 1379.65 1821
1681072412.61186 1383.66 1827
1681072412.6131008 1387.56 1833
1681072412.6143177 1391.13 1841
1681072412.6155248 1395.03 1847
1681072412.6167529 1398.48 1853
1681072412.617969 1402.42 1859
1681072412.6191854 1405.35 1865
1681072412.6204026 1409.24 1871
1681072412.6216307 1412.58 1878
1681072412.6228414 1415.83 1885
1681072412.6240427 1419.77 1891
1681072412.6930273 1423.14 1897
1681072412.6942968 1427.12 1903
1681072412.6955307 1430.45 1909
1681072412.6967936 1434.47 1915
1681072412.6980476 1437.68 1922
1681072412.6992917 1440.89 1929
1681072412.7005715 1444.95 1935
1681072412.7018054 1447.36 1941
1681072412.7030382 1451.37 1947
1681072412.7042677 1454.35 1953
1681072412.7055001 1458.40 1959
1681072412.7067246 1461.25 1966
1681072412.707951 1465.11 1973
1681072412.776567 1468.84 1978
1681072412.7779536 1472.10 1985
1681072412.7792513 1475.91 1991
1681072412.780604 1479.04 1997
1681072412.7818847 1483.06 2003
1681072412.7831097 1485.91 2010
1681072412.7843745 1489.81 2017
1681072412.7856128 1493.54 2023
1681072412.7868445 1496.39 2029
1681072412.7880785 1500.17 2034
1681072412.7893198 1502.62 2041
1681072412.790545 1506.19 2048
1681072412.7917714 1509.33 2054
1681072412.7930286 1513.10 2060
1681072412.8616314 1515.83 2067
1681072412.8628972 1519.73 2073
1681072412.864145 1523.38 2078
1681072412.8653803 1526.64 2085
1681072412.8665879 1530.57 2092
1681072412.867799 1533.18 2098
1681072412.8690176 1536.72 2105
1681072412.8702183 1539.77 2111
1681072412.8714423 1543.18 2117
1681072412.8726695 1546.03 2123
1681072412.8738906 1549.41 2129
1681072412.8751037 1553.14 2136
1681072412.876323 1556.03 2142
1681072412.945263 1559.97 2149
1681072412.9466074 1562.86 2155
1681072412.9478498 1566.52 2161
1681072412.9491024 1568.89 2167
1681072412.9503188 1572.30 2173
1681072412.9515285 1575.35 2180
1681072412.9527504 1578.60 2186
1681072412.9539754 1581.82 2191
1681072412.955178 1584.31 2199
1681072412.9563942 1588.16 2204
1681072412.9575987 1590.49 2211
1681072412.9588017 1594.03 2217
1681072412.960007 1597.08 2224
1681072413.0293388 1600.57 2230
1681072413.0307567 1603.66 2237
1681072413.031997 1607.08 2243
1681072413.0332584 1610.57 2249
1681072413.0344932 1613.62 2255
1681072413.03572 1617.28 2262
1681072413.0369577 1619.57 2268
1681072413.0381644 1623.30 2274
1681072413.0393734 1626.07 2280
1681072413.0406318 1629.73 2287
1681072413.0418463 1632.10 2293
1681072413.0430593 1635.07 2299
1681072413.0442848 1638.00 2306
1681072413.0455089 1641.46 2312
1681072413.1143794 1645.23 2318
1681072413.1156764 1647.76 2324
1681072413.1169481 1651.34 2331
1681072413.118179 1654.67 2337
1681072413.119404 1658.20 2343
1681072413.120643 1660.97 2350
1681072413.121864 1664.59 2356
1681072413.1230235 1667.40 2362
1681072413.1242304 1670.69 2369
1681072413.1254346 1673.42 2375
1681072413.1266408 1676.44 2381
1681072413.1278522 1679.93 2387
1681072413.1290872 1682.46 2394
1681072413.197993 1686.04 2400
1681072413.1994321 1688.85 2406
1681072413.2007174 1692.38 2413
1681072413.2019663 1695.11 2419
1681072413.203202 1698.65 2425
1681072413.2044482 1701.26 2432
1681072413.2056737 1704.31 2438
1681072413.2068896 1706.96 2444
1681072413.208118 1709.93 2450
1681072413.2093668 1713.67 2457
1681072413.2105906 1716.60 2463
1681072413.2118077 1720.41 2469
1681072413.2130384 1723.39 2476
1681072413.214254 1726.96 2482
1681072413.28311 1729.73 2488
1681072413.284418 1733.26 2494
1681072413.2856805 1735.83 2500
1681072413.2869182 1738.85 2507
1681072413.288216 1741.38 2513
1681072413.2894723 1743.83 2520
1681072413.2907324 1746.92 2524
1681072413.291951 1748.53 2532
1681072413.2931972 1752.38 2538
1681072413.2944124 1754.51 2545
1681072413.295633 1757.92 2551
1681072413.2968705 1759.93 2556
1681072413.2980332 1762.58 2564
1681072413.3667414 1765.27 2570
1681072413.368091 1768.45 2576
1681072413.3693695 1770.65 2582
1681072413.3706193 1773.14 2589
1681072413.3718398 1776.20 2594
1681072413.3730726 1778.45 2601
1681072413.374283 1781.62 2607
1681072413.375491 1783.75 2614
1681072413.376713 1787.20 2620
1681072413.377916 1789.37 2626
1681072413.3791227 1792.86 2633
1681072413.380343 1795.27 2639
1681072413.3815513 1798.49 2646
1681072413.4507537 1801.02 2652
1681072413.4522088 1803.95 2658
1681072413.4534612 1807.36 2663
1681072413.454689 1809.29 2670
1681072413.4559875 1813.15 2677
1681072413.4574683 1815.76 2683
1681072413.458703 1819.13 2690
1681072413.4599695 1821.66 2696
1681072413.4612463 1825.11 2702
1681072413.4625337 1827.64 2708
1681072413.463768 1830.66 2714
1681072413.4650958 1833.63 2721
1681072413.4663272 1836.48 2727
1681072413.4675515 1839.33 2732
1681072413.5358336 1840.82 2740
1681072413.5371296 1844.23 2746
1681072413.5383742 1846.40 2752
1681072413.5395954 1849.21 2758
1681072413.540827 1851.66 2765
1681072413.5420394 1855.11 2771
1681072413.5432463 1857.60 2778
1681072413.5444715 1860.37 2784
1681072413.5456924 1863.27 2790
1681072413.5469122 1866.44 2796
1681072413.548128 1869.25 2800
1681072413.5493402 1871.10 2809
1681072413.5505462 1874.75 2816
1681072413.6194487 1877.60 2822
1681072413.6208842 1881.06 2827
1681072413.6221294 1883.07 2834
1681072413.623356 1886.56 2840
1681072413.6245918 1889.01 2846
1681072413.625834 1891.66 2853
1681072413.6270468 1894.43 2860
1681072413.6282666 1897.56 2866
1681072413.6294785 1900.66 2870
1681072413.630684 1902.87 2878
1681072413.631884 1906.64 2884
1681072413.633101 1908.53 2890
1681072413.6343071 1911.74 2896
1681072413.6355133 1914.27 2904
1681072413.7040186 1917.56 2910
1681072413.7047112 1920.30 2916
1681072413.7054443 1923.31 2922
1681072413.7062237 1926.04 2928
1681072413.70709 1929.21 2934
1681072413.7079163 1931.78 2941
1681072413.7088075 1933.47 2948
1681072413.7096808 1936.76 2954
1681072413.7105548 1938.81 2960
1681072413.7114248 1941.86 2966
1681072413.712311 1943.87 2972
1681072413.7131922 1947.04 2978
1681072413.714084 1949.17 2985
1681072413.7880294 1952.14 2992
1681072413.7891304 1954.51 2998
1681072413.7900395 1957.16 3004
1681072413.7909346 1960.18 3010
1681072413.7918258 1962.46 3016
1681072413.7927377 1965.96 3022
1681072413.7936313 1968.25 3028
1681072413.7945132 1971.86 3035
1681072413.7954373 1974.67 3042
1681072413.796417 1978.13 3048
1681072413.7973468 1981.10 3054
1681072413.7982345 1984.39 3060
1681072413.7991176 1986.80 3066
1681072413.7999978 1989.65 3073
1681072413.87321 1993.23 3079
1681072413.874478 1995.68 3086
1681072413.8757052 1999.61 3092
1681072413.8769405 2001.46 3098
1681072413.8781729 2004.55 3104
1681072413.879386 2007.24 3110
1681072413.8806212 2010.62 3118
1681072413.8818347 2013.15 3124
1681072413.8830428 2015.79 3130
1681072413.8842611 2018.05 3136
1681072413.885467 2021.02 3142
1681072413.8867235 2024.27 3148
1681072413.8879354 2025.96 3154
1681072413.9572299 2029.17 3161
1681072413.9584863 2032.02 3168
1681072413.959723 2035.56 3174
1681072413.9609663 2037.40 3180
1681072413.9621747 2040.98 3186
1681072413.9633756 2043.99 3192
1681072413.9645889 2047.49 3198
1681072413.9657865 2050.63 3206
1681072413.9669816 2053.77 3212
1681072413.9682143 2057.47 3217
1681072413.9693525 2059.97 3224
1681072413.9704711 2063.84 3230
1681072413.9716587 2066.05 3236
1681072414.0408454 2069.40 3243
1681072414.0422733 2072.22 3250
1681072414.0435061 2075.68 3256
1681072414.0447917 2078.46 3261
1681072414.0460823 2080.96 3268
1681072414.047307 2084.10 3274
1681072414.0485578 2086.88 3280
1681072414.0497696 2090.35 3286
1681072414.0509746 2092.80 3293
1681072414.05219 2096.23 3300
1681072414.0534234 2098.93 3306
1681072414.054629 2102.39 3312
1681072414.0558338 2104.89 3318
1681072414.0570552 2108.35 3324
1681072414.1259375 2110.85 3331
1681072414.1271894 2113.06 3337
1681072414.1284318 2115.64 3344
1681072414.1296444 2118.70 3350
1681072414.130528 2121.93 3356
1681072414.130886 2124.34 3362
1681072414.1312468 2127.28 3367
1681072414.131663 2128.49 3375
1681072414.1320767 2131.68 3382
1681072414.1325564 2134.09 3387
1681072414.13307 2137.19 3394
1681072414.1336112 2139.33 3400
1681072414.1341457 2141.79 3406
1681072414.2096136 2144.73 3412
1681072414.2110527 2147.18 3419
1681072414.212324 2150.53 3426
1681072414.2135584 2153.47 3432
1681072414.2148511 2157.09 3437
1681072414.2160807 2159.19 3444
1681072414.2173254 2162.85 3450
1681072414.2185485 2165.55 3457
1681072414.219764 2169.02 3463
1681072414.221 2171.19 3470
1681072414.2222285 2174.13 3476
1681072414.2234488 2176.19 3482
1681072414.2246833 2178.97 3488
1681072414.2258923 2182.15 3494
1681072414.2945127 2184.77 3501
1681072414.2956712 2188.19 3506
1681072414.2968278 2189.93 3514
1681072414.2979474 2193.51 3520
1681072414.2990549 2195.81 3525
1681072414.3001666 2199.35 3532
1681072414.3012702 2201.81 3538
1681072414.3023703 2205.07 3545
1681072414.303472 2207.77 3551
1681072414.304584 2211.03 3558
1681072414.3056953 2213.97 3564
1681072414.3068104 2216.67 3570
1681072414.3079104 2220.18 3575
1681072414.3786924 2222.55 3582
1681072414.3799596 2226.14 3589
1681072414.3812363 2228.27 3594
1681072414.3824596 2231.34 3601
1681072414.3836734 2233.67 3608
1681072414.3849213 2236.37 3614
1681072414.3861268 2239.11 3620
1681072414.3873334 2242.01 3627
1681072414.3885863 2245.64 3633
1681072414.389804 2248.46 3639
1681072414.3910246 2252.08 3645
1681072414.3922496 2254.34 3652
1681072414.3934753 2257.88 3658
1681072414.4622955 2260.34 3663
1681072414.4637444 2263.40 3671
1681072414.4650462 2265.66 3677
1681072414.4662778 2268.20 3683
1681072414.4675064 2270.65 3689
1681072414.4687583 2273.11 3696
1681072414.4700496 2275.49 3702
1681072414.4712682 2277.46 3708
1681072414.472499 2281.01 3714
1681072414.473707 2283.30 3721
1681072414.4749136 2286.81 3727
1681072414.4761322 2288.58 3732
1681072414.4773471 2291.52 3740
1681072414.4785523 2294.38 3746
1681072414.5473254 2297.80 3752
1681072414.5486178 2300.91 3759
1681072414.5498827 2304.29 3765
1681072414.5511286 2307.63 3771
1681072414.5523608 2310.29 3778
1681072414.553578 2314.00 3783
1681072414.5547922 2317.18 3790
1681072414.5560062 2320.81 3796
1681072414.5572388 2323.75 3803
1681072414.5584443 2327.25 3809
1681072414.5596552 2330.11 3815
1681072414.5608785 2332.65 3821
1681072414.562083 2334.98 3828
1681072414.6309834 2338.09 3834
1681072414.6324232 2341.27 3841
1681072414.6336808 2343.81 3847
1681072414.6349187 2347.07 3853
1681072414.6361554 2348.96 3859
1681072414.6373847 2352.27 3865
1681072414.6386228 2354.88 3871
1681072414.6398432 2358.27 3878
1681072414.6410782 2361.01 3885
1681072414.6422904 2364.15 3891
1681072414.6435118 2366.61 3897
1681072414.6447496 2368.94 3903
1681072414.6459627 2371.28 3909
1681072414.6471763 2373.54 3916
1681072414.7159894 2376.23 3920
1681072414.717293 2377.64 3929
1681072414.718535 2380.75 3935
1681072414.719764 2383.41 3941
1681072414.7210064 2386.43 3947
1681072414.7222252 2388.92 3952
1681072414.723443 2391.50 3960
1681072414.7246983 2393.80 3966
1681072414.7259173 2396.22 3973
1681072414.7271435 2398.31 3979
1681072414.7283835 2401.45 3985
1681072414.7296028 2405.16 3991
1681072414.730819 2407.82 3997
1681072414.8001928 2411.28 4003
1681072414.8014758 2414.10 4011
1681072414.802711 2417.48 4017
1681072414.80393 2420.22 4023
1681072414.8051853 2423.73 4029
1681072414.8064132 2426.11 4035
1681072414.807628 2428.80 4041
1681072414.808867 2431.34 4048
1681072414.8100815 2434.52 4055
1681072414.8112972 2437.75 4061
1681072414.8125517 2440.53 4067
1681072414.8137844 2443.99 4073
1681072414.814998 2446.37 4079
1681072414.8836825 2449.75 4085
1681072414.8850863 2452.41 4091
1681072414.886356 2455.67 4099
1681072414.8875937 2458.09 4105
1681072414.8888464 2460.91 4111
1681072414.890069 2463.25 4117
1681072414.8912883 2465.50 4123
1681072414.8925145 2468.89 4129
1681072414.8937328 2470.98 4136
1681072414.89495 2474.24 4141
1681072414.896222 2476.26 4149
1681072414.8974643 2479.92 4155
1681072414.8986845 2481.78 4160
1681072414.8999033 2484.31 4167
1681072414.9687607 2486.81 4173
1681072414.9700263 2489.39 4180
1681072414.9712548 2491.40 4187
1681072414.9724853 2494.06 4193
1681072414.973705 2496.32 4199
1681072414.9749215 2498.74 4205
1681072414.9761622 2501.35 4210
1681072414.9773755 2502.93 4217
1681072414.978578 2506.23 4224
1681072414.9798114 2508.00 4231
1681072414.9810383 2510.82 4236
1681072414.982243 2513.16 4243
1681072414.9834468 2516.26 4249
1681072415.0524702 2518.39 4255
1681072415.0539176 2520.61 4261
1681072415.0551922 2523.03 4269
1681072415.0564916 2525.48 4275
1681072415.0577278 2528.63 4281
1681072415.0589535 2530.64 4287
1681072415.060199 2533.86 4293
1681072415.061436 2536.56 4299
1681072415.0626588 2540.15 4305
1681072415.063873 2542.36 4313
1681072415.0651073 2546.07 4319
1681072415.0663326 2548.89 4325
1681072415.0675542 2552.11 4331
1681072415.0687933 2554.25 4337
1681072415.1374755 2557.51 4343
1681072415.1387467 2560.65 4349
1681072415.1399975 2562.38 4357
1681072415.1412919 2565.81 4362
1681072415.1425183 2567.26 4369
1681072415.1437445 2570.24 4375
1681072415.1449828 2572.17 4380
1681072415.1462076 2575.07 4387
1681072415.1474278 2577.17 4393
1681072415.148654 2579.46 4401
1681072415.1498775 2582.12 4407
1681072415.1510987 2584.54 4413
1681072415.1523232 2587.76 4419
1681072415.2215958 2590.58 4425
1681072415.222876 2594.09 4430
1681072415.2241552 2595.50 4438
1681072415.2253954 2598.80 4445
1681072415.2266095 2600.85 4450
1681072415.2278275 2604.08 4457
1681072415.2290547 2606.78 4463
1681072415.23028 2610.04 4469
1681072415.2314844 2612.66 4475
1681072415.2327073 2614.87 4482
1681072415.2339125 2617.17 4489
1681072415.2351358 2619.95 4495
1681072415.23636 2623.05 4501
1681072415.3051674 2624.94 4507
1681072415.3065248 2628.21 4513
1681072415.3077803 2630.26 4519
1681072415.3090513 2633.44 4526
1681072415.310278 2635.90 4532
1681072415.3114958 2639.49 4539
1681072415.3127294 2641.90 4545
1681072415.3139448 2644.76 4551
1681072415.3151739 2646.98 4557
1681072415.3164115 2649.31 4563
1681072415.3176322 2651.97 4570
1681072415.318849 2654.23 4577
1681072415.3200648 2657.69 4582
1681072415.3213046 2659.87 4589
1681072415.3902662 2663.41 4595
1681072415.3915358 2665.23 4600
1681072415.392809 2667.68 4608
1681072415.3940349 2670.42 4614
1681072415.3952563 2673.36 4621
1681072415.3965101 2675.82 4627
1681072415.3977394 2678.72 4633
1681072415.398955 2681.54 4639
1681072415.4001813 2684.00 4645
1681072415.401402 2687.38 4652
1681072415.4026375 2689.96 4658
1681072415.403883 2693.79 4665
1681072415.405118 2695.96 4670
1681072415.4738498 2699.35 4677
1681072415.475278 2701.60 4683
1681072415.4765723 2704.26 4689
1681072415.4778197 2706.60 4696
1681072415.4790485 2709.82 4702
1681072415.4802854 2713.08 4709
1681072415.4815109 2715.78 4715
1681072415.4827356 2718.96 4720
1681072415.483954 2721.30 4727
1681072415.4851902 2724.85 4733
1681072415.486404 2727.50 4740
1681072415.4876227 2730.81 4746
1681072415.4888566 2733.14 4752
1681072415.4900928 2735.80 4759
1681072415.5588725 2738.30 4765
1681072415.5601542 2741.36 4771
1681072415.561396 2743.30 4777
1681072415.5626354 2746.48 4784
1681072415.563879 2749.02 4790
1681072415.5651166 2751.43 4797
1681072415.566453 2754.53 4802
1681072415.5676727 2756.27 4809
1681072415.5689065 2759.73 4815
1681072415.5701416 2761.50 4820
1681072415.571369 2764.32 4828
1681072415.5726056 2766.46 4834
1681072415.5738242 2769.08 4841
1681072415.6425393 2771.74 4847
1681072415.6440172 2774.96 4853
1681072415.6453226 2777.78 4859
1681072415.646591 2780.76 4866
1681072415.6478136 2784.26 4872
1681072415.6490543 2787.12 4878
1681072415.6502733 2790.83 4885
1681072415.6515086 2793.57 4890
1681072415.6527464 2797.11 4897
1681072415.6539714 2799.21 4903
1681072415.6551895 2802.15 4910
1681072415.6564221 2803.96 4916
1681072415.6576397 2806.46 4922
1681072415.7265768 2809.44 4929
1681072415.7279491 2812.26 4935
1681072415.7292604 2815.12 4939
1681072415.7305012 2816.53 4947
1681072415.7317352 2819.91 4953
1681072415.732992 2821.69 4960
1681072415.7342074 2824.83 4966
1681072415.7354205 2827.25 4973
1681072415.7366421 2830.43 4979
1681072415.7378478 2832.80 4985
1681072415.739055 2835.71 4992
1681072415.7402718 2838.28 4998
1681072415.7414815 2840.66 5004
1681072415.7426875 2843.28 5010
1681072415.8116648 2844.93 5016
1681072415.8129792 2847.95 5022
1681072415.8142183 2850.57 5029
1681072415.8154352 2853.71 5036
1681072415.8166642 2855.61 5041
1681072415.8178656 2857.06 5048
1681072415.8190753 2859.19 5054
1681072415.8203073 2861.33 5061
1681072415.8215227 2862.01 5064
1681072415.8227196 2862.33 5072
1681072415.8240488 2862.45 5078
1681072415.8252952 2862.45 5085
1681072415.8265266 2862.57 5090
1681072415.8952878 2862.61 5093
1681072415.896718 2862.69 5100
1681072415.8979633 2862.78 5108
1681072415.89919 2862.78 5108
1681072415.9004207 2862.78 5108
1681072415.9016378 2862.82 5125
1681072415.9028509 2862.82 5125
1681072415.904056 2862.82 5142
1681072415.905279 2862.86 5142
1681072415.906514 2862.86 5142
1681072415.9077291 2862.90 5158
1681072415.9089541 2862.90 5158
1681072415.910156 2862.98 5173
1681072415.9113584 2863.02 5173
1681072415.980394 2863.02 5186
1681072415.9816582 2863.14 5191
1681072415.982886 2863.22 5195
1681072415.984122 2863.26 5200
1681072415.9853501 2863.30 5210
1681072415.9865727 2863.30 5218
1681072415.9877946 2863.34 5218
1681072415.9890244 2863.34 5230
1681072415.9902365 2863.38 5230
1681072415.9914382 2863.42 5238
1681072415.9926631 2863.50 5250
1681072415.9938684 2863.54 5250
1681072415.9950876 2863.58 5257
1681072416.0639634 2863.62 5262
1681072416.0654495 2863.66 5272
1681072416.0666995 2863.66 5280
1681072416.0679567 2863.70 5280
1681072416.0692039 2863.70 5280
1681072416.0704217 2863.78 5299
1681072416.0716357 2863.82 5302
1681072416.0728726 2863.86 5311
1681072416.0741115 2863.90 5317
1681072416.0753303 2863.94 5325
1681072416.0765655 2863.98 5325
1681072416.077785 2864.02 5334
1681072416.0789986 2864.02 5343
1681072416.1480155 2864.06 5343
1681072416.1494133 2864.06 5355
1681072416.150666 2864.15 5357
1681072416.151904 2864.19 5365
1681072416.153152 2864.23 5376
1681072416.1543732 2864.27 5376
1681072416.1555858 2864.31 5382
1681072416.1568186 2864.35 5388
1681072416.1580322 2864.39 5398
1681072416.1592486 2864.39 5398
1681072416.1604738 2864.43 5408
1681072416.1617086 2864.43 5408
1681072416.1629229 2864.47 5420
1681072416.1641653 2864.51 5428
1681072416.2330642 2864.55 5438
1681072416.2343311 2864.59 5438
1681072416.235563 2864.67 5445
1681072416.2368386 2864.71 5451
1681072416.2380676 2864.71 5463
1681072416.2392852 2864.75 5463
1681072416.2405112 2864.79 5473
1681072416.241744 2864.79 5473
1681072416.2429824 2864.83 5484
1681072416.2442312 2864.87 5492
1681072416.2454422 2864.91 5498
1681072416.2466476 2864.95 5504
1681072416.2478523 2864.99 5514
1681072416.3167367 2865.07 5518
1681072416.3180928 2865.07 5518
1681072416.319335 2865.11 5528
1681072416.3205879 2865.11 5538
1681072416.3218145 2865.15 5538
1681072416.323054 2865.15 5550
1681072416.3242838 2865.23 5555
1681072416.3254986 2865.27 5564
1681072416.326712 2865.31 5570
1681072416.3279216 2865.43 5574
1681072416.3291428 2865.47 5576
1681072416.3303459 2865.51 5583
1681072416.3315434 2865.51 5595
1681072416.332761 2865.56 5595
1681072416.4017448 2865.60 5605
1681072416.4030344 2865.60 5605
1681072416.40431 2865.64 5617
1681072416.4055536 2865.64 5625
1681072416.4067814 2865.72 5632
1681072416.4080038 2865.76 5638
1681072416.4092345 2865.76 5645
1681072416.4104588 2865.80 5645
1681072416.4116888 2865.84 5652
1681072416.4129248 2865.84 5663
1681072416.4141476 2865.88 5663
1681072416.4153671 2865.92 5675
1681072416.416616 2865.92 5675
1681072416.4854562 2865.96 5687
1681072416.4868925 2865.96 5696
1681072416.488161 2866.00 5696
1681072416.4894 2866.04 5704
1681072416.4906228 2866.08 5710
1681072416.4918444 2866.12 5718
1681072416.49308 2866.12 5718
1681072416.4942977 2866.16 5730
1681072416.4955137 2866.16 5730
1681072416.4969165 2866.20 5741
1681072416.4981406 2866.20 5741
1681072416.4993565 2866.24 5754
1681072416.500589 2866.24 5754
1681072416.5694544 2866.28 5766
1681072416.5708237 2866.32 5773
1681072416.5720615 2866.36 5779
1681072416.573315 2866.40 5788
1681072416.5745258 2866.40 5796
1681072416.5757349 2866.44 5796
1681072416.5769613 2866.48 5807
1681072416.5781837 2866.48 5807
1681072416.579393 2866.52 5818
1681072416.5806127 2866.52 5818
1681072416.5818255 2866.52 5818
1681072416.5830276 2866.56 5834
1681072416.5842426 2866.60 5843
1681072416.585468 2866.64 5853
1681072416.6545646 2866.68 5859
1681072416.6558416 2866.72 5859
1681072416.6571364 2866.76 5867
1681072416.6583712 2866.76 5867
1681072416.65959 2866.80 5879
1681072416.6608245 2866.80 5879
1681072416.6620421 2866.84 5893
1681072416.6632519 2866.84 5893
1681072416.6644769 2866.84 5893
1681072416.6656828 2866.88 5911
1681072416.666893 2866.92 5920
1681072416.6681025 2866.92 5920
1681072416.6693327 2866.96 5931
1681072416.738145 2866.96 5940
1681072416.7395205 2867.01 5947
1681072416.740799 2867.05 5947
1681072416.7420187 2867.05 5947
1681072416.7432344 2867.09 5960
1681072416.7444613 2867.09 5960
1681072416.7456727 2867.13 5974
1681072416.7468796 2867.13 5974
1681072416.7480829 2867.13 5991
1681072416.7493072 2867.17 5991
1681072416.7505047 2867.21 6000
1681072416.7517157 2867.21 6000
1681072416.7529433 2867.25 6011
1681072416.7541523 2867.25 6022
1681072416.8232217 2867.29 6022
1681072416.8245153 2867.33 6031
1681072416.8257658 2867.37 6040
1681072416.8269956 2867.37 6040
1681072416.8282623 2867.37 6053
1681072416.8294904 2867.41 6053
1681072416.8307 2867.41 6053
1681072416.831914 2867.41 6073
1681072416.8331597 2867.49 6077
1681072416.8343737 2867.53 6082
1681072416.835599 2867.53 6092
1681072416.8368392 2867.57 6092
1681072416.8380592 2867.61 6102
1681072416.9068372 2867.61 6110
1681072416.9083166 2867.65 6110
1681072416.9095724 2867.65 6110
1681072416.910791 2867.69 6124
1681072416.9120436 2867.69 6124
1681072416.9133267 2867.73 6138
1681072416.9145424 2867.73 6138
1681072416.9157617 2867.73 6138
1681072416.9170225 2867.77 6156
1681072416.9182572 2867.77 6167
1681072416.919495 2867.81 6167
1681072416.9207416 2867.85 6177
1681072416.9219797 2867.85 6187
1681072416.9232075 2867.89 6187
1681072416.9918668 2867.93 6196
1681072416.9931648 2867.93 6205
1681072416.994418 2867.97 6205
1681072416.995647 2868.01 6216
1681072416.9968848 2868.01 6216
1681072416.9981081 2868.01 6231
1681072416.999329 2868.05 6231
1681072417.0005653 2868.05 6231
1681072417.0018039 2868.05 6231
1681072417.003018 2868.09 6250
1681072417.004248 2868.13 6260
1681072417.0054677 2868.13 6260
1681072417.0066905 2868.17 6273
1681072417.07599 2868.17 6280
1681072417.0773046 2868.21 6280
1681072417.0785415 2868.25 6290
1681072417.079764 2868.25 6290
1681072417.0810037 2868.29 6304
1681072417.082222 2868.29 6304
1681072417.083437 2868.33 6316
1681072417.0846758 2868.33 6316
1681072417.0858932 2868.33 6331
1681072417.0871103 2868.37 6331
1681072417.0883582 2868.37 6343
1681072417.0895836 2868.46 6347
1681072417.090803 2868.50 6352
1681072417.1595738 2868.54 6360
1681072417.160971 2868.54 6369
1681072417.1622274 2868.58 6369
1681072417.1634617 2868.58 6380
1681072417.164702 2868.62 6380
1681072417.165932 2868.66 6391
1681072417.167154 2868.66 6391
1681072417.1683974 2868.70 6402
1681072417.1696274 2868.70 6402
1681072417.1708472 2868.74 6417
1681072417.1720622 2868.74 6417
1681072417.1732929 2868.74 6417
1681072417.1745174 2868.74 6437
1681072417.1757407 2868.78 6437
1681072417.244673 2868.78 6437
1681072417.2459402 2868.82 6451
1681072417.2471836 2868.82 6463
1681072417.2484293 2868.86 6463
1681072417.2496862 2868.90 6472
1681072417.2509081 2868.90 6472
1681072417.2521398 2868.94 6484
1681072417.2533588 2868.94 6495
1681072417.254584 2868.98 6495
1681072417.2557979 2869.02 6507
1681072417.2570329 2869.06 6507
1681072417.2582505 2869.06 6507
1681072417.259465 2869.10 6521
1681072417.3282948 2869.10 6521
1681072417.329673 2869.10 6521
1681072417.3309326 2869.10 6521
1681072417.3321872 2869.14 6546
1681072417.3334188 2869.14 6557
1681072417.334668 2869.18 6557
1681072417.3359084 2869.18 6557
1681072417.3371646 2869.22 6574
1681072417.3383975 2869.22 6574
1681072417.3396266 2869.26 6584
1681072417.3408713 2869.26 6595
1681072417.3421075 2869.30 6595
1681072417.3433545 2869.30 6595
1681072417.3445997 2869.34 6612
1681072417.4133344 2869.34 6612
1681072417.4146073 2869.38 6623
1681072417.4158418 2869.38 6623
1681072417.4171042 2869.38 6623
1681072417.4183462 2869.42 6640
1681072417.4195652 2869.42 6640
1681072417.4207935 2869.42 6640
1681072417.4220061 2869.46 6662
1681072417.4232159 2869.46 6662
1681072417.4244475 2869.46 6662
1681072417.425661 2869.50 6680
1681072417.4268715 2869.50 6680
1681072417.4280775 2869.54 6691
1681072417.4975147 2869.54 6691
1681072417.4987898 2869.58 6707
1681072417.500029 2869.58 6707
1681072417.501287 2869.62 6720
1681072417.502511 2869.62 6720
1681072417.5037322 2869.66 6732
1681072417.504992 2869.66 6732
1681072417.506217 2869.66 6732
1681072417.507429 2869.70 6751
1681072417.5086591 2869.70 6751
1681072417.5098798 2869.70 6751
1681072417.5110948 2869.70 6751
1681072417.5123284 2869.74 6774
1681072417.5810254 2869.74 6774
1681072417.5823803 2869.74 6774
1681072417.5836225 2869.78 6794
1681072417.584888 2869.78 6794
1681072417.5861113 2869.83 6807
1681072417.5873234 2869.83 6807
1681072417.5885525 2869.83 6807
1681072417.589763 2869.87 6823
1681072417.5909624 2869.87 6823
1681072417.592176 2869.91 6839
1681072417.5934005 2869.91 6839
1681072417.5946069 2869.91 6852
1681072417.595809 2869.95 6852
1681072417.5970275 2869.95 6852
1681072417.6661627 2869.99 6870
1681072417.667447 2869.99 6870
1681072417.668725 2869.99 6870
1681072417.6699574 2870.03 6887
1681072417.6711805 2870.03 6887
1681072417.6724153 2870.03 6887
1681072417.673642 2870.03 6887
1681072417.6748555 2870.03 6887
1681072417.6760666 2870.07 6921
1681072417.6772993 2870.07 6921
1681072417.6785402 2870.07 6921
1681072417.679782 2870.11 6936
1681072417.6810186 2870.11 6936
1681072417.749708 2870.11 6936
1681072417.7510626 2870.11 6959
1681072417.752328 2870.15 6959
1681072417.7535672 2870.15 6972
1681072417.7547889 2870.19 6972
1681072417.7560015 2870.23 6980
1681072417.75723 2870.27 6987
1681072417.758432 2870.27 6987
1681072417.7596567 2870.27 6987
1681072417.760889 2870.27 6987
1681072417.7620957 2870.31 7011
1681072417.7633047 2870.31 7011
1681072417.7645314 2870.31 7011
1681072417.7657373 2870.31 7011
1681072417.8347478 2870.35 7037
1681072417.8360124 2870.35 7037
1681072417.8372734 2870.35 7037
1681072417.8384838 2870.35 7037
1681072417.8397026 2870.35 7037
1681072417.8409426 2870.39 7068
1681072417.8421578 2870.39 7068
1681072417.8433635 2870.39 7068
1681072417.8445861 2870.39 7068
1681072417.8457918 2870.43 7094
1681072417.847003 2870.43 7094
1681072417.8482225 2870.43 7110
1681072417.849438 2870.47 7110
1681072417.9188774 2870.47 7110
1681072417.9201791 2870.47 7110
1681072417.9214673 2870.51 7132
1681072417.9227047 2870.51 7132
1681072417.9239323 2870.51 7132
1681072417.9252038 2870.55 7152
1681072417.9264383 2870.55 7152
1681072417.9276712 2870.55 7152
1681072417.9289196 2870.59 7171
1681072417.9301581 2870.59 7171
1681072417.931386 2870.59 7171
1681072417.9326293 2870.59 7171
1681072417.9338555 2870.59 7171
1681072418.0024433 2870.63 7201
1681072418.0038054 2870.63 7201
1681072418.0050862 2870.63 7201
1681072418.0063217 2870.63 7201
1681072418.009178 2870.63 7201
1681072418.0104382 2870.67 7231
1681072418.0116718 2870.67 7231
1681072418.0129128 2870.67 7231
1681072418.0141356 2870.67 7231
1681072418.0153582 2870.67 7231
1681072418.016596 2870.71 7267
1681072418.017818 2870.71 7267
1681072418.019034 2870.71 7267
1681072418.0202622 2870.71 7267
1681072418.087603 2870.71 7267
1681072418.0889332 2870.71 7300
1681072418.0901697 2870.75 7300
1681072418.0913901 2870.75 7300
1681072418.0926251 2870.75 7300
1681072418.0938427 2870.79 7321
1681072418.0950525 2870.79 7321
1681072418.0962677 2870.79 7321
1681072418.0974762 2870.79 7321
1681072418.0986829 2870.83 7348
1681072418.0998905 2870.83 7348
1681072418.1011138 2870.83 7348
1681072418.1023254 2870.83 7348
1681072418.17115 2870.87 7373
1681072418.1725972 2870.87 7373
1681072418.1738493 2870.87 7373
1681072418.1750815 2870.87 7373
1681072418.1763186 2870.91 7397
1681072418.1775458 2870.91 7397
1681072418.178764 2870.91 7397
1681072418.1799808 2870.91 7397
1681072418.1812155 2870.91 7397
1681072418.1824195 2870.91 7397
1681072418.1836445 2870.91 7438
1681072418.1849349 2870.95 7438
1681072418.186152 2870.95 7438
1681072418.1873717 2870.95 7438
1681072418.2562232 2870.95 7438
1681072418.2574983 2870.95 7438
1681072418.2587254 2870.95 7438
1681072418.2599502 2870.95 7438
1681072418.2612169 2870.95 7438
1681072418.2624323 2870.95 7438
1681072418.2636523 2870.95 7438
1681072418.2649088 2870.95 7438
1681072418.2661176 2870.99 7511
1681072418.26732 2870.99 7511
1681072418.2685492 2870.99 7511
1681072418.269757 2870.99 7511
1681072418.2709653 2870.99 7511
1681072418.340341 2870.99 7511
1681072418.3416164 2870.99 7511
1681072418.342852 2870.99 7511
1681072418.3440752 2870.99 7511
1681072418.3453205 2870.99 7511
1681072418.3465378 2870.99 7511
1681072418.3477514 2870.99 7511
1681072418.3489802 2870.99 7511
1681072418.350192 2870.99 7511
1681072418.3513935 2870.99 7511
1681072418.3526242 2870.99 7511
1681072418.3538394 2870.99 7511
1681072418.3550453 2870.99 7511
1681072418.4238749 2870.99 7511
1681072418.425267 2870.99 7511
1681072418.4265218 2870.99 7511
1681072418.4277532 2870.99 7511
1681072418.4289877 2870.99 7511
1681072418.4301991 2870.99 7511
1681072418.4314106 2870.99 7511
1681072418.4326334 2870.99 7511
1681072418.433841 2870.99 7511
1681072418.4350529 2870.99 7511
1681072418.4362705 2870.99 7511
1681072418.4374824 2870.99 7511
1681072418.4391537 2870.99 7511
1681072418.441133 2870.99 7511
1681072418.5090222 2870.99 7511
1681072418.5102892 2870.99 7511
1681072418.5115166 2870.99 7511
1681072418.5127628 2870.99 7511
1681072418.513982 2870.99 7511
1681072418.5151885 2870.99 7511
1681072418.5164125 2870.99 7511
1681072418.5176272 2870.99 7511
1681072418.5188358 2870.99 7511
1681072418.5200522 2870.99 7511
1681072418.5212803 2870.99 7511
1681072418.52249 2870.99 7511
1681072418.5236971 2870.99 7511
1681072418.592629 2870.99 7511
1681072418.593988 2870.99 7511
1681072418.5952413 2870.99 7511
1681072418.5965075 2870.99 7511
1681072418.5977385 2870.99 7511
1681072418.5989609 2870.99 7511
1681072418.6002123 2870.99 7511
1681072418.601436 2870.99 7511
1681072418.6026618 2870.99 7511
1681072418.603881 2870.99 7511
1681072418.6051147 2870.99 7511
1681072418.606337 2870.99 7511
1681072418.6075606 2870.99 7511
1681072418.608796 2870.99 7511
1681072418.6777039 2870.99 7511
1681072418.6789947 2870.99 7511
1681072418.6802602 2870.99 7511
1681072418.6815088 2870.99 7511
1681072418.6827638 2870.99 7511
1681072418.6839902 2870.99 7511
1681072418.6852386 2870.99 7511
1681072418.686465 2870.99 7511
1681072418.6876905 2870.99 7511
1681072418.688931 2870.99 7511
1681072418.6901727 2870.99 7511
1681072418.691387 2870.99 7511
1681072418.6926215 2870.99 7511
1681072418.7613215 2870.99 7511
1681072418.762681 2870.99 7511
1681072418.7639203 2870.99 7511
1681072418.7651768 2870.99 7511
1681072418.766405 2870.99 7511
1681072418.767627 2870.99 7511
1681072418.7688653 2870.99 7511
1681072418.7700877 2870.99 7511
1681072418.7713 2870.99 7511
1681072418.772535 2870.99 7511
1681072418.7737615 2870.99 7511
1681072418.7749896 2870.99 7511
1681072418.7762196 2870.99 7511
1681072418.8453512 2870.99 7511
1681072418.8467147 2870.99 7511
1681072418.84796 2870.99 7511
1681072418.8492188 2870.99 7511
1681072418.8504338 2870.99 7511
1681072418.8516538 2870.99 7511
1681072418.852884 2870.99 7511
1681072418.8540998 2870.99 7511
1681072418.855318 2870.99 7511
1681072418.856552 2870.99 7511
1681072418.8577626 2870.99 7511
1681072418.8589847 2870.99 7511
1681072418.86022 2870.99 7511
1681072418.8614385 2870.99 7511
1681072418.930462 2870.99 7511
1681072418.9317405 2870.99 7511
1681072418.9330077 2870.99 7511
1681072418.934234 2870.99 7511
1681072418.9354603 2870.99 7511
1681072418.93671 2870.99 7511
1681072418.9379346 2870.99 7511
1681072418.9391518 2870.99 7511
1681072418.940383 2870.99 7511
1681072418.9416027 2870.99 7511
1681072418.9428155 2870.99 7511
1681072418.9440403 2870.99 7511
1681072418.9452748 2870.99 7511
1681072419.014007 2870.99 7511
1681072419.0153573 2870.99 7511
1681072419.016643 2870.99 7511
1681072419.0178835 2870.99 7511
1681072419.0191061 2870.99 7511
1681072419.020337 2870.99 7511
1681072419.0215576 2870.99 7511
1681072419.0227766 2870.99 7511
1681072419.023986 2870.99 7511
1681072419.0252109 2870.99 7511
1681072419.0264184 2870.99 7511
1681072419.0276234 2870.99 7511
1681072419.0288515 2870.99 7511
1681072419.0300708 2870.99 7511
1681072419.0991127 2870.99 7511
1681072419.1004004 2870.99 7511
1681072419.1016395 2870.99 7511
1681072419.1028595 2870.99 7511
1681072419.1040704 2870.99 7511
1681072419.105306 2870.99 7511
1681072419.1065145 2870.99 7511
1681072419.107725 2870.99 7511
1681072419.1089478 2870.99 7511
1681072419.1101613 2870.99 7511
1681072419.1113687 2870.99 7511
1681072419.112593 2870.99 7511
1681072419.1137986 2870.99 7511
1681072419.1827397 2870.99 7511
1681072419.184166 2870.99 7511
1681072419.1854448 2870.99 7511
1681072419.186665 2870.99 7511
1681072419.1878817 2870.99 7511
1681072419.1891186 2870.99 7511
1681072419.1903434 2870.99 7511
1681072419.1915696 2870.99 7511
1681072419.1928 2870.99 7511
1681072419.194002 2870.99 7511
1681072419.1952016 2870.99 7511
1681072419.196422 2870.99 7511
1681072419.197639 2870.99 7511
1681072419.2667656 2870.99 7511
1681072419.2682247 2870.99 7511
1681072419.2694826 2870.99 7511
1681072419.2707083 2870.99 7511
1681072419.2719321 2870.99 7511
1681072419.2731667 2870.99 7511
1681072419.2743719 2870.99 7511
1681072419.2755766 2870.99 7511
1681072419.2767928 2870.99 7511
1681072419.2779953 2870.99 7511
1681072419.2791932 2870.99 7511
1681072419.2804117 2870.99 7511
1681072419.2816186 2870.99 7511
1681072419.2828221 2870.99 7511
1681072419.3518991 2870.99 7511
1681072419.3532062 2870.99 7511
1681072419.3544378 2870.99 7511
1681072419.355654 2870.99 7511
1681072419.356878 2870.99 7511
1681072419.358089 2870.99 7511
1681072419.359293 2870.99 7511
1681072419.360517 2870.99 7511
1681072419.3617253 2870.99 7511
1681072419.3629265 2870.99 7511
1681072419.3641443 2870.99 7511
1681072419.365365 2870.99 7511
1681072419.366576 2870.99 7511
1681072419.4354634 2870.99 7511
1681072419.4368465 2870.99 7511
1681072419.4380844 2870.99 7511
1681072419.4396691 2870.99 7511
1681072419.4415967 2870.99 7511
1681072419.4429758 2870.99 7511
1681072419.4442093 2870.99 7511
1681072419.4454343 2870.99 7511
1681072419.4465005 2870.99 7511
1681072419.4468732 2870.99 7511
1681072419.4472446 2870.99 7511
1681072419.4476752 2870.99 7511
1681072419.4481273 2870.99 7511
1681072419.4486187 2870.99 7511
1681072419.520636 2870.99 7511
1681072419.5218906 2870.99 7511
1681072419.5231147 2870.99 7511
1681072419.5243387 2870.99 7511
1681072419.5255442 2870.99 7511
1681072419.5267668 2870.99 7511
1681072419.527963 2870.99 7511
1681072419.529176 2870.99 7511
1681072419.5303686 2870.99 7511
1681072419.5315566 2870.99 7511
1681072419.5327685 2870.99 7511
1681072419.533962 2870.99 7511
1681072419.535159 2870.99 7511
1681072419.6039314 2870.99 7511
1681072419.6043828 2870.99 7511
1681072419.6048138 2870.99 7511
1681072419.6052272 2870.99 7511
1681072419.6057093 2870.99 7511
1681072419.6062033 2870.99 7511
1681072419.60674 2870.99 7511
1681072419.6072717 2870.99 7511
1681072419.607808 2870.99 7511
1681072419.6083596 2870.99 7511
1681072419.608992 2870.99 7511
1681072419.609603 2870.99 7511
1681072419.6102154 2870.99 7511
1681072419.688226 2870.99 7511
1681072419.6894734 2870.99 7511
1681072419.6906128 2870.99 7511
1681072419.6917372 2870.99 7511
1681072419.692879 2870.99 7511
1681072419.6939933 2870.99 7511
1681072419.6951008 2870.99 7511
1681072419.6962137 2870.99 7511
1681072419.697336 2870.99 7511
1681072419.6985495 2870.99 7511
1681072419.699761 2870.99 7511
1681072419.7009914 2870.99 7511
1681072419.7021976 2870.99 7511
1681072419.70339 2870.99 7511
1681072419.7733335 2870.99 7511
1681072419.774597 2870.99 7511
1681072419.7758362 2870.99 7511
1681072419.7770963 2870.99 7511
1681072419.7783144 2870.99 7511
1681072419.7795238 2870.99 7511
1681072419.7807431 2870.99 7511
1681072419.7819886 2870.99 7511
1681072419.7832084 2870.99 7511
1681072419.7844324 2870.99 7511
1681072419.7856457 2870.99 7511
1681072419.7868605 2870.99 7511
1681072419.788065 2870.99 7511
1681072419.856961 2870.99 7511
1681072419.858333 2870.99 7511
1681072419.859571 2870.99 7511
1681072419.8608286 2870.99 7511
1681072419.8620632 2870.99 7511
1681072419.8632815 2870.99 7511
1681072419.864508 2870.99 7511
1681072419.8657176 2870.99 7511
1681072419.8669262 2870.99 7511
1681072419.8682535 2870.99 7511
1681072419.8694732 2870.99 7511
1681072419.8706884 2870.99 7511
1681072419.8718944 2870.99 7511
1681072419.8731256 2870.99 7511
1681072419.942016 2870.99 7511
1681072419.9433033 2870.99 7511
1681072419.9445603 2870.99 7511
1681072419.945779 2870.99 7511
1681072419.9469912 2870.99 7511
1681072419.9482105 2870.99 7511
1681072419.9494154 2870.99 7511
1681072419.9506145 2870.99 7511
1681072419.9518077 2870.99 7511
1681072419.9530182 2870.99 7511
1681072419.9542124 2870.99 7511
1681072419.9554207 2870.99 7511
1681072419.956652 2870.99 7511
1681072420.0256076 2870.99 7511
1681072420.0269535 2870.99 7511
1681072420.0282168 2870.99 7511
1681072420.0294483 2870.99 7511
1681072420.0306654 2870.99 7511
1681072420.031873 2870.99 7511
1681072420.033098 2870.99 7511
1681072420.0343065 2870.99 7511
1681072420.035513 2870.99 7511
1681072420.0367632 2870.99 7511
1681072420.0379817 2870.99 7511
1681072420.0391955 2870.99 7511
1681072420.0404122 2870.99 7511
1681072420.0416303 2870.99 7511
1681072420.110701 2870.99 7511
1681072420.1119685 2870.99 7511
1681072420.1132772 2870.99 7511
1681072420.1145058 2870.99 7511
1681072420.1157212 2870.99 7511
1681072420.1169686 2870.99 7511
1681072420.1181839 2870.99 7511
1681072420.1193986 2870.99 7511
1681072420.1206303 2870.99 7511
1681072420.1219735 2870.99 7511
1681072420.1232128 2870.99 7511
1681072420.1244378 2870.99 7511
1681072420.125651 2871.03 9392
1681072420.1947317 2871.03 9392
1681072420.1959822 2871.03 9392
1681072420.197231 2871.03 9392
1681072420.1984863 2871.03 9392
1681072420.1996965 2871.03 9392
1681072420.2009246 2871.03 9392
1681072420.202125 2871.03 9392
1681072420.2033176 2871.03 9392
1681072420.2045355 2871.03 9392
1681072420.2057295 2871.03 9392
1681072420.2069225 2871.03 9392
1681072420.208152 2871.03 9392
1681072420.209364 2871.03 9392
1681072420.2783701 2871.03 9392
1681072420.2797205 2871.03 9392
1681072420.280988 2871.03 9392
1681072420.2822132 2871.03 9392
1681072420.283429 2871.03 9392
1681072420.284657 2871.03 9392
1681072420.2858756 2871.03 9392
1681072420.287085 2871.03 9392
1681072420.2883024 2871.03 9392
1681072420.2895036 2871.03 9392
1681072420.29071 2871.03 9392
1681072420.2919378 2871.03 9392
1681072420.2931716 2871.03 9392
1681072420.2943795 2871.03 9392
1681072420.363449 2871.03 9392
1681072420.36474 2871.03 9392
1681072420.365963 2871.03 9392
1681072420.3672805 2871.03 9392
1681072420.3685486 2871.03 9392
1681072420.3697703 2871.03 9392
1681072420.3709855 2871.03 9392
1681072420.3722365 2871.03 9392
1681072420.3734827 2871.03 9392
1681072420.3746893 2871.03 9392
1681072420.375897 2871.03 9392
1681072420.3771348 2871.03 9392
1681072420.3783479 2871.03 9392
1681072420.4470658 2871.03 9392
1681072420.448477 2871.03 9392
1681072420.4497344 2871.03 9392
1681072420.451123 2871.03 9392
1681072420.4523983 2871.03 9392
1681072420.4536517 2871.03 9392
1681072420.4548793 2871.03 9392
1681072420.456098 2871.03 9392
1681072420.4573252 2871.03 9392
1681072420.4585454 2871.03 9392
1681072420.459759 2871.03 9392
1681072420.4609957 2871.03 9392
1681072420.4622145 2871.03 9392
1681072420.4634316 2871.03 9392
1681072420.5322018 2871.03 9392
1681072420.5334837 2871.03 9392
1681072420.5347161 2871.03 9392
1681072420.5359368 2871.03 9392
1681072420.537164 2871.03 9392
1681072420.538365 2871.03 9392
1681072420.5395622 2871.03 9392
1681072420.5407786 2871.03 9392
1681072420.541971 2871.03 9392
1681072420.543166 2871.03 9392
1681072420.544369 2871.03 9392
1681072420.5455675 2871.03 9392
1681072420.5467908 2871.03 9392
1681072420.6161895 2871.03 9392
1681072420.617447 2871.03 9392
1681072420.6186757 2871.03 9392
1681072420.61989 2871.03 9392
1681072420.6211164 2871.03 9392
1681072420.622317 2871.03 9392
1681072420.624007 2871.03 9392
1681072420.625748 2871.03 9392
1681072420.6269782 2871.03 9392
1681072420.6282203 2871.03 9392
1681072420.629451 2871.03 9392
1681072420.6306655 2871.03 9392
1681072420.6318746 2871.03 9392
1681072420.699789 2871.03 9392
1681072420.70115 2871.03 9392
1681072420.702382 2871.03 9392
1681072420.7035975 2871.03 9392
1681072420.7048256 2871.03 9392
1681072420.7060237 2871.03 9392
1681072420.707222 2871.03 9392
1681072420.7084668 2871.03 9392
1681072420.7096798 2871.03 9392
1681072420.710875 2871.03 9392
1681072420.7120712 2871.03 9392
1681072420.713301 2871.03 9392
1681072420.7145019 2871.03 9392
1681072420.715697 2871.03 9392
1681072420.7849078 2871.03 9392
1681072420.7861676 2871.03 9392
1681072420.7874024 2871.03 9392
1681072420.78866 2871.03 9392
1681072420.7899024 2871.03 9392
1681072420.7911205 2871.03 9392
1681072420.792345 2871.03 9392
1681072420.7935596 2871.03 9392
1681072420.7947698 2871.03 9392
1681072420.7959812 2871.03 9392
1681072420.7972093 2871.03 9392
1681072420.7984242 2871.03 9392
1681072420.799629 2871.03 9392
1681072420.8690615 2871.03 9392
1681072420.8703465 2871.03 9392
1681072420.8715754 2871.03 9392
1681072420.8728309 2871.03 9392
1681072420.874047 2871.03 9392
1681072420.8752623 2871.03 9392
1681072420.876496 2871.03 9392
1681072420.877759 2871.03 9392
1681072420.8789675 2871.03 9392
1681072420.8802197 2871.03 9392
1681072420.8814695 2871.03 9392
1681072420.8827055 2871.03 9392
1681072420.8839421 2871.03 9392
1681072420.9534442 2871.03 9392
1681072420.9547105 2871.03 9392
1681072420.9559438 2871.03 9392
1681072420.9572003 2871.03 9392
1681072420.9584267 2871.03 9392
1681072420.9596453 2871.03 9392
1681072420.9608839 2871.03 9392
1681072420.9620976 2871.03 9392
1681072420.9633112 2871.03 9392
1681072420.9645782 2871.03 9392
1681072420.9658003 2871.03 9392
1681072420.967022 2871.03 9392
1681072420.9682443 2871.03 9392
1681072421.037618 2871.03 9392
1681072421.0388877 2871.03 9392
1681072421.0401514 2871.03 9392
1681072421.041388 2871.03 9392
1681072421.0426028 2871.03 9392
1681072421.0438325 2871.03 9392
1681072421.0450852 2871.03 9392
1681072421.0463085 2871.03 9392
1681072421.0475242 2871.03 9392
1681072421.048779 2871.03 9392
1681072421.050002 2871.03 9392
1681072421.051219 2871.03 9392
1681072421.0524528 2871.03 9392
1681072421.1219058 2871.03 9392
1681072421.123184 2871.03 9392
1681072421.124452 2871.03 9392
1681072421.12568 2871.03 9392
1681072421.1269186 2871.03 9392
1681072421.128146 2871.03 9392
1681072421.1293619 2871.03 9392
1681072421.1305673 2871.03 9392
1681072421.131777 2871.03 9392
1681072421.1330032 2871.03 9392
1681072421.1342113 2871.03 9392
1681072421.135418 2871.03 9392
1681072421.1366465 2871.03 9392
1681072421.2056909 2871.03 9392
1681072421.207089 2871.03 9392
1681072421.2083867 2871.03 9392
1681072421.2096264 2871.03 9392
1681072421.2108412 2871.03 9392
1681072421.212062 2871.03 9392
1681072421.2132983 2871.03 9392
1681072421.2145197 2871.03 9392
1681072421.215803 2871.03 9392
1681072421.2170453 2871.03 9392
1681072421.2182724 2871.03 9392
1681072421.2194965 2871.03 9392
1681072421.2207558 2871.03 9392
1681072421.2899673 2871.03 9392
1681072421.2913237 2871.03 9392
1681072421.2926009 2871.03 9392
1681072421.2938275 2871.03 9392
1681072421.295051 2871.03 9392
1681072421.2963216 2871.03 9392
1681072421.297577 2871.03 9392
1681072421.298806 2871.03 9392
1681072421.3000336 2871.03 9392
1681072421.3012898 2871.03 9392
1681072421.3025186 2871.03 9392
1681072421.3037388 2871.03 9392
1681072421.3049786 2871.03 9392
1681072421.3742576 2871.03 9392
1681072421.375659 2871.03 9392
1681072421.3769352 2871.03 9392
1681072421.3781657 2871.03 9392
1681072421.3793867 2871.03 9392
1681072421.3806186 2871.03 9392
1681072421.3818426 2871.03 9392
1681072421.3830962 2871.03 9392
1681072421.384323 2871.03 9392
1681072421.3855412 2871.03 9392
1681072421.386754 2871.03 9392
1681072421.3879664 2871.03 9392
1681072421.3892033 2871.03 9392
1681072421.4584715 2871.03 9392
1681072421.459827 2871.03 9392
1681072421.461104 2871.03 9392
1681072421.4623308 2871.03 9392
1681072421.463565 2871.03 9392
1681072421.4648094 2871.03 9392
1681072421.4660223 2871.03 9392
1681072421.467231 2871.03 9392
1681072421.468456 2871.03 9392
1681072421.4696624 2871.03 9392
1681072421.4708724 2871.03 9392
1681072421.4720757 2871.03 9392
1681072421.4732969 2871.03 9392
1681072421.5427792 2871.03 9392
1681072421.5442173 2871.03 9392
1681072421.5455043 2871.03 9392
1681072421.5467389 2871.03 9392
1681072421.5479732 2871.03 9392
1681072421.549222 2871.03 9392
1681072421.5504458 2871.03 9392
1681072421.5516708 2871.03 9392
1681072421.5529118 2871.03 9392
1681072421.554132 2871.03 9392
1681072421.5553498 2871.03 9392
1681072421.5565937 2871.03 9392
1681072421.5578303 2871.03 9392
1681072421.6270251 2871.03 9392
1681072421.6284304 2871.03 9392
1681072421.6297026 2871.03 9392
1681072421.6309462 2871.03 9392
1681072421.6321933 2871.03 9392
1681072421.6334307 2871.03 9392
1681072421.6346474 2871.03 9392
1681072421.6358666 2871.03 9392
1681072421.6370983 2871.03 9392
1681072421.6383145 2871.03 9392
1681072421.639567 2871.03 9392
1681072421.640816 2871.03 9392
1681072421.642043 2871.03 9392
1681072421.7112813 2871.03 9392
1681072421.712725 2871.03 9392
1681072421.7139804 2871.03 9392
1681072421.7152147 2871.03 9392
1681072421.716454 2871.03 9392
1681072421.7176814 2871.03 9392
1681072421.7189066 2871.03 9392
1681072421.7201602 2871.03 9392
1681072421.7213986 2871.03 9392
1681072421.7226207 2871.03 9392
1681072421.7238405 2871.03 9392
1681072421.7250786 2871.03 9392
1681072421.7262988 2871.03 9392
1681072421.7956073 2871.03 9392
1681072421.797032 2871.03 9392
1681072421.79829 2871.03 9392
1681072421.7995198 2871.03 9392
1681072421.8007555 2871.03 9392
1681072421.8020105 2871.03 9392
1681072421.803231 2871.03 9392
1681072421.8044555 2871.03 9392
1681072421.8056607 2871.03 9392
1681072421.8068655 2871.03 9392
1681072421.8080714 2871.03 9392
1681072421.8092957 2871.03 9392
1681072421.8105054 2871.03 9392
1681072421.879805 2871.03 9392
1681072421.8812013 2871.03 9392
1681072421.8824656 2871.03 9392
1681072421.8837001 2871.03 9392
1681072421.8849442 2871.03 9392
1681072421.88615 2871.03 9392
1681072421.8873618 2871.03 9392
1681072421.88859 2871.03 9392
1681072421.8898015 2871.03 9392
1681072421.8910077 2871.03 9392
1681072421.8922203 2871.03 9392
1681072421.8934305 2871.03 9392
1681072421.894632 2871.03 9392
1681072421.8958628 2871.03 9392
1681072421.9648724 2871.03 9392
1681072421.9658012 2871.03 9392
1681072421.9667034 2871.03 9392
1681072421.9675963 2871.03 9392
1681072421.9685416 2871.03 9392
1681072421.96965 2871.03 9392
1681072421.970748 2871.03 9392
1681072421.9718568 2871.03 9392
1681072421.9729733 2871.03 9392
1681072421.9742084 2871.03 9392
1681072421.9754422 2871.03 9392
1681072421.976676 2871.03 9392
1681072421.9778962 2871.03 9392
1681072422.0493143 2871.03 9392
1681072422.0505924 2871.03 9392
1681072422.051841 2871.03 9392
1681072422.0531437 2871.03 9392
1681072422.0543792 2871.03 9392
1681072422.055611 2871.03 9392
1681072422.0568511 2871.03 9392
1681072422.0580943 2871.03 9392
1681072422.0593214 2871.03 9392
1681072422.060558 2871.03 9392
1681072422.0617874 2871.03 9392
1681072422.0630124 2871.03 9392
1681072422.0642464 2871.03 9392
1681072422.133724 2871.03 9392
1681072422.1349957 2871.03 9392
1681072422.1362514 2871.03 9392
1681072422.1374924 2871.03 9392
1681072422.1387298 2871.03 9392
1681072422.1399567 2871.03 9392
1681072422.1411946 2871.03 9392
1681072422.1424108 2871.03 9392
1681072422.1436255 2871.03 9392
1681072422.144859 2871.03 9392
1681072422.1460679 2871.03 9392
1681072422.1472738 2871.03 9392
1681072422.148496 2871.03 9392
1681072422.2178295 2871.03 9392
1681072422.219102 2871.03 9392
1681072422.2203848 2871.03 9392
1681072422.221628 2871.03 9392
1681072422.22285 2871.03 9392
1681072422.2240593 2871.03 9392
1681072422.2252884 2871.03 9392
1681072422.2265017 2871.03 9392
1681072422.2277086 2871.03 9392
1681072422.2289324 2871.03 9392
1681072422.230144 2871.03 9392
1681072422.2313516 2871.03 9392
1681072422.2325916 2871.03 9392
1681072422.3022308 2871.03 9392
1681072422.3034995 2871.03 9392
1681072422.3047628 2871.03 9392
1681072422.305992 2871.03 9392
1681072422.3072064 2871.03 9392
1681072422.3084378 2871.03 9392
1681072422.3096528 2871.03 9392
1681072422.3108559 2871.03 9392
1681072422.312058 2871.03 9392
1681072422.3134077 2871.03 9392
1681072422.3146522 2871.03 9392
1681072422.3158658 2871.03 9392
1681072422.3170984 2871.03 9392
1681072422.3864496 2871.03 9392
1681072422.3877141 2871.03 9392
1681072422.388983 2871.03 9392
1681072422.390209 2871.03 9392
1681072422.3914266 2871.03 9392
1681072422.392664 2871.03 9392
1681072422.3938859 2871.03 9392
1681072422.3951218 2871.03 9392
1681072422.3964677 2871.03 9392
1681072422.3976932 2871.03 9392
1681072422.3989112 2871.03 9392
1681072422.4001474 2871.03 9392
1681072422.401362 2871.03 9392
