1681054332.1024263 0.00 0
1681054332.2226934 0.00 0
1681054332.224539 0.00 0
1681054332.226007 0.00 0
1681054332.227401 0.00 0
1681054332.228656 0.00 0
1681054332.229921 0.00 0
1681054332.2312932 0.00 0
1681054332.2328045 0.00 0
1681054332.2341652 0.00 0
1681054332.2354152 0.00 0
1681054332.2367952 0.00 0
1681054332.2380807 0.00 0
1681054332.2393692 0.00 0
1681054332.2410033 0.00 0
1681054332.2422907 0.00 0
1681054332.2435212 0.00 0
1681054332.3058114 0.00 0
1681054332.30782 0.00 0
1681054332.309195 0.00 0
1681054332.3104835 0.00 0
1681054332.3117216 0.00 0
1681054332.312959 0.00 0
1681054332.3142283 0.00 0
1681054332.3154585 0.00 0
1681054332.3167148 0.00 163
1681054332.3179975 0.48 164
1681054332.3192537 0.48 164
1681054332.3205097 0.48 164
1681054332.3216968 0.48 164
1681054332.3228536 0.48 164
1681054332.3242047 0.48 164
1681054332.3254244 0.48 164
1681054332.3902144 0.48 164
1681054332.391607 0.48 164
1681054332.3927956 0.48 164
1681054332.3940122 0.48 164
1681054332.3951728 0.48 164
1681054332.396339 0.48 164
1681054332.3975203 0.48 164
1681054332.3986833 0.48 164
1681054332.3998344 0.48 164
1681054332.4009826 0.48 164
1681054332.4021761 0.48 164
1681054332.4033215 0.48 164
1681054332.4044647 0.48 164
1681054332.4056733 0.48 164
1681054332.4068356 0.48 164
1681054332.4079921 0.48 164
1681054332.475332 0.48 164
1681054332.476647 0.48 164
1681054332.4779794 0.48 164
1681054332.4792423 0.48 164
1681054332.480497 0.48 164
1681054332.4817824 0.48 164
1681054332.4830317 0.48 164
1681054332.4842281 0.48 164
1681054332.485415 0.48 164
1681054332.4865832 0.48 164
1681054332.4877672 0.48 164
1681054332.4889126 0.48 164
1681054332.4902651 0.48 164
1681054332.4915266 0.48 164
1681054332.4926927 0.48 164
1681054332.5586977 0.48 164
1681054332.560204 0.48 164
1681054332.5614927 0.48 164
1681054332.5627556 0.48 164
1681054332.5640063 0.48 164
1681054332.5652559 0.48 164
1681054332.566575 0.48 164
1681054332.567797 0.48 164
1681054332.5689383 0.48 164
1681054332.5701187 0.48 164
1681054332.571275 0.48 164
1681054332.5724297 0.48 164
1681054332.573614 0.48 164
1681054332.5748825 0.48 164
1681054332.5760896 0.48 164
1681054332.577247 0.48 164
1681054332.644171 0.48 164
1681054332.6457012 0.48 164
1681054332.6469958 0.48 164
1681054332.6482565 0.48 164
1681054332.6495485 0.48 164
1681054332.6509118 0.48 164
1681054332.6521966 0.48 164
1681054332.6534057 0.48 164
1681054332.654571 0.48 164
1681054332.6557264 0.48 164
1681054332.6574993 0.48 164
1681054332.6587598 0.48 164
1681054332.6599324 0.48 164
1681054332.6610913 0.48 164
1681054332.662285 0.48 164
1681054332.7272954 0.48 164
1681054332.7288492 0.48 164
1681054332.730297 0.48 164
1681054332.7316546 0.48 164
1681054332.7330167 0.48 164
1681054332.734538 0.48 164
1681054332.7358918 0.48 164
1681054332.737207 0.48 164
1681054332.7385328 0.80 588
1681054332.7397952 4.10 593
1681054332.7410998 7.68 599
1681054332.7425034 11.22 605
1681054332.7437797 14.84 610
1681054332.7450018 16.37 616
1681054332.7462032 19.99 621
1681054332.7473772 23.60 627
1681054332.8119264 27.87 632
1681054332.812439 32.73 638
1681054332.8128858 38.76 644
1681054332.8133433 45.52 650
1681054332.8138444 52.36 655
1681054332.8143384 58.03 661
1681054332.8148184 62.17 666
1681054332.8153114 67.07 671
1681054332.8157918 71.82 677
1681054332.816282 76.28 683
1681054332.81676 80.38 689
1681054332.8172514 85.93 694
1681054332.817743 92.69 700
1681054332.818241 99.69 705
1681054332.8188696 106.68 711
1681054332.896908 113.84 717
1681054332.8983366 121.04 722
1681054332.899666 128.24 729
1681054332.9009776 135.52 735
1681054332.902339 142.55 740
1681054332.9036489 149.79 746
1681054332.9049706 156.75 751
1681054332.9062917 163.70 757
1681054332.9075127 170.58 763
1681054332.908936 177.37 769
1681054332.9102297 184.41 775
1681054332.9114532 191.61 781
1681054332.9126618 197.72 786
1681054332.913967 202.38 792
1681054332.9803057 206.64 798
1681054332.9819527 210.66 803
1681054332.983363 217.06 809
1681054332.9846692 221.96 816
1681054332.9859977 226.22 821
1681054332.987282 230.77 827
1681054332.9885542 236.36 832
1681054332.989868 243.23 838
1681054332.9912012 249.26 844
1681054332.9924896 254.21 849
1681054332.9936852 258.51 856
1681054332.9948652 262.49 862
1681054332.9961395 266.47 867
1681054332.9973958 270.38 873
1681054332.9985533 274.12 879
1681054333.0654204 277.90 884
1681054333.0667832 283.65 890
1681054333.0687454 290.89 897
1681054333.0711527 297.89 902
1681054333.0731661 304.20 908
1681054333.0747018 309.47 914
1681054333.0760815 315.26 919
1681054333.0775511 319.25 925
1681054333.0787876 323.07 930
1681054333.0799894 326.97 936
1681054333.081172 333.73 943
1681054333.0823975 338.87 948
1681054333.0835774 342.74 954
1681054333.0847547 346.56 960
1681054333.148801 350.46 965
1681054333.1506145 354.28 971
1681054333.1520543 358.46 977
1681054333.1534996 363.65 983
1681054333.1549582 369.73 989
1681054333.1565778 374.95 995
1681054333.1581519 378.78 1000
1681054333.1595166 382.88 1006
1681054333.1608298 386.94 1012
1681054333.162264 390.96 1018
1681054333.1636066 394.86 1025
1681054333.164924 398.97 1031
1681054333.1662717 405.28 1037
1681054333.1675782 412.60 1043
1681054333.1688519 418.15 1049
1681054333.2342885 424.07 1055
1681054333.2357013 430.18 1061
1681054333.2371144 435.85 1068
1681054333.2386663 441.60 1074
1681054333.2400208 447.43 1080
1681054333.2413735 453.39 1086
1681054333.2426858 458.70 1092
1681054333.2440252 464.01 1098
1681054333.2452755 470.36 1104
1681054333.2465448 476.76 1111
1681054333.247762 481.74 1117
1681054333.2489781 487.74 1123
1681054333.2502387 494.33 1129
1681054333.317486 500.65 1135
1681054333.3195407 506.32 1141
1681054333.3210564 512.71 1147
1681054333.3225129 519.59 1154
1681054333.323932 526.75 1160
1681054333.32537 533.87 1166
1681054333.326755 540.87 1172
1681054333.3281906 548.11 1178
1681054333.3296757 555.15 1183
1681054333.331057 561.46 1189
1681054333.3326201 566.57 1196
1681054333.3340385 571.28 1202
1681054333.3354397 576.39 1208
1681054333.336812 582.30 1214
1681054333.4018645 587.97 1220
1681054333.4034894 594.93 1226
1681054333.4048362 601.28 1232
1681054333.406443 607.24 1239
1681054333.407838 613.87 1245
1681054333.409334 620.67 1251
1681054333.4107044 627.47 1257
1681054333.4120226 634.23 1263
1681054333.413356 641.26 1269
1681054333.4147022 647.86 1275
1681054333.4160104 654.54 1282
1681054333.417332 660.93 1288
1681054333.4185681 667.17 1294
1681054333.419775 674.01 1300
1681054333.486897 681.25 1306
1681054333.4883842 688.73 1312
1681054333.489873 695.97 1318
1681054333.491299 703.41 1325
1681054333.4926803 710.49 1331
1681054333.494146 717.73 1337
1681054333.4955664 724.57 1343
1681054333.4969451 731.44 1349
1681054333.4984019 738.00 1355
1681054333.499758 744.96 1361
1681054333.501032 749.62 1368
1681054333.502367 755.90 1374
1681054333.5036483 762.05 1380
1681054333.5049222 769.21 1386
1681054333.5713382 776.09 1392
1681054333.5727224 782.97 1398
1681054333.574438 789.08 1404
1681054333.5758038 795.64 1411
1681054333.577125 802.15 1417
1681054333.5784528 808.95 1423
1681054333.579751 815.75 1429
1681054333.5810533 822.30 1435
1681054333.5826488 826.33 1440
1681054333.5842502 831.68 1446
1681054333.5854955 835.94 1453
1681054333.5867074 842.74 1459
1681054333.5879169 847.24 1465
1681054333.654549 851.47 1471
1681054333.6564562 855.89 1477
1681054333.6580024 862.57 1483
1681054333.6593614 868.00 1489
1681054333.6606736 874.75 1496
1681054333.6620145 880.55 1502
1681054333.6633193 886.02 1508
1681054333.664813 890.20 1514
1681054333.6663527 895.55 1520
1681054333.6676748 900.58 1526
1681054333.6689425 906.85 1532
1681054333.670184 912.00 1539
1681054333.6714885 917.27 1545
1681054333.6728816 922.66 1551
1681054333.739014 929.30 1557
1681054333.7407336 934.69 1563
1681054333.7421327 941.20 1569
1681054333.743457 947.28 1575
1681054333.7447677 952.38 1582
1681054333.7460978 957.05 1588
1681054333.7473967 962.16 1594
1681054333.7486956 967.35 1600
1681054333.750012 973.34 1606
1681054333.7512426 978.61 1612
1681054333.7524319 983.39 1618
1681054333.7536268 988.70 1625
1681054333.7548375 994.86 1631
1681054333.756144 1001.21 1637
1681054333.8245282 1007.97 1643
1681054333.8268738 1014.08 1649
1681054333.8289015 1018.11 1655
1681054333.830585 1023.21 1661
1681054333.8327289 1028.20 1669
1681054333.8352876 1034.86 1675
1681054333.838011 1039.80 1681
1681054333.8408077 1046.19 1687
1681054333.851894 1050.69 1693
1681054333.8547528 1057.51 1699
1681054333.8576233 1063.70 1705
1681054333.8604493 1070.89 1713
1681054333.8632054 1076.99 1719
1681054333.907492 1082.94 1725
1681054333.9104965 1087.43 1731
1681054333.9132025 1093.34 1737
1681054333.9158878 1098.20 1743
1681054333.918032 1104.74 1750
1681054333.9196749 1110.16 1757
1681054333.9215665 1115.51 1763
1681054333.9233522 1121.17 1769
1681054333.9249377 1127.55 1775
1681054333.9265182 1133.74 1781
1681054333.9277196 1140.69 1787
1681054333.9288185 1147.27 1794
1681054333.929881 1151.45 1801
1681054333.9309084 1157.59 1807
1681054333.9923952 1162.29 1813
1681054333.9932504 1169.00 1819
1681054333.9941084 1174.10 1825
1681054333.9949272 1180.73 1831
1681054333.9957306 1185.11 1838
1681054333.9965324 1192.16 1845
1681054333.9973748 1197.43 1851
1681054333.998202 1204.78 1857
1681054333.9989848 1211.53 1863
1681054333.9997804 1217.64 1869
1681054334.0005853 1222.13 1875
1681054334.0013957 1228.60 1882
1681054334.002202 1233.14 1889
1681054334.0762668 1240.21 1895
1681054334.0779 1245.47 1901
1681054334.0792572 1251.17 1907
1681054334.0805879 1256.19 1913
1681054334.0819407 1263.26 1920
1681054334.0832577 1269.68 1926
1681054334.0845652 1276.63 1933
1681054334.0859222 1283.54 1939
1681054334.0873542 1288.52 1945
1681054334.0886943 1293.70 1951
1681054334.090192 1299.12 1957
1681054334.0916488 1305.03 1964
1681054334.0929828 1311.05 1970
1681054334.0944436 1317.07 1977
1681054334.1615326 1321.81 1983
1681054334.163067 1327.84 1989
1681054334.164433 1334.02 1995
1681054334.1658401 1339.65 2001
1681054334.1672688 1345.67 2008
1681054334.1685889 1352.26 2014
1681054334.1699417 1356.43 2021
1681054334.1712818 1362.00 2027
1681054334.1726482 1366.67 2033
1681054334.174025 1373.86 2039
1681054334.1753466 1378.72 2045
1681054334.1766758 1385.43 2052
1681054334.177913 1389.85 2058
1681054334.2455397 1396.92 2065
1681054334.24698 1402.78 2071
1681054334.248372 1410.01 2077
1681054334.2498467 1416.03 2083
1681054334.2511218 1421.65 2089
1681054334.2524908 1426.39 2096
1681054334.253832 1431.90 2102
1681054334.2550871 1437.44 2109
1681054334.256361 1443.46 2115
1681054334.2577405 1449.04 2121
1681054334.2589908 1453.58 2127
1681054334.2602468 1459.65 2134
1681054334.2616057 1465.75 2140
1681054334.3289328 1472.90 2146
1681054334.3306646 1478.96 2153
1681054334.332047 1485.31 2159
1681054334.3334105 1489.49 2165
1681054334.3347473 1495.35 2171
1681054334.3360658 1499.77 2178
1681054334.3374064 1506.56 2184
1681054334.3387244 1511.17 2190
1681054334.3401074 1516.31 2197
1681054334.3414738 1521.21 2203
1681054334.342899 1527.88 2209
1681054334.3441658 1533.58 2215
1681054334.3453832 1539.89 2222
1681054334.3466613 1545.71 2228
1681054334.4143555 1549.85 2234
1681054334.4158552 1555.35 2241
1681054334.417199 1559.61 2247
1681054334.418589 1566.52 2253
1681054334.4199069 1570.81 2259
1681054334.4212174 1575.11 2266
1681054334.4226398 1579.73 2272
1681054334.4241693 1587.00 2278
1681054334.4256225 1592.38 2285
1681054334.4269776 1599.17 2291
1681054334.4282348 1604.71 2297
1681054334.4297523 1609.09 2304
1681054334.431062 1614.67 2310
1681054334.4976084 1619.33 2316
1681054334.49921 1625.55 2322
1681054334.500552 1630.41 2329
1681054334.5019062 1636.68 2335
1681054334.503233 1641.05 2341
1681054334.5045402 1648.00 2348
1681054334.505869 1653.99 2354
1681054334.5073469 1661.26 2360
1681054334.5086741 1667.20 2366
1681054334.5100114 1672.98 2373
1681054334.511325 1677.76 2379
1681054334.5126367 1683.42 2385
1681054334.513937 1688.61 2392
1681054334.515145 1694.75 2398
1681054334.5829601 1700.37 2404
1681054334.584559 1705.19 2410
1681054334.5861084 1711.14 2417
1681054334.5875926 1718.20 2423
1681054334.5890543 1725.43 2429
1681054334.590642 1732.66 2436
1681054334.5920353 1739.77 2442
1681054334.5933864 1744.11 2448
1681054334.5947175 1750.21 2454
1681054334.5960262 1755.39 2461
1681054334.5973685 1762.14 2467
1681054334.5986876 1767.68 2473
1681054334.5999923 1774.39 2480
1681054334.6664417 1779.41 2486
1681054334.6681318 1786.40 2492
1681054334.6695094 1793.75 2498
1681054334.6708548 1800.70 2505
1681054334.6721928 1808.00 2511
1681054334.673601 1815.03 2518
1681054334.674936 1819.09 2524
1681054334.6762538 1825.55 2530
1681054334.6775851 1830.70 2536
1681054334.678901 1838.21 2542
1681054334.6803026 1843.87 2549
1681054334.6816702 1850.70 2555
1681054334.6829996 1855.80 2562
1681054334.7503479 1862.90 2568
1681054334.7521203 1870.09 2574
1681054334.7536063 1877.32 2580
1681054334.7550344 1884.47 2586
1681054334.7564425 1891.50 2593
1681054334.7577956 1895.84 2599
1681054334.7591293 1902.70 2606
1681054334.7605464 1907.64 2612
1681054334.7618978 1914.99 2618
1681054334.7632422 1920.78 2624
1681054334.7645636 1928.25 2630
1681054334.7659283 1932.87 2637
1681054334.7672455 1940.05 2643
1681054334.7685723 1946.92 2650
1681054334.8357449 1953.99 2656
1681054334.8372633 1960.70 2662
1681054334.8389878 1967.08 2668
1681054334.840498 1972.02 2674
1681054334.84212 1978.81 2681
1681054334.8437433 1983.79 2688
1681054334.8452313 1990.74 2694
1681054334.8467095 1996.24 2700
1681054334.8481085 2001.98 2706
1681054334.8494585 2007.20 2712
1681054334.850796 2014.63 2718
1681054334.8521194 2021.22 2725
1681054334.853464 2028.37 2732
1681054334.9190896 2035.24 2738
1681054334.9208272 2040.06 2744
1681054334.9225287 2045.68 2750
1681054334.9240155 2050.46 2756
1681054334.9254994 2056.47 2762
1681054334.926889 2061.91 2769
1681054334.9282696 2068.07 2776
1681054334.9296532 2072.38 2782
1681054334.9310083 2079.07 2788
1681054334.9324121 2085.35 2794
1681054334.9337344 2092.36 2800
1681054334.9351323 2098.16 2806
1681054334.9365015 2104.44 2813
1681054334.937935 2109.04 2820
1681054335.0043736 2115.00 2826
1681054335.0058453 2120.07 2832
1681054335.0073469 2126.44 2838
1681054335.0087667 2131.68 2844
1681054335.0102527 2136.55 2850
1681054335.0116515 2142.19 2857
1681054335.0130262 2148.59 2864
1681054335.0144718 2154.80 2870
1681054335.0159369 2160.96 2876
1681054335.0176947 2167.61 2882
1681054335.019091 2171.72 2888
1681054335.020396 2177.60 2894
1681054335.0216563 2182.27 2902
1681054335.0878177 2189.20 2908
1681054335.0895636 2193.91 2914
1681054335.0909486 2199.98 2920
1681054335.0922892 2204.59 2926
1681054335.0936472 2211.72 2932
1681054335.0949886 2217.48 2938
1681054335.0963154 2224.69 2946
1681054335.0976884 2230.73 2952
1681054335.0991278 2235.53 2958
1681054335.1005676 2241.37 2964
1681054335.1019435 2246.72 2970
1681054335.1033142 2253.01 2976
1681054335.1049721 2258.12 2982
1681054335.1718318 2264.53 2990
1681054335.1736686 2268.72 2996
1681054335.1751919 2275.73 3002
1681054335.1766636 2281.93 3008
1681054335.1781657 2289.18 3014
1681054335.1796458 2295.47 3020
1681054335.1809673 2301.27 3026
1681054335.1823282 2305.78 3034
1681054335.1836493 2311.62 3040
1681054335.1850731 2316.70 3046
1681054335.186482 2323.30 3052
1681054335.1878235 2329.14 3058
1681054335.1892183 2334.46 3064
1681054335.1906016 2339.90 3070
1681054335.2570698 2346.71 3078
1681054335.2585378 2353.07 3084
1681054335.259892 2359.52 3090
1681054335.261288 2366.45 3096
1681054335.2626662 2370.60 3102
1681054335.2639906 2376.52 3108
1681054335.265341 2381.23 3115
1681054335.266676 2387.92 3122
1681054335.2679906 2392.83 3128
1681054335.2693205 2399.08 3134
1681054335.2705772 2403.59 3140
1681054335.2720542 2410.64 3146
1681054335.2734606 2416.44 3152
1681054335.3403966 2423.41 3159
1681054335.3412652 2429.37 3166
1681054335.3420103 2435.01 3172
1681054335.3427346 2439.76 3178
1681054335.3434522 2445.36 3184
1681054335.3441725 2450.84 3190
1681054335.3448703 2457.08 3196
1681054335.3458378 2462.84 3203
1681054335.346635 2468.08 3210
1681054335.3473768 2474.12 3216
1681054335.348086 2480.89 3222
1681054335.3487983 2487.78 3228
1681054335.3495357 2494.71 3234
1681054335.3502498 2501.60 3240
1681054335.4259899 2505.79 3247
1681054335.4280593 2512.15 3254
1681054335.4295137 2516.50 3260
1681054335.4308586 2523.39 3266
1681054335.4322903 2528.30 3272
1681054335.4336777 2535.11 3278
1681054335.4350092 2539.62 3284
1681054335.4363294 2547.00 3291
1681054335.4376884 2553.32 3298
1681054335.439054 2560.73 3304
1681054335.4404848 2567.34 3310
1681054335.4418516 2572.98 3316
1681054335.4431784 2577.85 3322
1681054335.5093253 2583.37 3329
1681054335.510904 2588.69 3335
1681054335.5122898 2595.21 3342
1681054335.5140104 2600.89 3348
1681054335.515404 2605.81 3354
1681054335.5167863 2611.25 3360
1681054335.5182884 2618.10 3366
1681054335.5196912 2624.74 3373
1681054335.521094 2631.79 3379
1681054335.5225863 2638.96 3386
1681054335.5240316 2643.15 3392
1681054335.5256152 2649.15 3398
1681054335.5273888 2653.95 3404
1681054335.593209 2660.55 3410
1681054335.5942674 2665.75 3417
1681054335.5951385 2672.24 3423
1681054335.5959332 2676.59 3430
1681054335.596712 2683.84 3436
1681054335.5975416 2690.28 3442
1681054335.598538 2697.53 3448
1681054335.599495 2704.42 3454
1681054335.6004407 2710.42 3461
1681054335.601402 2714.90 3467
1681054335.6023653 2721.14 3474
1681054335.603304 2726.38 3480
1681054335.6042483 2732.94 3486
1681054335.6052282 2738.34 3492
1681054335.6785574 2744.38 3499
1681054335.6799285 2750.02 3505
1681054335.6812599 2757.39 3511
1681054335.6826127 2763.88 3518
1681054335.6839175 2770.73 3524
1681054335.68522 2777.58 3530
1681054335.6865861 2782.25 3536
1681054335.6879008 2788.25 3543
1681054335.689313 2793.53 3549
1681054335.6907523 2799.89 3555
1681054335.6920774 2805.33 3562
1681054335.6933513 2809.72 3568
1681054335.694569 2813.95 3574
1681054335.7619889 2820.64 3580
1681054335.7637825 2827.08 3587
1681054335.765343 2834.21 3593
1681054335.766835 2840.50 3599
1681054335.7682376 2846.94 3606
1681054335.7696252 2851.21 3612
1681054335.7709827 2857.58 3618
1681054335.7725255 2862.61 3624
1681054335.774032 2869.10 3631
1681054335.7753985 2874.26 3637
1681054335.7767558 2879.82 3643
1681054335.7781596 2885.29 3650
1681054335.779516 2892.26 3656
1681054335.780809 2898.27 3662
1681054335.847398 2905.07 3668
1681054335.848817 2911.52 3675
1681054335.8501945 2915.79 3681
1681054335.8515198 2921.67 3687
1681054335.8529031 2926.46 3694
1681054335.8543804 2933.19 3700
1681054335.8557453 2937.74 3706
1681054335.8571174 2943.91 3713
1681054335.858514 2948.50 3719
1681054335.859873 2955.63 3725
1681054335.8612442 2961.39 3731
1681054335.8636544 2968.48 3738
1681054335.8659503 2974.04 3744
1681054335.9310188 2978.95 3750
1681054335.9335828 2984.07 3757
1681054335.9358735 2989.31 3763
1681054335.9380774 2995.35 3769
1681054335.9402668 3000.38 3775
1681054335.94244 3006.47 3782
1681054335.9445612 3010.74 3788
1681054335.946688 3017.66 3794
1681054335.9484854 3023.26 3801
1681054335.9497776 3030.51 3807
1681054335.9510238 3036.23 3813
1681054335.9522421 3041.96 3819
1681054335.9534717 3046.79 3826
1681054335.954691 3052.55 3832
1681054336.0159304 3057.87 3838
1681054336.0173225 3063.63 3845
1681054336.018688 3068.50 3851
1681054336.0200233 3072.81 3857
1681054336.0213757 3079.22 3863
1681054336.022832 3084.57 3869
1681054336.0241172 3091.54 3876
1681054336.0253613 3097.14 3883
1681054336.0265996 3103.11 3889
1681054336.0278215 3107.70 3895
1681054336.0291367 3113.34 3901
1681054336.0304103 3118.17 3907
1681054336.0316443 3124.62 3914
1681054336.0998948 3128.97 3920
1681054336.1012757 3133.12 3927
1681054336.1026752 3138.76 3933
1681054336.1040084 3145.28 3939
1681054336.1055956 3151.73 3945
1681054336.1076777 3157.89 3951
1681054336.1091406 3164.34 3958
1681054336.1104198 3168.48 3964
1681054336.1116445 3174.65 3971
1681054336.112863 3178.84 3977
1681054336.114125 3185.81 3983
1681054336.1153386 3190.72 3989
1681054336.1165519 3196.44 3995
1681054336.183481 3201.60 4002
1681054336.1851158 3208.69 4008
1681054336.1864994 3214.49 4015
1681054336.1878254 3221.78 4021
1681054336.1894183 3227.82 4027
1681054336.1907985 3232.41 4033
1681054336.1921244 3237.69 4039
1681054336.1934702 3242.36 4046
1681054336.1948843 3248.81 4052
1681054336.1962957 3254.05 4059
1681054336.1976569 3260.41 4065
1681054336.1989954 3264.84 4071
1681054336.200256 3271.57 4077
1681054336.2014844 3277.65 4083
1681054336.268688 3284.66 4089
1681054336.2700937 3290.74 4097
1681054336.271434 3296.30 4103
1681054336.2731802 3301.42 4109
1681054336.2750309 3307.26 4115
1681054336.2764294 3312.62 4121
1681054336.277889 3318.58 4127
1681054336.2793317 3324.54 4134
1681054336.2806578 3329.50 4141
1681054336.2820234 3335.50 4147
1681054336.2832909 3341.82 4153
1681054336.2848876 3348.87 4159
1681054336.286314 3355.24 4165
1681054336.3521354 3361.84 4171
1681054336.3538482 3365.95 4178
1681054336.3552845 3372.12 4185
1681054336.3566759 3376.79 4191
1681054336.358126 3384.20 4197
1681054336.359491 3389.32 4203
1681054336.3608735 3396.00 4209
1681054336.3622758 3400.52 4215
1681054336.3636196 3407.53 4221
1681054336.364934 3413.61 4229
1681054336.3662627 3420.94 4235
1681054336.36751 3427.14 4241
1681054336.368751 3432.22 4247
1681054336.3700223 3437.54 4253
1681054336.4374464 3442.85 4259
1681054336.4389849 3448.65 4267
1681054336.4404612 3454.33 4273
1681054336.4418273 3460.66 4279
1681054336.4431517 3465.25 4285
1681054336.4444683 3471.82 4291
1681054336.4458165 3478.38 4297
1681054336.4471421 3485.67 4303
1681054336.4484613 3492.48 4311
1681054336.449813 3498.89 4317
1681054336.4510944 3503.08 4323
1681054336.452446 3509.48 4329
1681054336.4537053 3514.07 4335
1681054336.5216606 3521.04 4341
1681054336.5232763 3526.28 4347
1681054336.5247726 3532.81 4354
1681054336.5262287 3537.84 4361
1681054336.5276 3545.17 4367
1681054336.528967 3551.78 4373
1681054336.5303638 3558.99 4379
1681054336.5317209 3565.72 4385
1681054336.5330572 3570.71 4391
1681054336.5344703 3576.15 4399
1681054336.5358481 3581.91 4405
1681054336.537212 3587.63 4411
1681054336.538754 3594.24 4417
1681054336.6049447 3600.44 4423
1681054336.606748 3606.28 4429
1681054336.608098 3612.12 4435
1681054336.6094613 3619.21 4442
1681054336.6107922 3626.34 4449
1681054336.6121109 3633.43 4455
1681054336.6135716 3640.40 4461
1681054336.6148777 3645.04 4467
1681054336.6160817 3651.04 4473
1681054336.6172824 3656.84 4480
1681054336.6185184 3663.28 4486
1681054336.6197152 3669.37 4493
1681054336.620912 3676.34 4499
1681054336.6221662 3681.45 4505
1681054336.6903296 3687.90 4511
1681054336.6918213 3694.83 4517
1681054336.6932738 3701.79 4524
1681054336.6947567 3708.80 4530
1681054336.6961412 3715.97 4537
1681054336.697458 3720.16 4543
1681054336.6987615 3726.37 4549
1681054336.7000637 3731.60 4555
1681054336.7013745 3738.37 4561
1681054336.702677 3743.85 4568
1681054336.7039742 3750.74 4575
1681054336.7052743 3755.53 4581
1681054336.7068021 3762.42 4587
1681054336.7735991 3769.55 4593
1681054336.7751567 3776.76 4599
1681054336.7765188 3783.85 4605
1681054336.7782133 3790.86 4612
1681054336.7795427 3794.89 4618
1681054336.7808497 3802.06 4625
1681054336.7821984 3807.01 4631
1681054336.7834296 3814.14 4637
1681054336.784627 3819.66 4643
1681054336.785854 3826.71 4649
1681054336.7870595 3831.59 4656
1681054336.7884128 3838.84 4662
1681054336.789741 3845.89 4669
1681054336.7909617 3853.22 4675
1681054336.8587441 3860.47 4681
1681054336.8601096 3866.75 4687
1681054336.8614576 3871.23 4694
1681054336.8627741 3878.23 4700
1681054336.8640742 3883.19 4707
1681054336.8653193 3890.56 4713
1681054336.8665166 3896.16 4719
1681054336.8677394 3903.09 4725
1681054336.8689663 3908.16 4731
1681054336.8702116 3915.30 4738
1681054336.8714373 3922.26 4744
1681054336.8730023 3929.47 4750
1681054336.8742733 3936.36 4757
1681054336.9429126 3942.00 4763
1681054336.9443617 3947.24 4769
1681054336.945785 3953.16 4775
1681054336.947175 3958.48 4782
1681054336.9485583 3965.29 4788
1681054336.950069 3971.21 4794
1681054336.9516504 3976.69 4801
1681054336.953385 3982.61 4807
1681054336.9547298 3989.30 4813
1681054336.9560492 3996.06 4819
1681054336.9573753 4003.47 4826
1681054336.958606 4010.40 4832
1681054336.95981 4015.00 4839
1681054337.0263531 4020.68 4845
1681054337.0278704 4026.19 4851
1681054337.0292034 4032.60 4857
1681054337.0305207 4038.48 4864
1681054337.0317926 4044.93 4870
1681054337.0332332 4050.12 4876
1681054337.0345511 4055.72 4882
1681054337.0358236 4060.19 4889
1681054337.0370724 4065.03 4895
1681054337.0383804 4069.54 4901
1681054337.0397117 4074.29 4908
1681054337.040967 4078.40 4914
1681054337.042305 4084.52 4920
1681054337.0435972 4089.32 4926
1681054337.111583 4094.88 4933
1681054337.112974 4099.05 4939
1681054337.1143043 4105.45 4945
1681054337.1155744 4110.10 4952
1681054337.1168547 4117.11 4958
1681054337.118184 4123.59 4964
1681054337.1194305 4130.88 4970
1681054337.1207101 4137.81 4977
1681054337.1223707 4143.93 4983
1681054337.1236782 4148.18 4989
1681054337.1249397 4154.22 4996
1681054337.126271 4158.87 5002
1681054337.1275322 4165.91 5008
1681054337.194982 4171.12 5015
1681054337.1966033 4177.24 5021
1681054337.1982148 4182.37 5027
1681054337.1996183 4189.42 5033
1681054337.2009854 4195.98 5040
1681054337.2024653 4202.31 5046
1681054337.2037334 4206.67 5052
1681054337.2051423 4211.60 5058
1681054337.2065806 4212.92 5063
1681054337.2079258 4213.88 5071
1681054337.20924 4215.08 5074
1681054337.2106063 4215.20 5082
1681054337.2118652 4215.20 5082
1681054337.2130651 4215.20 5082
1681054337.2803333 4215.20 5082
1681054337.2817774 4215.20 5082
1681054337.2831724 4215.20 5082
1681054337.2845414 4215.20 5082
1681054337.2859325 4215.20 5082
1681054337.287397 4215.20 5082
1681054337.288905 4215.20 5082
1681054337.2903805 4215.20 5082
1681054337.2917755 4215.20 5082
1681054337.2931576 4215.20 5082
1681054337.2944748 4215.20 5082
1681054337.2957387 4215.20 5082
1681054337.2969813 4215.20 5082
1681054337.3643165 4215.20 5082
1681054337.3658352 4215.20 5082
1681054337.3672879 4215.20 5082
1681054337.3686678 4215.20 5082
1681054337.3701053 4215.20 5082
1681054337.3716328 4215.20 5082
1681054337.3730774 4215.20 5082
1681054337.3745708 4215.20 5082
1681054337.3767097 4215.20 5082
1681054337.379168 4215.20 5082
1681054337.38102 4215.20 5082
1681054337.382366 4215.20 5082
1681054337.3836436 4215.20 5082
1681054337.447805 4215.20 5082
1681054337.4494023 4215.20 5082
1681054337.4506705 4215.20 5082
1681054337.4519498 4215.20 5082
1681054337.4532146 4215.20 5082
1681054337.454477 4215.20 5082
1681054337.455746 4215.20 5082
1681054337.4569755 4215.20 5082
1681054337.4582467 4215.20 5082
1681054337.4595034 4215.20 5082
1681054337.4607277 4215.20 5082
1681054337.4619744 4215.20 5082
1681054337.4632196 4215.20 5082
1681054337.4644418 4215.20 5082
1681054337.5331662 4215.20 5082
1681054337.5345936 4215.20 5082
1681054337.5359383 4215.20 5082
1681054337.537332 4215.20 5082
1681054337.5387 4215.20 5082
1681054337.5400746 4215.20 5082
1681054337.5414455 4215.20 5082
1681054337.5428045 4215.20 5082
1681054337.544125 4215.20 5082
1681054337.5454738 4215.20 5082
1681054337.5467932 4215.20 5082
1681054337.548047 4215.20 5082
1681054337.5492811 4215.20 5082
1681054337.616579 4215.20 5082
1681054337.6186259 4215.20 5082
1681054337.6201727 4215.20 5082
1681054337.6216447 4215.20 5082
1681054337.623169 4215.20 5082
1681054337.6246095 4215.20 5082
1681054337.6259937 4215.20 5082
1681054337.6273801 4215.20 5082
1681054337.628896 4215.20 5082
1681054337.630407 4215.20 5082
1681054337.6317735 4215.20 5082
1681054337.6332097 4215.20 5082
1681054337.634695 4215.20 5082
1681054337.6361976 4215.20 5082
1681054337.7018256 4215.20 5082
1681054337.7034168 4215.20 5082
1681054337.7048352 4215.20 5082
1681054337.7062466 4215.20 5082
1681054337.7076306 4215.20 5082
1681054337.7089872 4215.20 5082
1681054337.7103896 4215.20 5082
1681054337.7117274 4215.20 5082
1681054337.7129674 4215.20 5082
1681054337.714265 4215.20 5082
1681054337.7155445 4215.20 5082
1681054337.716813 4215.20 5082
1681054337.718101 4215.20 5082
1681054337.7851474 4215.20 5082
1681054337.7868621 4215.20 5082
1681054337.7884474 4215.20 5082
1681054337.7904856 4215.20 5082
1681054337.7929032 4215.20 5082
1681054337.795291 4215.20 5082
1681054337.7974474 4215.20 5082
1681054337.799686 4215.20 5082
1681054337.801286 4215.20 5082
1681054337.802923 4215.20 5082
1681054337.8041525 4215.20 5082
1681054337.805387 4215.20 5082
1681054337.8066845 4215.20 5082
1681054337.8692913 4215.20 5082
1681054337.871251 4215.20 5082
1681054337.87306 4215.20 5082
1681054337.874963 4215.20 5082
1681054337.8764348 4215.20 5082
1681054337.877913 4215.20 5082
1681054337.8792386 4215.20 5082
1681054337.880547 4215.20 5082
1681054337.8818972 4215.20 5082
1681054337.8832095 4215.20 5082
1681054337.8845599 4215.20 5082
1681054337.8863053 4215.20 5082
1681054337.8878407 4215.20 5082
1681054337.8896458 4215.20 5082
1681054337.9545505 4215.20 5082
1681054337.9562023 4215.20 5082
1681054337.957683 4215.20 5082
1681054337.9591708 4215.20 5082
1681054337.960523 4215.20 5082
1681054337.9619927 4215.20 5082
1681054337.963422 4215.20 5082
1681054337.9647877 4215.20 5082
1681054337.9662087 4215.20 5082
1681054337.967581 4215.20 5082
1681054337.9689415 4215.20 5082
1681054337.9703426 4215.20 5082
1681054337.9717305 4215.20 5082
1681054338.0379143 4215.20 5082
1681054338.0398078 4215.20 5082
1681054338.041427 4215.20 5082
1681054338.0428667 4215.20 5082
1681054338.0442958 4215.20 5082
1681054338.0456965 4215.20 5082
1681054338.04722 4215.20 5082
1681054338.048621 4215.20 5082
1681054338.050063 4215.20 5082
1681054338.0514693 4215.20 5082
1681054338.052863 4215.20 5082
1681054338.0543077 4215.20 5082
1681054338.0557618 4215.20 5082
1681054338.0571613 4215.20 5082
1681054338.1233165 4215.20 5082
1681054338.1248198 4215.20 5082
1681054338.1263192 4215.20 5082
1681054338.1277595 4215.20 5082
1681054338.1291919 4215.20 5082
1681054338.1309872 4215.20 5082
1681054338.1325169 4215.20 5082
1681054338.1339085 4215.20 5082
1681054338.135243 4215.20 5082
1681054338.136565 4215.20 5082
1681054338.1379414 4215.20 5082
1681054338.13927 4215.20 5082
1681054338.1405878 4215.20 5082
1681054338.2066329 4215.20 5082
1681054338.2081857 4215.20 5082
1681054338.2095697 4215.20 5082
1681054338.2111483 4215.20 5082
1681054338.2126865 4215.20 5082
1681054338.2140634 4215.20 5082
1681054338.215389 4215.20 5082
1681054338.2167091 4215.20 5082
1681054338.2180586 4215.20 5082
1681054338.219379 4215.20 5082
1681054338.2206943 4215.20 5082
1681054338.2220619 4215.20 5082
1681054338.223378 4215.20 5082
1681054338.2906713 4215.20 5082
1681054338.2923832 4215.20 5082
1681054338.2937758 4215.20 5082
1681054338.2951257 4215.20 5082
1681054338.2964482 4215.20 5082
1681054338.2977889 4215.20 5082
1681054338.2991047 4215.20 5082
1681054338.3004918 4215.20 5082
1681054338.3018286 4215.20 5082
1681054338.3031447 4215.20 5082
1681054338.3044615 4215.20 5082
1681054338.3058217 4215.20 5082
1681054338.3071117 4215.20 5082
1681054338.308351 4215.20 5082
1681054338.3760836 4215.20 5082
1681054338.3777313 4215.20 5082
1681054338.3793173 4215.20 5082
1681054338.3808248 4215.20 5082
1681054338.3822632 4215.20 5082
1681054338.383644 4215.20 5082
1681054338.3850195 4215.20 5082
1681054338.3864617 4215.20 5082
1681054338.3880591 4215.20 5082
1681054338.3895552 4215.20 5082
1681054338.3909674 4215.20 5082
1681054338.392314 4215.20 5082
1681054338.393604 4215.20 5082
1681054338.4594235 4215.20 5082
1681054338.4611242 4215.20 5082
1681054338.4625883 4215.20 5082
1681054338.4639444 4215.20 5082
1681054338.465368 4215.20 5082
1681054338.46679 4215.20 5082
1681054338.468175 4215.20 5082
1681054338.4695475 4215.20 5082
1681054338.470897 4215.20 5082
1681054338.472262 4215.20 5082
1681054338.4736397 4215.20 5082
1681054338.4750035 4215.20 5082
1681054338.4763594 4215.20 5082
1681054338.4777277 4215.20 5082
1681054338.5447195 4215.20 5082
1681054338.546258 4215.20 5082
1681054338.547648 4215.20 5082
1681054338.5492272 4215.20 5082
1681054338.5508404 4215.20 5082
1681054338.552234 4215.20 5082
1681054338.5535853 4215.20 5082
1681054338.5552855 4215.20 5082
1681054338.5566807 4215.20 5082
1681054338.5580738 4215.20 5082
1681054338.5594168 4215.20 5082
1681054338.5607586 4215.20 5082
1681054338.5622075 4215.20 5082
1681054338.628086 4215.20 5082
1681054338.6297002 4215.20 5082
1681054338.6310492 4215.20 5082
1681054338.6323662 4215.20 5082
1681054338.6336894 4215.20 5082
1681054338.635 4215.20 5082
1681054338.636298 4215.20 5082
1681054338.6376255 4215.20 5082
1681054338.6389427 4215.20 5082
1681054338.6402445 4215.20 5082
1681054338.6415992 4215.20 5082
1681054338.6429133 4215.20 5082
1681054338.6442218 4215.20 5082
1681054338.7121603 4215.20 5082
1681054338.7139723 4215.20 5082
1681054338.7155232 4215.20 5082
1681054338.7170696 4215.20 5082
1681054338.718629 4215.20 5082
1681054338.7201135 4215.20 5082
1681054338.7216942 4215.20 5082
1681054338.7231035 4215.20 5082
1681054338.7244833 4215.20 5082
1681054338.725891 4215.20 5082
1681054338.7272546 4215.20 5082
1681054338.728648 4215.20 5082
1681054338.730095 4215.20 5082
1681054338.7314513 4215.20 5082
1681054338.7975676 4215.20 5082
1681054338.7991579 4215.20 5082
1681054338.800624 4215.20 5082
1681054338.801993 4215.20 5082
1681054338.8034036 4215.20 5082
1681054338.804896 4215.20 5082
1681054338.8062696 4215.20 5082
1681054338.8075886 4215.20 5082
1681054338.8089142 4215.20 5082
1681054338.8103797 4215.20 5082
1681054338.8117304 4215.20 5082
1681054338.8130543 4215.28 6685
1681054338.8144293 4215.28 6685
1681054338.8808808 4215.28 6685
1681054338.8826478 4215.28 6685
1681054338.884141 4215.28 6685
1681054338.8856227 4215.28 6685
1681054338.8870869 4215.28 6685
1681054338.8886535 4215.28 6685
1681054338.8900065 4215.28 6685
1681054338.891424 4215.28 6685
1681054338.8927832 4215.28 6685
1681054338.8941894 4215.28 6685
1681054338.8955536 4215.28 6685
1681054338.8968692 4215.28 6685
1681054338.8982189 4215.28 6685
1681054338.899541 4215.28 6685
1681054338.966175 4215.28 6685
1681054338.9676738 4215.28 6685
1681054338.9689896 4215.28 6685
1681054338.9703104 4215.28 6685
1681054338.9716141 4215.28 6685
1681054338.973026 4215.28 6685
1681054338.9744937 4215.28 6685
1681054338.9758434 4215.28 6685
1681054338.9771793 4215.32 6837
1681054338.9785366 4215.44 6843
1681054338.9798481 4215.56 6849
1681054338.9811523 4215.68 6855
1681054338.9824927 4215.80 6863
1681054339.049628 4215.92 6870
1681054339.051361 4216.04 6876
1681054339.0528903 4216.16 6882
1681054339.0544848 4216.28 6888
1681054339.0560007 4216.40 6894
1681054339.0575209 4216.52 6900
1681054339.0597365 4216.64 6906
1681054339.0619314 4216.80 6913
1681054339.0641017 4217.00 6919
1681054339.0663075 4217.32 6925
1681054339.0683122 4217.64 6933
1681054339.069896 4218.00 6939
1681054339.0715365 4218.36 6945
1681054339.0729527 4218.72 6951
1681054339.1357582 4219.09 6958
1681054339.1383123 4219.45 6964
1681054339.1403575 4219.81 6970
1681054339.141765 4220.25 6976
1681054339.1431355 4220.73 6982
1681054339.1444762 4221.29 6988
1681054339.1458442 4221.77 6994
1681054339.1473124 4222.25 7003
1681054339.148669 4222.61 7009
1681054339.1501513 4222.97 7015
1681054339.1514919 4223.33 7021
1681054339.152795 4223.69 7027
1681054339.154192 4224.05 7033
1681054339.2188418 4224.41 7040
1681054339.2202039 4224.77 7046
1681054339.221598 4225.21 7052
1681054339.223069 4225.57 7058
1681054339.2244716 4225.93 7064
1681054339.2258635 4226.13 7069
1681054339.2271101 4226.25 7077
1681054339.2284315 4226.37 7084
1681054339.229724 4226.53 7090
1681054339.230992 4226.65 7096
1681054339.2323017 4226.77 7102
1681054339.2337332 4226.89 7108
1681054339.2350788 4227.01 7114
1681054339.302443 4227.13 7120
1681054339.3041112 4227.29 7127
1681054339.3055663 4227.41 7133
1681054339.3069654 4227.53 7139
1681054339.30836 4227.65 7145
1681054339.309755 4227.77 7153
1681054339.3111289 4227.89 7159
1681054339.3125007 4228.01 7165
1681054339.3140595 4228.13 7172
1681054339.3172817 4228.25 7178
1681054339.318736 4228.37 7184
1681054339.3200154 4228.49 7190
1681054339.3214161 4228.61 7196
1681054339.322838 4228.77 7202
1681054339.3874798 4228.89 7208
1681054339.388756 4229.02 7215
1681054339.3900108 4229.14 7221
1681054339.3912356 4229.26 7229
1681054339.39245 4229.38 7235
1681054339.3936982 4229.50 7241
1681054339.3950005 4229.62 7247
1681054339.3962166 4229.74 7254
1681054339.3974583 4229.86 7260
1681054339.39868 4229.98 7266
1681054339.3998916 4230.10 7272
1681054339.4010952 4230.26 7277
1681054339.4023273 4230.38 7283
1681054339.4710379 4230.50 7289
1681054339.4727247 4230.62 7296
1681054339.4740844 4230.74 7304
1681054339.4754071 4230.86 7308
1681054339.4767125 4230.86 7308
1681054339.4780374 4230.86 7308
1681054339.4794374 4230.86 7308
1681054339.4811342 4230.86 7308
1681054339.4827647 4230.86 7308
1681054339.4840982 4230.86 7308
1681054339.4854348 4230.86 7308
1681054339.486759 4230.86 7308
1681054339.4880755 4230.86 7308
1681054339.489343 4230.86 7308
1681054339.556369 4230.86 7308
1681054339.5577974 4230.86 7308
1681054339.5591376 4230.86 7308
1681054339.5605774 4230.86 7308
1681054339.5622277 4230.86 7308
1681054339.5636003 4230.86 7308
1681054339.5649586 4230.86 7308
1681054339.566303 4230.86 7308
1681054339.5676115 4230.86 7308
1681054339.5689209 4230.86 7308
1681054339.570238 4230.86 7308
1681054339.571883 4230.86 7308
1681054339.5733764 4230.86 7308
1681054339.640346 4230.86 7308
1681054339.6417654 4230.86 7308
1681054339.643495 4230.86 7308
1681054339.6449907 4230.86 7308
1681054339.646353 4230.86 7308
1681054339.647671 4230.86 7308
1681054339.6489606 4230.86 7308
1681054339.6502655 4230.86 7308
1681054339.6515732 4230.86 7308
1681054339.6528435 4230.86 7308
1681054339.6544166 4230.86 7308
1681054339.655928 4230.86 7308
1681054339.6573162 4230.86 7308
1681054339.723738 4230.86 7308
1681054339.7255626 4230.86 7308
1681054339.7270813 4230.86 7308
1681054339.7284946 4230.86 7308
1681054339.7298713 4230.86 7308
1681054339.731193 4230.86 7308
1681054339.732498 4230.86 7308
1681054339.7338188 4230.86 7308
1681054339.7353508 4230.86 7308
1681054339.7369444 4230.86 7308
1681054339.738683 4230.86 7308
1681054339.7400758 4230.86 7308
1681054339.7415268 4230.86 7308
1681054339.7428434 4230.86 7308
1681054339.809008 4230.86 7308
1681054339.810547 4230.86 7308
1681054339.8120036 4230.86 7308
1681054339.8133936 4230.90 7647
1681054339.8147461 4230.90 7647
1681054339.81612 4230.90 7647
1681054339.8175035 4230.90 7647
1681054339.818839 4230.90 7647
1681054339.820068 4230.90 7647
1681054339.8214421 4230.90 7647
1681054339.8227863 4230.90 7647
1681054339.8240192 4230.90 7647
1681054339.8252609 4230.90 7647
1681054339.8924384 4230.90 7647
1681054339.894062 4230.90 7647
1681054339.8954027 4230.90 7647
1681054339.8968282 4230.90 7647
1681054339.8982143 4230.90 7647
1681054339.8995404 4230.90 7647
1681054339.9008458 4230.90 7647
1681054339.9021766 4230.90 7647
1681054339.9034877 4230.90 7647
1681054339.9048944 4230.90 7647
1681054339.9062324 4230.90 7647
1681054339.907552 4230.90 7647
1681054339.908849 4230.90 7647
1681054339.9101272 4230.90 7647
1681054339.9776816 4230.90 7647
1681054339.9790342 4230.90 7647
1681054339.9802616 4230.90 7647
1681054339.9814928 4230.90 7647
1681054339.9827049 4230.90 7647
1681054339.9839091 4230.90 7647
1681054339.9851205 4230.90 7647
1681054339.9864018 4230.90 7647
1681054339.9877563 4230.90 7647
1681054339.9890265 4230.90 7647
1681054339.990438 4230.90 7647
1681054339.9918387 4230.90 7647
1681054339.993067 4230.90 7647
1681054340.0617657 4230.90 7647
1681054340.063205 4230.90 7647
1681054340.0645914 4230.90 7647
1681054340.066002 4230.90 7647
1681054340.067394 4230.90 7647
1681054340.0687578 4230.90 7647
1681054340.0701485 4230.90 7647
1681054340.0717225 4230.90 7647
1681054340.0730944 4230.90 7647
1681054340.074516 4230.90 7647
1681054340.075819 4230.90 7647
1681054340.0772045 4230.90 7647
1681054340.0786138 4230.90 7647
1681054340.1453764 4230.90 7647
1681054340.1471524 4230.90 7647
1681054340.1487 4230.90 7647
1681054340.1500978 4230.90 7647
1681054340.1514924 4230.90 7647
1681054340.152985 4230.90 7647
1681054340.1544483 4230.90 7647
1681054340.155827 4230.90 7647
1681054340.1571991 4230.90 7647
1681054340.1585662 4230.90 7647
1681054340.15996 4230.90 7647
1681054340.161369 4230.90 7647
1681054340.1627538 4230.90 7647
1681054340.1641142 4230.90 7647
1681054340.2304416 4230.90 7647
1681054340.231854 4230.90 7647
1681054340.2332337 4230.90 7647
1681054340.2346413 4230.90 7647
1681054340.235996 4230.90 7647
1681054340.2374005 4230.90 7647
1681054340.2387676 4230.90 7647
1681054340.2401035 4230.90 7647
1681054340.241479 4230.90 7647
1681054340.242831 4230.90 7647
1681054340.2441275 4230.90 7647
1681054340.245379 4230.90 7647
1681054340.2466168 4230.90 7647
1681054340.3137233 4230.90 7647
1681054340.3146114 4230.90 7647
1681054340.315398 4230.90 7647
1681054340.3162553 4230.90 7647
1681054340.3169966 4230.90 7647
1681054340.31779 4230.90 7647
1681054340.3184838 4230.90 7647
1681054340.319167 4230.90 7647
1681054340.319849 4230.90 7647
1681054340.3206518 4230.90 7647
1681054340.3214524 4230.90 7647
1681054340.3221512 4230.90 7647
1681054340.322841 4230.90 7647
1681054340.3235257 4230.90 7647
1681054340.3992138 4230.90 7647
1681054340.4006279 4230.90 7647
1681054340.4019926 4230.90 7647
1681054340.4033136 4230.90 7647
1681054340.4049442 4230.90 7647
1681054340.406346 4230.90 7647
1681054340.407667 4230.90 7647
1681054340.4089825 4230.90 7647
1681054340.4103165 4230.90 7647
1681054340.4116235 4230.90 7647
1681054340.4128253 4230.90 7647
1681054340.4143293 4230.90 7647
1681054340.4157748 4230.90 7647
1681054340.4832697 4230.90 7647
1681054340.4847775 4230.90 7647
1681054340.4862766 4230.90 7647
1681054340.4880774 4230.90 7647
1681054340.489631 4230.90 7647
1681054340.4910808 4230.90 7647
1681054340.4925392 4230.90 7647
1681054340.4941947 4230.90 7647
1681054340.4958224 4230.90 7647
1681054340.4971423 4230.90 7647
1681054340.4984827 4230.90 7647
1681054340.4997966 4230.90 7647
1681054340.5011039 4230.90 7647
1681054340.5665944 4230.90 7647
1681054340.5684168 4230.90 7647
1681054340.5699236 4230.90 7647
1681054340.5716233 4230.90 7647
1681054340.5729973 4230.90 7647
1681054340.5743346 4230.90 7647
1681054340.575648 4230.90 7647
1681054340.5769522 4230.90 7647
1681054340.5782762 4230.90 7647
1681054340.579583 4230.90 7647
1681054340.5811148 4230.90 7647
1681054340.5826511 4230.90 7647
1681054340.5839775 4230.90 7647
1681054340.5852911 4230.90 7647
1681054340.651911 4230.90 7647
1681054340.6532774 4230.90 7647
1681054340.6546319 4230.90 7647
1681054340.6559315 4230.90 7647
1681054340.6572278 4230.90 7647
1681054340.658546 4230.90 7647
1681054340.6598449 4230.90 7647
1681054340.6612568 4230.90 7647
1681054340.662624 4230.90 7647
1681054340.6639352 4230.90 7647
1681054340.6652396 4230.90 7647
1681054340.6665132 4230.90 7647
1681054340.6677122 4230.90 7647
1681054340.7353513 4230.90 7647
1681054340.7368898 4230.90 7647
1681054340.7382624 4230.90 7647
1681054340.7395802 4230.90 7647
1681054340.7408748 4230.90 7647
1681054340.7421923 4230.90 7647
1681054340.7435014 4230.90 7647
1681054340.7448018 4230.90 7647
1681054340.7461154 4230.90 7647
1681054340.7473433 4230.90 7647
1681054340.74853 4230.90 7647
1681054340.7497356 4230.90 7647
1681054340.750928 4230.90 7647
1681054340.7521124 4230.90 7647
1681054340.8206863 4230.90 7647
1681054340.8222466 4230.90 7647
1681054340.8235905 4230.90 7647
1681054340.824975 4230.90 7647
1681054340.826448 4230.90 7647
1681054340.8277898 4230.90 7647
1681054340.8291008 4230.90 7647
1681054340.8304582 4230.90 7647
1681054340.8317657 4230.90 7647
1681054340.83306 4230.90 7647
1681054340.8343985 4230.90 7647
1681054340.8357065 4230.90 7647
1681054340.8370976 4230.90 7647
1681054340.9041033 4230.90 7647
1681054340.9057004 4230.90 7647
1681054340.90705 4230.90 7647
1681054340.9083657 4230.90 7647
1681054340.9097116 4230.90 7647
1681054340.9110384 4230.90 7647
1681054340.9123714 4230.90 7647
1681054340.913716 4230.90 7647
1681054340.9150307 4230.90 7647
1681054340.916333 4230.90 7647
1681054340.9175909 4230.90 7647
1681054340.918814 4230.90 7647
1681054340.9200253 4230.90 7647
1681054340.988104 4230.90 7647
1681054340.9897354 4230.90 7647
1681054340.9912596 4230.90 7647
1681054340.992692 4230.90 7647
1681054340.9940321 4230.90 7647
1681054340.9952428 4230.90 7647
1681054340.9965324 4230.90 7647
1681054340.9978573 4230.90 7647
1681054340.9990973 4230.90 7647
1681054341.0003102 4230.90 7647
1681054341.0015378 4230.90 7647
1681054341.0027537 4230.90 7647
1681054341.0040119 4230.90 7647
1681054341.005246 4230.90 7647
1681054341.0733953 4230.90 7647
1681054341.0749717 4230.90 7647
1681054341.0763588 4230.90 7647
1681054341.0777028 4230.90 7647
1681054341.0790439 4230.90 7647
1681054341.0803661 4230.90 7647
1681054341.0817575 4230.90 7647
1681054341.083075 4230.90 7647
1681054341.0843728 4230.90 7647
1681054341.0856042 4230.90 7647
1681054341.0868983 4230.90 7647
1681054341.0881608 4230.90 7647
1681054341.089444 4230.90 7647
1681054341.156631 4230.90 7647
1681054341.1573548 4230.90 7647
1681054341.158086 4230.90 7647
1681054341.158756 4230.90 7647
1681054341.1594126 4230.90 7647
1681054341.1600626 4230.90 7647
1681054341.1607108 4230.90 7647
1681054341.1613686 4230.90 7647
1681054341.162189 4230.90 7647
1681054341.1628594 4230.90 7647
1681054341.1635125 4230.90 7647
1681054341.1641695 4230.90 7647
1681054341.1648293 4230.90 7647
1681054341.1655023 4230.90 7647
1681054341.2424626 4230.90 7647
1681054341.244415 4230.90 7647
1681054341.2462628 4230.90 7647
1681054341.2485943 4230.90 7647
1681054341.250435 4230.90 7647
1681054341.252231 4230.90 7647
1681054341.2543774 4230.90 7647
1681054341.2565584 4230.90 7647
1681054341.2588472 4230.90 7647
1681054341.2607038 4230.90 7647
1681054341.262482 4230.90 7647
1681054341.2641969 4230.90 7647
1681054341.265954 4230.90 7647
1681054341.325645 4230.90 7647
1681054341.327612 4230.90 7647
1681054341.3293445 4230.90 7647
1681054341.3312018 4230.90 7647
1681054341.3328776 4230.90 7647
1681054341.334684 4230.90 7647
1681054341.3364673 4230.90 7647
1681054341.3389888 4230.90 7647
1681054341.3409235 4230.90 7647
1681054341.343131 4230.90 7647
1681054341.3449318 4230.90 7647
1681054341.346855 4230.90 7647
1681054341.3490217 4230.90 7647
1681054341.4094472 4230.90 7647
1681054341.411218 4230.90 7647
1681054341.4123836 4230.90 7647
1681054341.4135337 4230.90 7647
1681054341.4146805 4230.90 7647
1681054341.4157999 4230.90 7647
1681054341.4175642 4230.90 7647
1681054341.4188015 4230.90 7647
1681054341.4200215 4230.90 7647
1681054341.4212549 4230.90 7647
1681054341.4225187 4230.90 7647
1681054341.4234753 4230.90 7647
1681054341.4246957 4230.90 7647
1681054341.42569 4230.90 7647
1681054341.4946265 4230.90 7647
1681054341.4960713 4230.90 7647
1681054341.4981248 4230.90 7647
1681054341.4994094 4230.90 7647
1681054341.5006618 4230.90 7647
1681054341.5019372 4230.90 7647
1681054341.503273 4230.90 7647
1681054341.505448 4230.90 7647
1681054341.5067344 4230.90 7647
1681054341.5079796 4230.90 7647
1681054341.5092385 4230.90 7647
1681054341.5106404 4230.90 7647
1681054341.5125506 4230.90 7647
1681054341.578298 4230.90 7647
1681054341.5798922 4230.90 7647
1681054341.5811822 4230.90 7647
1681054341.582506 4230.90 7647
1681054341.5838146 4230.90 7647
1681054341.5851796 4230.90 7647
1681054341.5865026 4230.90 7647
1681054341.5877783 4230.90 7647
1681054341.5891235 4230.90 7647
1681054341.590414 4230.90 7647
1681054341.5916636 4230.90 7647
1681054341.5929096 4230.90 7647
1681054341.5942073 4230.90 7647
1681054341.5954528 4230.90 7647
1681054341.6634188 4230.90 7647
1681054341.6648247 4230.90 7647
1681054341.6662555 4230.90 7647
1681054341.6676748 4230.90 7647
1681054341.6690338 4230.90 7647
1681054341.6704638 4230.90 7647
1681054341.6718087 4230.90 7647
1681054341.6730475 4230.90 7647
1681054341.6743412 4230.90 7647
1681054341.6755884 4230.90 7647
1681054341.676826 4230.90 7647
1681054341.6781194 4230.90 7647
1681054341.6794038 4230.90 7647
1681054341.7469215 4230.90 7647
1681054341.748636 4230.90 7647
1681054341.750091 4230.90 7647
1681054341.751487 4230.90 7647
1681054341.7528477 4230.90 7647
1681054341.7542644 4230.90 7647
1681054341.7556129 4230.90 7647
1681054341.7569544 4230.90 7647
1681054341.758343 4230.90 7647
1681054341.7596936 4230.90 7647
1681054341.7610562 4230.90 7647
1681054341.7624555 4230.90 7647
1681054341.7637968 4230.90 7647
1681054341.830952 4230.90 7647
1681054341.832461 4230.90 7647
1681054341.833868 4230.90 7647
1681054341.835628 4230.90 7647
1681054341.837912 4230.90 7647
1681054341.839877 4230.90 7647
1681054341.8412695 4230.90 7647
1681054341.842678 4230.90 7647
1681054341.8439987 4230.90 7647
1681054341.8452604 4230.90 7647
1681054341.8465402 4230.90 7647
1681054341.8477745 4230.90 7647
1681054341.8490016 4230.90 7647
1681054341.8502603 4230.90 7647
1681054341.9162211 4230.90 7647
1681054341.917684 4230.90 7647
1681054341.919087 4230.90 7647
1681054341.9204464 4230.90 7647
1681054341.9218206 4230.90 7647
1681054341.9231486 4230.90 7647
1681054341.9244883 4230.90 7647
1681054341.9257817 4230.90 7647
1681054341.9270678 4230.90 7647
1681054341.928288 4230.90 7647
1681054341.92952 4230.90 7647
1681054341.9307456 4230.90 7647
1681054341.9319603 4230.90 7647
1681054341.9996932 4230.90 7647
1681054342.0014648 4230.90 7647
1681054342.0030901 4230.90 7647
1681054342.0048473 4230.90 7647
1681054342.0063572 4230.90 7647
1681054342.007793 4230.90 7647
1681054342.0091143 4230.90 7647
1681054342.0105906 4230.90 7647
1681054342.0119066 4230.90 7647
1681054342.0132174 4230.90 7647
1681054342.014552 4230.90 7647
1681054342.0158682 4230.90 7647
1681054342.01718 4230.90 7647
1681054342.0185204 4230.90 7647
1681054342.0854404 4230.90 7647
1681054342.0878177 4230.90 7647
1681054342.090101 4230.90 7647
1681054342.092361 4230.90 7647
1681054342.0946248 4230.90 7647
1681054342.0968556 4230.90 7647
1681054342.098983 4230.90 7647
1681054342.100805 4230.90 7647
1681054342.103426 4230.90 7647
1681054342.106022 4230.90 7647
1681054342.1086934 4230.90 7647
1681054342.111436 4230.90 7647
1681054342.1142125 4230.90 7647
1681054342.1686568 4230.90 7647
1681054342.171799 4230.90 7647
1681054342.1746914 4230.90 7647
1681054342.177593 4230.90 7647
1681054342.1804788 4230.90 7647
