1681054460.2335472 0.00 0
1681054460.3540888 0.00 0
1681054460.3554845 0.00 0
1681054460.3568223 0.00 0
1681054460.3581302 0.00 0
1681054460.3595765 0.00 0
1681054460.3608193 0.00 0
1681054460.3620725 0.00 0
1681054460.3632736 0.00 0
1681054460.3645973 0.00 0
1681054460.3658886 0.00 0
1681054460.367097 0.00 0
1681054460.3682957 0.00 0
1681054460.3696482 0.00 0
1681054460.370916 0.00 0
1681054460.3720489 0.00 0
1681054460.3732674 0.00 0
1681054460.4372911 0.28 122
1681054460.4388518 3.54 129
1681054460.4401577 7.92 134
1681054460.4413664 11.82 139
1681054460.442563 15.40 145
1681054460.4437447 19.34 150
1681054460.4449198 25.05 156
1681054460.4461174 30.68 161
1681054460.447291 37.56 167
1681054460.4485414 43.67 173
1681054460.4497669 48.98 179
1681054460.450956 55.77 184
1681054460.4522321 62.69 190
1681054460.4534607 69.73 195
1681054460.454635 76.68 201
1681054460.5215883 83.60 206
1681054460.5232422 90.36 212
1681054460.5246365 97.31 218
1681054460.52602 104.35 224
1681054460.5272577 111.51 229
1681054460.5286613 118.67 235
1681054460.5299428 125.83 241
1681054460.531174 132.78 246
1681054460.5324376 140.06 252
1681054460.5336952 147.26 259
1681054460.5349243 154.49 264
1681054460.5361419 161.73 270
1681054460.5373845 168.81 276
1681054460.5386276 175.48 281
1681054460.5398638 179.87 287
1681054460.6060147 183.85 293
1681054460.6078072 187.75 299
1681054460.6092336 191.93 305
1681054460.6109467 196.03 311
1681054460.6124978 200.57 316
1681054460.613866 205.03 322
1681054460.6151483 211.31 327
1681054460.6164205 218.02 333
1681054460.6177068 224.62 339
1681054460.618979 230.85 345
1681054460.6205943 235.27 351
1681054460.622244 239.37 357
1681054460.6238983 243.27 362
1681054460.6254373 247.29 368
1681054460.6267643 252.80 374
1681054460.6911147 260.00 379
1681054460.692458 267.16 386
1681054460.6937816 274.24 392
1681054460.6950707 280.95 397
1681054460.6963441 287.47 403
1681054460.6978784 292.46 408
1681054460.6994064 297.73 414
1681054460.7007134 304.57 420
1681054460.70193 309.35 425
1681054460.7030997 313.09 432
1681054460.7042773 317.03 438
1681054460.705848 320.90 443
1681054460.7074118 325.24 449
1681054460.7086244 329.91 455
1681054460.7746234 336.50 460
1681054460.776231 341.25 466
1681054460.7777574 345.23 473
1681054460.7790527 349.01 478
1681054460.780476 352.87 484
1681054460.7818093 356.61 489
1681054460.783078 361.12 495
1681054460.784341 368.24 501
1681054460.7856169 374.51 506
1681054460.7870715 379.38 513
1681054460.7883139 384.33 519
1681054460.7895083 388.31 524
1681054460.7906957 392.21 530
1681054460.7919369 398.36 536
1681054460.7931883 402.22 541
1681054460.8596172 406.01 547
1681054460.8610668 409.95 553
1681054460.8624423 413.73 559
1681054460.863733 419.16 565
1681054460.8650181 424.79 570
1681054460.8663135 428.81 576
1681054460.8675838 432.59 582
1681054460.8689833 436.41 587
1681054460.8704023 440.19 593
1681054460.871616 443.98 600
1681054460.8728013 450.65 605
1681054460.8740234 455.40 611
1681054460.8752906 459.10 617
1681054460.8765056 463.36 622
1681054460.9429336 467.18 628
1681054460.944393 471.29 634
1681054460.9457355 476.43 640
1681054460.9470258 480.22 646
1681054460.9484055 484.20 652
1681054460.9496434 488.38 657
1681054460.9508212 493.53 663
1681054460.9519854 497.99 668
1681054460.9531503 501.90 674
1681054460.954348 505.64 680
1681054460.9555144 509.42 686
1681054460.9566865 513.20 692
1681054460.9578729 517.38 698
1681054460.95904 523.49 703
1681054460.960206 527.24 709
1681054461.0276334 531.02 715
1681054461.0294805 534.92 720
1681054461.0310142 538.66 727
1681054461.0325181 543.61 733
1681054461.0338964 547.43 738
1681054461.0353854 551.41 744
1681054461.0367596 555.59 749
1681054461.0382645 560.42 755
1681054461.0396369 564.88 761
1681054461.0409687 568.66 766
1681054461.0423522 572.44 773
1681054461.0435688 576.23 779
1681054461.0447412 579.97 784
1681054461.0459526 585.20 790
1681054461.0471203 589.58 796
1681054461.112699 593.28 801
1681054461.1140296 597.06 807
1681054461.1152465 600.80 814
1681054461.1164298 604.70 819
1681054461.1173697 608.60 825
1681054461.1182377 612.35 830
1681054461.119099 617.09 836
1681054461.1199474 621.68 842
1681054461.1208138 625.66 847
1681054461.1217163 629.48 854
1681054461.1224482 633.18 860
1681054461.1231358 636.96 865
1681054461.1238062 640.66 871
1681054461.1244671 644.97 877
1681054461.1959763 649.11 882
1681054461.1976247 652.89 888
1681054461.1990106 656.71 894
1681054461.2002861 660.45 900
1681054461.2016551 664.27 906
1681054461.20297 668.09 911
1681054461.2042313 671.79 917
1681054461.2055132 676.58 923
1681054461.2067218 680.92 928
1681054461.2079313 684.70 934
1681054461.2091198 688.45 941
1681054461.210339 692.19 946
1681054461.2115571 695.93 952
1681054461.2127738 699.67 958
1681054461.2140021 704.17 963
1681054461.2810972 707.87 969
1681054461.2825937 711.65 975
1681054461.283938 715.39 980
1681054461.2852397 719.14 987
1681054461.2865963 722.92 993
1681054461.2878425 726.66 998
1681054461.2891314 730.84 1004
1681054461.290407 735.67 1010
1681054461.29165 739.77 1016
1681054461.2928765 743.79 1022
1681054461.2941368 747.69 1029
1681054461.2953765 751.63 1035
1681054461.2966037 755.58 1041
1681054461.2978504 760.32 1047
1681054461.3654358 765.91 1053
1681054461.3667848 770.18 1059
1681054461.36816 775.69 1065
1681054461.3695705 780.27 1072
1681054461.3709202 785.86 1078
1681054461.372183 790.49 1084
1681054461.373502 795.64 1090
1681054461.3747742 801.19 1096
1681054461.3760192 806.01 1102
1681054461.377256 811.93 1108
1681054461.3785603 816.27 1115
1681054461.3798058 820.98 1121
1681054461.3810768 824.96 1127
1681054461.3825028 829.79 1132
1681054461.449974 835.02 1138
1681054461.4514246 839.72 1144
1681054461.452668 845.47 1150
1681054461.453937 852.39 1157
1681054461.4554837 858.67 1163
1681054461.4573545 864.34 1169
1681054461.4586375 870.73 1175
1681054461.460306 878.05 1181
1681054461.4616287 885.37 1187
1681054461.4628756 892.61 1193
1681054461.4641457 899.85 1200
1681054461.465399 906.53 1206
1681054461.4666193 913.69 1212
1681054461.5330305 920.45 1218
1681054461.5345333 927.73 1224
1681054461.535761 934.36 1230
1681054461.5369723 940.04 1236
1681054461.5382264 945.71 1243
1681054461.5395257 951.50 1249
1681054461.5407522 957.81 1255
1681054461.5419712 965.13 1261
1681054461.543161 972.29 1267
1681054461.5443773 979.65 1273
1681054461.5455894 986.53 1280
1681054461.5467865 993.53 1286
1681054461.5479982 1000.37 1292
1681054461.549212 1007.49 1298
1681054461.6176147 1014.81 1304
1681054461.6193354 1019.84 1311
1681054461.6210375 1026.77 1317
1681054461.6225433 1033.74 1324
1681054461.6239433 1041.53 1330
1681054461.6253119 1049.12 1336
1681054461.6267393 1056.59 1342
1681054461.6281214 1063.78 1348
1681054461.6295516 1070.89 1354
1681054461.6309488 1077.83 1361
1681054461.632324 1084.90 1368
1681054461.6337354 1090.65 1374
1681054461.6352627 1097.71 1380
1681054461.636589 1104.74 1386
1681054461.7029433 1112.29 1392
1681054461.7044601 1119.60 1398
1681054461.705929 1126.83 1405
1681054461.707353 1133.94 1412
1681054461.7086825 1140.97 1418
1681054461.710158 1148.24 1424
1681054461.711489 1155.51 1430
1681054461.7127771 1161.01 1436
1681054461.7141812 1168.60 1443
1681054461.715709 1175.59 1449
1681054461.7170184 1182.82 1456
1681054461.7184098 1190.13 1462
1681054461.7197917 1197.03 1468
1681054461.7868593 1203.98 1474
1681054461.7883925 1211.01 1480
1681054461.7899446 1218.16 1486
1681054461.7913697 1222.25 1494
1681054461.792753 1226.27 1500
1681054461.7940552 1230.29 1506
1681054461.795526 1234.26 1512
1681054461.7968798 1238.32 1518
1681054461.7984543 1242.33 1524
1681054461.7999184 1246.27 1530
1681054461.8013408 1250.33 1538
1681054461.802744 1254.34 1544
1681054461.8040185 1260.09 1550
1681054461.8702507 1265.15 1556
1681054461.8720613 1271.41 1562
1681054461.873535 1277.80 1568
1681054461.8749378 1285.07 1574
1681054461.8763378 1289.73 1582
1681054461.877728 1293.66 1588
1681054461.879112 1297.72 1594
1681054461.880582 1301.73 1600
1681054461.8819928 1306.47 1606
1681054461.883272 1312.22 1612
1681054461.8845544 1317.96 1619
1681054461.8859696 1323.82 1626
1681054461.8872285 1331.45 1632
1681054461.8885877 1336.43 1638
1681054461.9556515 1340.41 1644
1681054461.9570954 1344.42 1650
1681054461.9585524 1348.48 1656
1681054461.9599462 1352.50 1662
1681054461.961411 1359.16 1670
1681054461.9628189 1364.51 1676
1681054461.9642239 1370.85 1682
1681054461.9656641 1378.08 1688
1681054461.9669375 1383.46 1694
1681054461.968187 1387.48 1700
1681054461.969484 1391.45 1707
1681054461.9707754 1395.51 1714
1681054461.972039 1399.53 1720
1681054462.0389645 1405.79 1726
1681054462.0406625 1410.53 1732
1681054462.0421138 1416.59 1738
1681054462.0435553 1423.42 1744
1681054462.044944 1429.16 1751
1681054462.0464466 1433.18 1758
1681054462.0486112 1437.12 1764
1681054462.0504324 1441.17 1770
1681054462.0519218 1445.19 1776
1681054462.053334 1451.53 1782
1681054462.054703 1456.23 1788
1681054462.0560644 1462.30 1795
1681054462.0573783 1469.04 1802
1681054462.058639 1474.47 1808
1681054462.1241913 1478.48 1814
1681054462.1255622 1482.46 1820
1681054462.1270897 1486.51 1826
1681054462.1285508 1490.53 1832
1681054462.1298604 1496.92 1839
1681054462.1315196 1501.98 1846
1681054462.1332045 1507.80 1852
1681054462.1350088 1514.47 1858
1681054462.136523 1519.77 1864
1681054462.138215 1523.78 1870
1681054462.1398966 1527.72 1876
1681054462.1413705 1531.78 1883
1681054462.1428816 1535.79 1890
1681054462.2077343 1541.86 1896
1681054462.2094595 1546.52 1902
1681054462.2108994 1551.86 1908
1681054462.2122805 1558.60 1914
1681054462.2137232 1563.18 1921
1681054462.2151449 1567.20 1927
1681054462.2165005 1571.17 1934
1681054462.2178895 1575.19 1940
1681054462.2191534 1579.45 1946
1681054462.2204378 1584.83 1952
1681054462.2217257 1590.05 1958
1681054462.22301 1595.27 1965
1681054462.2242644 1602.42 1971
1681054462.2917159 1606.48 1978
1681054462.2935345 1610.45 1984
1681054462.2949889 1614.47 1990
1681054462.2964466 1618.52 1996
1681054462.2978165 1623.46 2002
1681054462.2992122 1628.64 2009
1681054462.3007085 1634.43 2015
1681054462.302049 1640.13 2022
1681054462.3033597 1646.32 2028
1681054462.3046257 1650.41 2034
1681054462.3059278 1654.39 2040
1681054462.3071868 1658.40 2046
1681054462.3084881 1662.46 2053
1681054462.3097997 1668.24 2059
1681054462.3769917 1672.98 2066
1681054462.3785012 1678.77 2072
1681054462.379889 1684.27 2078
1681054462.3813703 1690.53 2084
1681054462.3828497 1694.55 2091
1681054462.3842509 1698.53 2097
1681054462.3856444 1702.54 2103
1681054462.387045 1706.56 2110
1681054462.3884335 1712.70 2116
1681054462.3897424 1717.28 2122
1681054462.3910456 1723.83 2128
1681054462.39236 1729.97 2135
1681054462.3936496 1735.39 2141
1681054462.4604714 1739.41 2147
1681054462.462125 1743.39 2154
1681054462.4635508 1747.40 2160
1681054462.465405 1751.46 2166
1681054462.466852 1757.64 2172
1681054462.4682024 1762.30 2179
1681054462.4695044 1768.20 2185
1681054462.4707956 1774.59 2191
1681054462.4720623 1779.85 2198
1681054462.4733653 1783.87 2204
1681054462.4746296 1787.84 2210
1681054462.475878 1791.86 2216
1681054462.4771333 1795.88 2223
1681054462.4784374 1802.18 2229
1681054462.5459087 1806.88 2235
1681054462.547799 1812.34 2242
1681054462.549831 1819.25 2248
1681054462.5512428 1824.07 2254
1681054462.552667 1828.09 2260
1681054462.554066 1832.06 2267
1681054462.5554557 1836.12 2273
1681054462.5568182 1840.13 2279
1681054462.5581982 1846.44 2286
1681054462.5595224 1851.38 2292
1681054462.5607793 1856.72 2298
1681054462.562059 1863.83 2305
1681054462.5633383 1868.13 2311
1681054462.6290815 1872.10 2317
1681054462.630784 1876.12 2323
1681054462.6322024 1880.17 2330
1681054462.6336386 1884.79 2336
1681054462.6349528 1890.25 2342
1681054462.6362092 1895.92 2349
1681054462.6375148 1901.26 2355
1681054462.6387885 1907.56 2361
1681054462.6401625 1911.58 2367
1681054462.6417015 1915.56 2374
1681054462.642995 1919.57 2380
1681054462.644262 1923.63 2386
1681054462.645579 1929.13 2393
1681054462.7131305 1933.35 2399
1681054462.715105 1938.49 2405
1681054462.7166116 1944.59 2411
1681054462.71805 1948.93 2418
1681054462.7194645 1952.99 2424
1681054462.7208612 1956.92 2430
1681054462.7226062 1960.98 2437
1681054462.7240303 1965.24 2443
1681054462.725442 1970.62 2449
1681054462.7268472 1976.36 2455
1681054462.7281122 1981.10 2462
1681054462.729414 1986.92 2468
1681054462.7309096 1990.98 2475
1681054462.7327392 1994.95 2481
1681054462.7985802 1998.97 2487
1681054462.8001654 2003.03 2493
1681054462.8017383 2008.73 2499
1681054462.8036764 2013.11 2506
1681054462.8051999 2017.93 2512
1681054462.8067458 2024.27 2519
1681054462.8082323 2028.41 2525
1681054462.8097367 2032.38 2531
1681054462.8111975 2036.40 2537
1681054462.81257 2040.46 2543
1681054462.8140657 2045.32 2550
1681054462.8157215 2050.10 2556
1681054462.8170938 2055.66 2563
1681054462.8818653 2060.98 2569
1681054462.8834832 2066.18 2575
1681054462.8848112 2070.20 2581
1681054462.886346 2074.19 2587
1681054462.8877983 2078.26 2594
1681054462.889084 2082.29 2600
1681054462.890416 2087.69 2607
1681054462.8916805 2092.52 2613
1681054462.8929389 2097.11 2619
1681054462.8942149 2103.20 2625
1681054462.8955176 2107.26 2631
1681054462.8967938 2111.25 2638
1681054462.8980958 2115.28 2644
1681054462.8996391 2119.35 2651
1681054462.9672463 2124.63 2657
1681054462.9688327 2128.82 2663
1681054462.9703767 2133.33 2669
1681054462.9721248 2139.13 2675
1681054462.9735723 2143.16 2682
1681054462.9749653 2147.10 2689
1681054462.9763494 2151.17 2695
1681054462.977755 2155.20 2701
1681054462.9791312 2160.24 2707
1681054462.9805422 2164.71 2713
1681054462.981948 2169.26 2719
1681054462.9833496 2174.46 2726
1681054462.9847255 2179.25 2733
1681054463.0506523 2183.28 2739
1681054463.0522373 2187.31 2745
1681054463.0535698 2191.38 2751
1681054463.054859 2195.40 2757
1681054463.0561297 2201.00 2763
1681054463.057433 2205.60 2770
1681054463.058702 2210.27 2777
1681054463.0599608 2216.11 2783
1681054463.0612338 2220.18 2789
1681054463.0626771 2224.17 2795
1681054463.0645428 2228.19 2801
1681054463.0663433 2232.26 2807
1681054463.0677214 2237.54 2814
1681054463.1346486 2241.97 2821
1681054463.136307 2247.01 2827
1681054463.1377237 2253.25 2833
1681054463.1390786 2257.40 2839
1681054463.140408 2261.43 2845
1681054463.141713 2265.42 2851
1681054463.1429896 2269.48 2859
1681054463.1442912 2274.20 2865
1681054463.1455564 2279.19 2871
1681054463.1469355 2284.67 2877
1681054463.148269 2289.91 2883
1681054463.149534 2295.27 2889
1681054463.150774 2299.33 2895
1681054463.152016 2303.28 2903
1681054463.2198107 2307.35 2909
1681054463.2211924 2311.38 2915
1681054463.2226174 2317.02 2921
1681054463.2242005 2321.61 2927
1681054463.2257745 2326.73 2933
1681054463.2271264 2333.45 2939
1681054463.2284515 2337.85 2947
1681054463.2298472 2341.87 2953
1681054463.231398 2345.86 2959
1681054463.2327292 2349.93 2965
1681054463.2341027 2354.20 2971
1681054463.2354305 2359.76 2977
1681054463.236783 2365.28 2983
1681054463.3033257 2370.51 2991
1681054463.305188 2376.84 2997
1681054463.3066535 2380.87 3003
1681054463.308008 2384.86 3009
1681054463.3094132 2388.88 3015
1681054463.3108418 2392.95 3021
1681054463.3121767 2397.99 3027
1681054463.3136039 2403.14 3035
1681054463.3151424 2409.19 3041
1681054463.316434 2414.42 3047
1681054463.3177862 2420.26 3053
1681054463.3191125 2424.33 3059
1681054463.320379 2428.32 3065
1681054463.321655 2432.35 3072
1681054463.3884873 2436.42 3079
1681054463.3899503 2442.06 3085
1681054463.3919253 2446.49 3091
1681054463.394356 2452.33 3097
1681054463.3963847 2458.09 3103
1681054463.3978527 2463.69 3109
1681054463.3992107 2467.72 3116
1681054463.400452 2471.71 3123
1681054463.4017086 2475.77 3129
1681054463.4029408 2479.80 3135
1681054463.4042199 2485.81 3141
1681054463.4054656 2490.60 3147
1681054463.4066935 2496.12 3153
1681054463.471995 2502.80 3160
1681054463.473854 2507.60 3167
1681054463.4751687 2511.63 3173
1681054463.4764712 2515.66 3179
1681054463.4777563 2519.72 3185
1681054463.4790285 2523.75 3191
1681054463.4803174 2529.92 3197
1681054463.4815967 2535.19 3204
1681054463.4828496 2540.71 3211
1681054463.4840991 2547.80 3217
1681054463.4853876 2552.07 3223
1681054463.4866369 2556.06 3229
1681054463.487885 2560.09 3235
1681054463.4891644 2564.16 3241
1681054463.5573757 2568.87 3248
1681054463.5587978 2573.90 3255
1681054463.5603678 2579.22 3261
1681054463.5618386 2584.34 3267
1681054463.5631847 2589.82 3273
1681054463.564519 2593.89 3279
1681054463.5659137 2597.91 3286
1681054463.567242 2601.98 3292
1681054463.568525 2606.01 3299
1681054463.569813 2611.65 3305
1681054463.571076 2616.16 3311
1681054463.5723548 2621.60 3317
1681054463.5736222 2628.05 3323
1681054463.6414113 2632.44 3330
1681054463.6428351 2636.46 3336
1681054463.6442037 2640.53 3343
1681054463.6456058 2644.60 3349
1681054463.647213 2649.03 3355
1681054463.648614 2654.55 3361
1681054463.65003 2660.39 3367
1681054463.651523 2665.63 3374
1681054463.6529937 2671.63 3380
1681054463.654422 2675.70 3387
1681054463.6557105 2679.69 3393
1681054463.6569605 2683.76 3399
1681054463.658423 2687.79 3405
1681054463.7247612 2693.42 3411
1681054463.7264977 2697.86 3418
1681054463.727889 2703.86 3424
1681054463.7295778 2709.62 3431
1681054463.7311292 2714.29 3437
1681054463.7325513 2718.36 3443
1681054463.7339416 2722.35 3449
1681054463.7354379 2726.42 3456
1681054463.7367291 2730.45 3462
1681054463.7380402 2736.08 3468
1681054463.7393286 2741.16 3475
1681054463.7405841 2746.12 3481
1681054463.7420003 2752.84 3487
1681054463.7434263 2756.91 3493
1681054463.8102276 2760.90 3500
1681054463.8118472 2764.93 3506
1681054463.813229 2769.00 3512
1681054463.8147626 2774.27 3519
1681054463.816258 2778.99 3525
1681054463.817669 2784.42 3531
1681054463.818924 2790.10 3537
1681054463.820172 2795.70 3544
1681054463.8214626 2799.73 3550
1681054463.8228076 2803.72 3556
1681054463.8242207 2807.79 3563
1681054463.8255641 2811.82 3569
1681054463.8268373 2817.82 3575
1681054463.8934367 2822.61 3581
1681054463.8950136 2827.77 3588
1681054463.8965046 2834.74 3594
1681054463.8980246 2839.05 3600
1681054463.8993306 2843.08 3607
1681054463.9005504 2847.11 3613
1681054463.9018111 2851.17 3619
1681054463.9030297 2855.65 3625
1681054463.9042459 2860.92 3632
1681054463.905508 2866.32 3638
1681054463.9067335 2871.52 3644
1681054463.9079852 2877.88 3651
1681054463.9092853 2881.95 3657
1681054463.9105701 2885.94 3663
1681054463.9784863 2889.97 3670
1681054463.97962 2894.04 3676
1681054463.9811594 2899.43 3682
1681054463.9823525 2903.86 3688
1681054463.9834588 2909.71 3695
1681054463.9847379 2915.55 3701
1681054463.9860291 2921.03 3707
1681054463.9871678 2925.09 3714
1681054463.988267 2929.04 3720
1681054463.989382 2933.11 3726
1681054463.9904907 2937.18 3732
1681054463.9915872 2942.98 3739
1681054463.9926763 2947.49 3745
1681054464.0627384 2952.89 3751
1681054464.0640893 2959.09 3758
1681054464.0655863 2963.60 3764
1681054464.0673406 2967.67 3770
1681054464.0685775 2971.62 3776
1681054464.0698307 2975.69 3783
1681054464.0710332 2979.80 3789
1681054464.0722246 2985.80 3795
1681054464.0734348 2991.28 3802
1681054464.0746427 2996.44 3808
1681054464.0758688 3002.96 3814
1681054464.0770736 3007.03 3820
1681054464.0785487 3011.06 3827
1681054464.1463866 3015.09 3833
1681054464.1479788 3019.15 3840
1681054464.1493428 3024.39 3846
1681054464.1509879 3029.15 3852
1681054464.1527686 3035.03 3858
1681054464.1542206 3040.42 3864
1681054464.1554925 3046.06 3871
1681054464.1566966 3050.09 3877
1681054464.1579227 3054.12 3884
1681054464.1591692 3058.15 3890
1681054464.1603715 3062.18 3896
1681054464.1616147 3068.02 3902
1681054464.162831 3072.49 3908
1681054464.1640525 3077.40 3914
1681054464.231665 3083.97 3921
1681054464.2330759 3088.08 3928
1681054464.2343462 3092.11 3934
1681054464.235557 3096.10 3940
1681054464.2367508 3100.12 3946
1681054464.237963 3104.68 3952
1681054464.2391582 3109.79 3959
1681054464.2403738 3115.19 3965
1681054464.2415967 3120.43 3972
1681054464.2428021 3126.03 3978
1681054464.2442117 3130.05 3984
1681054464.2455688 3134.08 3990
1681054464.246857 3138.11 3996
1681054464.3150253 3142.18 4003
1681054464.316972 3147.78 4009
1681054464.3184426 3152.29 4016
1681054464.3197656 3157.17 4022
1681054464.3210704 3163.41 4028
1681054464.322427 3167.52 4034
1681054464.3237367 3171.51 4040
1681054464.325026 3175.53 4047
1681054464.3262472 3179.60 4054
1681054464.327445 3184.52 4060
1681054464.328839 3189.39 4066
1681054464.330451 3194.63 4072
1681054464.3317783 3200.11 4078
1681054464.3329916 3205.14 4084
1681054464.4001112 3209.17 4091
1681054464.4015214 3213.20 4098
1681054464.402881 3217.27 4104
1681054464.4042017 3221.30 4110
1681054464.4055316 3226.98 4116
1681054464.4068444 3231.85 4122
1681054464.40814 3236.44 4128
1681054464.4094455 3242.53 4135
1681054464.41086 3246.63 4142
1681054464.4121416 3250.62 4148
1681054464.4133637 3254.65 4154
1681054464.4145756 3258.72 4160
1681054464.4158075 3264.40 4166
1681054464.4846575 3268.55 4172
1681054464.4874978 3273.50 4179
1681054464.490333 3279.67 4186
1681054464.4931874 3283.98 4192
1681054464.4959905 3288.01 4198
1681054464.4988465 3291.99 4204
1681054464.5097473 3296.06 4210
1681054464.512738 3300.61 4216
1681054464.5155838 3305.69 4224
1681054464.5184457 3311.17 4230
1681054464.5212517 3316.24 4236
1681054464.5240674 3321.40 4242
1681054464.526862 3325.47 4248
1681054464.5677354 3329.50 4254
1681054464.5697563 3333.57 4260
1681054464.5717046 3337.59 4268
1681054464.5731194 3343.23 4274
1681054464.5746045 3347.95 4280
1681054464.575695 3352.94 4286
1681054464.5767672 3359.51 4292
1681054464.5779023 3363.58 4298
1681054464.5794775 3367.60 4304
1681054464.5817683 3371.59 4311
1681054464.5843406 3375.62 4318
1681054464.58663 3380.33 4324
1681054464.5895998 3385.61 4330
1681054464.5926366 3391.37 4336
1681054464.6524487 3396.45 4342
1681054464.6533513 3402.17 4348
1681054464.6542568 3406.24 4356
1681054464.6551542 3410.26 4362
1681054464.655941 3414.29 4368
1681054464.6567144 3418.36 4374
1681054464.6575046 3424.16 4380
1681054464.658285 3428.75 4386
1681054464.6590846 3434.60 4392
1681054464.6598563 3440.60 4400
1681054464.6606243 3445.51 4406
1681054464.661414 3449.54 4412
1681054464.6621904 3453.53 4418
1681054464.736339 3457.60 4424
1681054464.7381172 3461.63 4430
1681054464.7394772 3467.67 4436
1681054464.7409077 3472.62 4444
1681054464.742288 3477.98 4450
1681054464.743618 3484.99 4456
1681054464.744958 3489.42 4462
1681054464.7463346 3493.37 4468
1681054464.7480016 3497.44 4474
1681054464.749328 3501.47 4481
1681054464.750566 3505.78 4487
1681054464.7517908 3511.74 4494
1681054464.7530055 3517.18 4500
1681054464.75424 3522.69 4506
1681054464.8217363 3528.98 4512
1681054464.8232718 3533.01 4518
1681054464.8247657 3537.00 4525
1681054464.8261652 3541.02 4532
1681054464.8275034 3545.09 4538
1681054464.8287582 3550.37 4544
1681054464.8300955 3555.28 4550
1681054464.8316593 3561.21 4556
1681054464.832992 3566.52 4562
1681054464.8342965 3572.00 4569
1681054464.8355753 3576.03 4575
1681054464.8369222 3580.02 4582
1681054464.838288 3584.05 4588
1681054464.9057257 3588.07 4594
1681054464.9070601 3593.96 4600
1681054464.908354 3598.47 4606
1681054464.9096339 3603.87 4613
1681054464.9108999 3610.59 4619
1681054464.9121752 3615.39 4626
1681054464.9138148 3619.41 4632
1681054464.9151168 3623.44 4638
1681054464.9163985 3627.47 4644
1681054464.9177032 3631.54 4651
1681054464.919107 3637.66 4657
1681054464.9204535 3643.02 4663
1681054464.9217465 3647.98 4670
1681054464.989126 3654.34 4676
1681054464.9906943 3658.37 4682
1681054464.9919777 3662.36 4688
1681054464.993262 3666.39 4695
1681054464.9947937 3670.45 4701
1681054464.9960868 3675.73 4707
1681054464.9974246 3680.16 4714
1681054464.9986992 3686.04 4720
1681054465.0000257 3691.72 4726
1681054465.0014327 3696.76 4732
1681054465.00281 3700.79 4739
1681054465.0041182 3704.78 4745
1681054465.0054207 3708.84 4751
1681054465.0068815 3712.87 4758
1681054465.0737991 3718.51 4764
1681054465.0745385 3723.43 4770
1681054465.075254 3728.22 4776
1681054465.0759437 3735.15 4783
1681054465.0765204 3739.22 4789
1681054465.077087 3743.21 4796
1681054465.0776825 3747.23 4802
1681054465.0782433 3751.26 4808
1681054465.0788224 3756.42 4814
1681054465.079392 3761.33 4820
1681054465.0799825 3767.17 4827
1681054465.0805614 3772.81 4833
1681054465.081081 3777.97 4839
1681054465.1577842 3782.00 4846
1681054465.1593702 3785.99 4852
1681054465.1608098 3790.05 4858
1681054465.1623154 3794.08 4865
1681054465.163867 3800.00 4871
1681054465.165223 3804.96 4877
1681054465.1665814 3809.87 4883
1681054465.1678996 3815.59 4890
1681054465.1692047 3819.70 4896
1681054465.1704624 3823.69 4902
1681054465.1716793 3827.76 4909
1681054465.1728914 3831.79 4915
1681054465.1741374 3837.51 4921
1681054465.1753347 3841.98 4927
1681054465.2432272 3847.74 4934
1681054465.2448149 3853.78 4940
1681054465.2462525 3858.46 4946
1681054465.24777 3862.48 4953
1681054465.249275 3866.47 4959
1681054465.2507021 3870.54 4965
1681054465.252074 3874.57 4971
1681054465.2534573 3880.17 4978
1681054465.2548628 3885.24 4984
1681054465.256232 3890.24 4990
1681054465.2576501 3896.24 4997
1681054465.2590237 3900.31 5003
1681054465.2602813 3904.30 5009
1681054465.3266253 3908.33 5015
1681054465.328272 3912.35 5022
1681054465.3299735 3918.07 5028
1681054465.331406 3922.30 5035
1681054465.3328125 3927.50 5041
1681054465.3342137 3932.70 5047
1681054465.335638 3934.91 5053
1681054465.3369966 3937.53 5056
1681054465.338345 3938.10 5065
1681054465.3397913 3938.26 5065
1681054465.3410635 3938.30 5076
1681054465.3423483 3938.30 5076
1681054465.3438106 3938.30 5076
1681054465.410606 3938.34 5096
1681054465.4124002 3938.42 5097
1681054465.4139428 3938.42 5097
1681054465.415372 3938.42 5097
1681054465.4167345 3938.42 5097
1681054465.4181252 3938.42 5097
1681054465.4195156 3938.42 5097
1681054465.420867 3938.42 5097
1681054465.4221427 3938.42 5097
1681054465.423438 3938.42 5097
1681054465.4246945 3938.42 5097
1681054465.426024 3938.42 5097
1681054465.4272747 3938.42 5097
1681054465.4285855 3938.42 5097
1681054465.4958026 3938.46 5182
1681054465.4974852 3938.46 5182
1681054465.4988925 3938.46 5182
1681054465.5002718 3938.46 5182
1681054465.501696 3938.46 5182
1681054465.5030892 3938.46 5182
1681054465.504613 3938.46 5182
1681054465.5060306 3938.46 5182
1681054465.507444 3938.46 5182
1681054465.508821 3938.46 5182
1681054465.510128 3938.46 5182
1681054465.5114427 3938.46 5182
1681054465.512859 3938.46 5182
1681054465.5792584 3938.46 5182
1681054465.5810454 3938.46 5182
1681054465.582574 3938.46 5182
1681054465.5839677 3938.46 5182
1681054465.5853755 3938.46 5182
1681054465.5867474 3938.46 5182
1681054465.5881922 3938.46 5182
1681054465.589678 3938.46 5182
1681054465.591053 3938.46 5182
1681054465.5924304 3938.46 5182
1681054465.5938013 3938.46 5182
1681054465.5952077 3938.46 5182
1681054465.596615 3938.46 5182
1681054465.5978954 3938.46 5348
1681054465.664465 3938.50 5348
1681054465.6657994 3938.50 5348
1681054465.6670802 3938.50 5348
1681054465.6683638 3938.50 5348
1681054465.669699 3938.50 5348
1681054465.6709898 3938.50 5348
1681054465.6722336 3938.50 5348
1681054465.6735182 3938.50 5348
1681054465.674774 3938.50 5348
1681054465.6760273 3938.50 5348
1681054465.6772928 3938.50 5348
1681054465.6786401 3938.50 5348
1681054465.680039 3938.50 5348
1681054465.747987 3938.50 5348
1681054465.7497525 3938.50 5348
1681054465.7511044 3938.50 5348
1681054465.7524226 3938.50 5348
1681054465.7537408 3938.50 5348
1681054465.7550333 3938.50 5348
1681054465.7563195 3938.50 5348
1681054465.7576122 3938.50 5348
1681054465.7589204 3938.50 5348
1681054465.760206 3938.50 5348
1681054465.761508 3938.50 5348
1681054465.7628813 3938.50 5348
1681054465.7641592 3938.50 5348
1681054465.832007 3938.50 5348
1681054465.8337588 3938.50 5348
1681054465.835225 3938.50 5348
1681054465.8366752 3938.50 5348
1681054465.8381312 3938.50 5348
1681054465.8395095 3938.50 5348
1681054465.8408084 3938.50 5348
1681054465.8421218 3938.50 5348
1681054465.8434174 3938.50 5348
1681054465.8447132 3938.50 5348
1681054465.846172 3938.50 5348
1681054465.8474917 3938.50 5348
1681054465.8487992 3938.50 5348
1681054465.8501315 3938.50 5348
1681054465.9171212 3938.50 5348
1681054465.9184248 3938.50 5348
1681054465.919668 3938.50 5348
1681054465.9208782 3938.50 5348
1681054465.9221325 3938.50 5348
1681054465.9233375 3938.50 5348
1681054465.9245377 3938.50 5348
1681054465.9258568 3938.50 5348
1681054465.9270716 3938.50 5348
1681054465.9282677 3938.50 5348
1681054465.929565 3938.50 5348
1681054465.9307811 3938.50 5348
1681054465.931992 3938.50 5348
1681054466.000784 3938.50 5348
1681054466.002653 3938.50 5348
1681054466.0040464 3938.50 5348
1681054466.0053864 3938.50 5348
1681054466.0067806 3938.50 5348
1681054466.0081244 3938.50 5348
1681054466.0094483 3938.50 5348
1681054466.010769 3938.50 5348
1681054466.0120819 3938.50 5348
1681054466.013525 3938.50 5348
1681054466.014884 3938.50 5348
1681054466.016189 3938.50 5348
1681054466.0175035 3938.50 5348
1681054466.0188093 3938.50 5348
1681054466.085981 3938.50 5348
1681054466.0873458 3938.50 5348
1681054466.0886724 3938.50 5348
1681054466.0901148 3938.50 5348
1681054466.091467 3938.50 5348
1681054466.0927737 3938.50 5348
1681054466.0941381 3938.50 5348
1681054466.0955079 3938.50 5348
1681054466.0968323 3938.50 5348
1681054466.0981686 3938.50 5348
1681054466.099535 3938.50 5348
1681054466.1010282 3938.50 5348
1681054466.102417 3938.50 5348
1681054466.169254 3938.50 5348
1681054466.1701627 3938.50 5348
1681054466.1709507 3938.50 5348
1681054466.1718314 3938.50 5348
1681054466.172722 3938.50 5348
1681054466.1736083 3938.50 5348
1681054466.174481 3938.50 5348
1681054466.1753495 3938.50 5348
1681054466.1763628 3938.50 5348
1681054466.1774647 3938.50 5348
1681054466.178612 3938.50 5348
1681054466.1798894 3938.50 5348
1681054466.1810315 3938.50 5348
1681054466.2534273 3938.50 5348
1681054466.255192 3938.50 5348
1681054466.2566628 3938.50 5348
1681054466.2581453 3938.50 5348
1681054466.2595766 3938.50 5348
1681054466.2609549 3938.50 5348
1681054466.2625244 3938.50 5348
1681054466.263964 3938.50 5348
1681054466.2652624 3938.50 5348
1681054466.2666252 3938.50 5348
1681054466.2679946 3938.50 5348
1681054466.26932 3938.50 5348
1681054466.2706616 3938.50 5348
1681054466.2719564 3938.50 5348
1681054466.3387122 3938.50 5348
1681054466.3401954 3938.50 5348
1681054466.3416646 3938.50 5348
1681054466.3431067 3938.50 5348
1681054466.3444035 3938.50 5348
1681054466.3458126 3938.50 5348
1681054466.3471336 3938.50 5348
1681054466.348472 3938.50 5348
1681054466.3498247 3938.50 5348
1681054466.3511357 3938.50 5348
1681054466.3524342 3938.50 5348
1681054466.3537295 3938.50 5348
1681054466.354933 3938.50 5348
1681054466.422167 3938.50 5348
1681054466.4237416 3938.50 5348
1681054466.4250722 3938.50 5348
1681054466.4263759 3938.50 5348
1681054466.4275746 3938.50 5348
1681054466.4287767 3938.50 5348
1681054466.4301143 3938.50 5348
1681054466.431329 3938.50 5348
1681054466.4325485 3938.50 5348
1681054466.4338472 3938.50 5348
1681054466.4350526 3938.50 5348
1681054466.4362645 3938.50 5348
1681054466.4374835 3938.50 5348
1681054466.4387097 3938.50 5348
1681054466.507495 3938.50 5348
1681054466.508848 3938.50 5348
1681054466.5102127 3938.50 5348
1681054466.5115283 3938.50 5348
1681054466.5129297 3938.50 5348
1681054466.5142324 3938.50 5348
1681054466.5154297 3938.50 5348
1681054466.5167124 3938.50 5348
1681054466.5179765 3938.50 5348
1681054466.5192153 3938.50 5348
1681054466.5204198 3938.50 5348
1681054466.521658 3938.50 5348
1681054466.5228705 3938.50 5348
1681054466.5908592 3938.50 5348
1681054466.5924153 3938.50 5348
1681054466.5937905 3938.50 5348
1681054466.5952675 3938.50 5348
1681054466.5967283 3938.50 5348
1681054466.5980954 3938.50 5348
1681054466.5994859 3938.50 5348
1681054466.6008868 3938.50 5348
1681054466.6022272 3938.50 5348
1681054466.603599 3938.50 5348
1681054466.6049004 3938.50 5348
1681054466.6062002 3938.50 5348
1681054466.6074777 3938.50 5348
1681054466.608725 3938.50 5348
1681054466.6760929 3938.50 5348
1681054466.6774724 3938.50 5348
1681054466.6789095 3938.50 5348
1681054466.6806247 3938.50 5348
1681054466.6819968 3938.50 5348
1681054466.6833098 3938.50 5348
1681054466.6846108 3938.50 5348
1681054466.6858692 3938.50 5348
1681054466.6870744 3938.50 5348
1681054466.6882741 3938.50 5348
1681054466.6894953 3938.50 5348
1681054466.6907065 3938.50 5348
1681054466.6919293 3938.50 5348
1681054466.7602232 3938.50 5348
1681054466.7617521 3938.50 5348
1681054466.763105 3938.50 5348
1681054466.7644517 3938.50 5348
1681054466.7658143 3938.50 5348
1681054466.7671144 3938.50 5348
1681054466.7683806 3938.50 5348
1681054466.7696912 3938.50 5348
1681054466.770905 3938.50 5348
1681054466.772097 3938.50 5348
1681054466.7732906 3938.50 5348
1681054466.7746043 3938.50 5348
1681054466.7758257 3938.50 5348
1681054466.8436637 3938.50 5348
1681054466.8452766 3938.50 5348
1681054466.8468676 3938.50 5348
1681054466.8482218 3938.50 5348
1681054466.8495657 3938.50 5348
1681054466.8508894 3938.50 5348
1681054466.852091 3938.50 5348
1681054466.8532898 3938.50 5348
1681054466.85451 3938.50 5348
1681054466.8557584 3938.50 5348
1681054466.8569582 3938.50 5348
1681054466.858192 3938.50 5348
1681054466.859402 3938.50 5348
1681054466.8606052 3938.50 5348
1681054466.9288607 3938.50 5348
1681054466.93086 3938.50 5348
1681054466.9323528 3938.50 5348
1681054466.9337285 3938.50 5348
1681054466.935053 3938.50 5348
1681054466.9363556 3938.50 5348
1681054466.9376922 3938.50 5348
1681054466.9390788 3938.50 5348
1681054466.9403474 3938.50 5348
1681054466.9416015 3938.50 5348
1681054466.9428227 3938.50 5348
1681054466.944026 3938.50 5348
1681054466.9452677 3938.50 5348
1681054467.0124729 3938.50 5348
1681054467.014101 3938.50 5348
1681054467.0153491 3938.50 5348
1681054467.016576 3938.50 5348
1681054467.0179355 3938.50 5348
1681054467.019201 3938.50 5348
1681054467.0205085 3938.50 5348
1681054467.0217597 3938.50 5348
1681054467.0229583 3938.50 5348
1681054467.0241556 3938.50 5348
1681054467.025374 3938.50 5348
1681054467.0265806 3938.50 5348
1681054467.0277736 3938.50 5348
1681054467.0292234 3938.50 5348
1681054467.097558 3938.50 5348
1681054467.0989952 3938.50 5348
1681054467.1003366 3938.50 5348
1681054467.101781 3938.50 5348
1681054467.1031642 3938.50 5348
1681054467.104533 3938.50 5348
1681054467.1059167 3938.50 5348
1681054467.107152 3938.50 5348
1681054467.1084082 3938.50 5348
1681054467.1096532 3938.50 5348
1681054467.110894 3938.50 5348
1681054467.112452 3938.50 5348
1681054467.1137347 3938.50 5348
1681054467.1815999 3938.50 5348
1681054467.1829388 3938.50 5348
1681054467.1842148 3938.50 5348
1681054467.1855192 3938.50 5348
1681054467.1867929 3938.50 5348
1681054467.1880348 3938.50 5348
1681054467.1892784 3938.50 5348
1681054467.1905808 3938.50 5348
1681054467.1918359 3938.50 5348
1681054467.1930797 3938.50 5348
1681054467.1943831 3938.50 5348
1681054467.1957653 3938.50 5348
1681054467.197134 3938.50 5348
1681054467.2651043 3938.50 5348
1681054467.266946 3938.50 5348
1681054467.2683637 3938.50 5348
1681054467.2697816 3938.50 5348
1681054467.2711675 3938.50 5348
1681054467.2725487 3938.50 5348
1681054467.273932 3938.50 5348
1681054467.2752879 3938.50 5348
1681054467.2770889 3938.50 5348
1681054467.2787087 3938.50 5348
1681054467.2801096 3938.50 5348
1681054467.2814379 3938.50 5348
1681054467.282702 3938.50 5348
1681054467.2839687 3938.50 5348
1681054467.350365 3938.50 5348
1681054467.3517776 3938.50 5348
1681054467.3531392 3938.50 5348
1681054467.3545136 3938.50 5348
1681054467.3557587 3938.50 5348
1681054467.357158 3938.50 5348
1681054467.3584726 3938.50 5348
1681054467.3597512 3938.50 5348
1681054467.361011 3938.50 5348
1681054467.3622904 3938.50 5348
1681054467.3635993 3938.50 5348
1681054467.3648906 3938.50 5348
1681054467.3661494 3938.50 5348
1681054467.4338658 3938.50 5348
1681054467.4356022 3938.50 5348
1681054467.4371033 3938.50 5348
1681054467.4385498 3938.50 5348
1681054467.4399972 3938.50 5348
1681054467.4414072 3938.50 5348
1681054467.442722 3938.50 5348
1681054467.4440682 3938.50 5348
1681054467.4455585 3938.50 5348
1681054467.4469857 3938.50 5348
1681054467.4482899 3938.50 5348
1681054467.4495952 3938.50 5348
1681054467.4510088 3938.50 5348
1681054467.452378 3938.50 5348
1681054467.5189855 3938.50 5348
1681054467.5203402 3938.50 5348
1681054467.5235374 3938.50 5348
1681054467.5250175 3938.50 5348
1681054467.526392 3938.50 5348
1681054467.5277143 3938.50 5348
1681054467.5290954 3938.50 5348
1681054467.530463 3938.50 5348
1681054467.5317585 3938.50 5348
1681054467.5330567 3938.50 5348
1681054467.5344996 3938.50 5348
1681054467.5358138 3938.50 5348
1681054467.5371764 3938.50 5348
1681054467.6031728 3938.50 5348
1681054467.6046877 3938.50 5348
1681054467.6061134 3938.50 5348
1681054467.6075003 3938.50 5348
1681054467.608882 3938.50 5348
1681054467.610281 3938.50 5348
1681054467.6116767 3938.50 5348
1681054467.6131148 3938.50 5348
1681054467.6146958 3938.50 5348
1681054467.6159484 3938.50 5348
1681054467.6171625 3938.50 5348
1681054467.6183958 3938.50 5348
1681054467.6196 3938.50 5348
1681054467.6865337 3938.50 5348
1681054467.6881344 3938.50 5348
1681054467.6895761 3938.50 5348
1681054467.6909716 3938.50 5348
1681054467.6923842 3938.50 5348
1681054467.693795 3938.50 5348
1681054467.6951675 3938.50 5348
1681054467.6968753 3938.50 5348
1681054467.698307 3938.50 5348
1681054467.6996524 3938.50 5348
1681054467.7009244 3938.50 5348
1681054467.7022092 3938.50 5348
1681054467.7034519 3938.50 5348
1681054467.7047179 3938.50 5348
1681054467.7717795 3938.50 5348
1681054467.7732008 3938.50 5348
1681054467.774584 3938.50 5348
1681054467.775842 3938.50 5348
1681054467.7772224 3938.50 5348
1681054467.7787545 3938.50 5348
1681054467.780046 3938.50 5348
1681054467.7813199 3938.50 5348
1681054467.7826228 3938.50 5348
1681054467.7838783 3938.50 5348
1681054467.7851353 3938.50 5348
1681054467.7864134 3938.50 5348
1681054467.7876875 3938.50 5348
1681054467.8552032 3938.50 5348
1681054467.8567622 3938.50 5348
1681054467.8581276 3938.50 5348
1681054467.8594267 3938.50 5348
1681054467.861088 3938.50 5348
1681054467.862501 3938.50 5348
1681054467.863823 3938.50 5348
1681054467.8651333 3938.50 5348
1681054467.866475 3938.50 5348
1681054467.8676984 3938.50 5348
1681054467.8688848 3938.50 5348
1681054467.8700967 3938.50 5348
1681054467.8712862 3938.50 5348
1681054467.8724797 3938.50 5348
1681054467.9404614 3938.54 7630
1681054467.9420907 3938.54 7630
1681054467.9434738 3938.54 7630
1681054467.9449627 3938.54 7630
1681054467.9465575 3938.54 7630
1681054467.947936 3938.54 7630
1681054467.9492521 3938.54 7630
1681054467.9506185 3938.54 7630
1681054467.9519215 3938.54 7630
1681054467.953193 3938.54 7630
1681054467.9544306 3938.54 7630
1681054467.9556305 3938.54 7630
1681054467.9568305 3938.54 7630
1681054468.0245557 3938.54 7630
1681054468.0261853 3938.54 7630
1681054468.0276282 3938.54 7630
1681054468.029178 3938.54 7630
1681054468.0305746 3938.54 7630
1681054468.0318794 3938.54 7630
1681054468.0331807 3938.54 7630
1681054468.0345428 3938.54 7630
1681054468.035844 3938.54 7630
1681054468.0371466 3938.54 7630
1681054468.0384533 3938.54 7630
1681054468.039657 3938.54 7630
1681054468.0409024 3938.54 7630
1681054468.1079369 3938.54 7630
1681054468.1095836 3938.54 7630
1681054468.110989 3938.54 7630
1681054468.1125348 3938.54 7630
1681054468.1139078 3938.54 7630
1681054468.1152194 3938.54 7630
1681054468.1165264 3938.54 7630
1681054468.1178627 3938.54 7630
1681054468.119152 3938.54 7630
1681054468.120347 3938.54 7630
1681054468.1215577 3938.54 7630
1681054468.1228585 3938.54 7630
1681054468.1240594 3938.54 7630
1681054468.1252568 3938.54 7630
1681054468.193217 3938.54 7630
1681054468.1946158 3938.54 7630
1681054468.1959677 3938.54 7630
1681054468.197281 3938.54 7630
1681054468.198602 3938.54 7630
1681054468.199894 3938.54 7630
1681054468.201479 3938.54 7630
1681054468.2028263 3938.54 7630
1681054468.204023 3938.54 7630
1681054468.205218 3938.54 7630
1681054468.2064555 3938.54 7630
1681054468.2076552 3938.54 7630
1681054468.2088525 3938.54 7630
1681054468.2767918 3938.54 7630
1681054468.2785788 3938.54 7630
1681054468.2800481 3938.54 7630
1681054468.2814507 3938.54 7630
1681054468.282768 3938.54 7630
1681054468.2840598 3938.54 7630
1681054468.285352 3938.54 7630
1681054468.2866445 3938.54 7630
1681054468.2879288 3938.54 7630
1681054468.289211 3938.54 7630
1681054468.2905128 3938.54 7630
1681054468.2918856 3938.54 7630
1681054468.293092 3938.54 7630
1681054468.294313 3938.54 7630
1681054468.3619761 3938.54 7630
1681054468.3634746 3938.54 7630
1681054468.3648353 3938.54 7630
1681054468.366103 3938.54 7630
1681054468.3673086 3938.54 7630
1681054468.3685074 3938.54 7630
1681054468.3697453 3938.54 7630
1681054468.3709538 3938.54 7630
1681054468.372144 3938.54 7630
1681054468.37336 3938.54 7630
1681054468.3745747 3938.54 7630
1681054468.375777 3938.54 7630
1681054468.3770201 3938.54 7630
1681054468.4454775 3938.54 7630
1681054468.447146 3938.54 7630
1681054468.4483826 3938.54 7630
1681054468.449627 3938.54 7630
1681054468.450842 3938.54 7630
1681054468.4520504 3938.54 7630
1681054468.453251 3938.54 7630
1681054468.4544847 3938.54 7630
1681054468.4556806 3938.54 7630
1681054468.457205 3938.54 7630
1681054468.4585152 3938.54 7630
1681054468.4597332 3938.54 7630
1681054468.4609733 3938.54 7630
1681054468.529415 3938.54 7630
1681054468.5310428 3938.54 7630
1681054468.5324616 3938.54 7630
1681054468.5338743 3938.54 7630
1681054468.5352712 3938.54 7630
1681054468.5366595 3938.54 7630
1681054468.5383916 3938.54 7630
1681054468.5397453 3938.54 7630
1681054468.5410578 3938.54 7630
1681054468.5422902 3938.54 7630
1681054468.5435019 3938.54 7630
1681054468.5447073 3938.54 7630
1681054468.5459442 3938.54 7630
1681054468.5471518 3938.54 7630
1681054468.6146169 3938.54 7630
1681054468.6159704 3938.54 7630
1681054468.6172826 3938.54 7630
1681054468.6186173 3938.54 7630
1681054468.619919 3938.54 7630
1681054468.6212053 3938.54 7630
1681054468.622575 3938.54 7630
1681054468.6238756 3938.54 7630
1681054468.6251757 3938.54 7630
1681054468.6265244 3938.54 7630
1681054468.627791 3938.54 7630
1681054468.629037 3938.54 7630
1681054468.6302812 3938.54 7630
1681054468.698102 3938.54 7630
1681054468.699539 3938.54 7630
1681054468.7010503 3938.54 7630
1681054468.702491 3938.54 7630
1681054468.703722 3938.54 7630
1681054468.7049234 3938.54 7630
1681054468.7061934 3938.54 7630
1681054468.7074163 3938.54 7630
1681054468.7086358 3938.54 7630
1681054468.7098656 3938.54 7630
1681054468.7110736 3938.54 7630
1681054468.7125635 3938.54 7630
1681054468.7138383 3938.54 7630
1681054468.715048 3938.54 7630
1681054468.7836318 3938.54 7630
1681054468.7850814 3938.54 7630
1681054468.7865334 3938.54 7630
1681054468.7879112 3938.54 7630
1681054468.789179 3938.54 7630
1681054468.7904654 3938.54 7630
1681054468.7917314 3938.54 7630
1681054468.7930398 3938.54 7630
1681054468.7943203 3938.54 7630
1681054468.795648 3938.54 7630
1681054468.7970183 3938.54 7630
1681054468.7983162 3938.54 7630
1681054468.7996073 3938.54 7630
1681054468.866843 3938.54 7630
1681054468.8686378 3938.54 7630
1681054468.8702154 3938.54 7630
1681054468.8716733 3938.54 7630
1681054468.8731601 3938.54 7630
1681054468.8745944 3938.54 7630
1681054468.875954 3938.54 7630
1681054468.8775253 3938.54 7630
1681054468.8789191 3938.54 7630
1681054468.8802943 3938.54 7630
1681054468.881727 3938.54 7630
1681054468.883113 3938.54 7630
1681054468.8845036 3938.54 7630
1681054468.9508333 3938.54 7630
1681054468.9525216 3938.54 7630
1681054468.9539695 3938.54 7630
1681054468.955552 3938.54 7630
1681054468.9569433 3938.54 7630
1681054468.9583426 3938.54 7630
1681054468.9597297 3938.54 7630
1681054468.9610927 3938.54 7630
1681054468.9624896 3938.54 7630
1681054468.963935 3938.54 7630
1681054468.965278 3938.54 7630
1681054468.9666445 3938.54 7630
1681054468.9680448 3938.54 7630
1681054468.9693432 3938.54 7630
1681054469.0361419 3938.54 7630
1681054469.037551 3938.54 7630
1681054469.0388856 3938.54 7630
1681054469.0401955 3938.54 7630
1681054469.0416853 3938.54 7630
1681054469.0430539 3938.54 7630
1681054469.0443647 3938.54 7630
1681054469.0456958 3938.54 7630
1681054469.0469933 3938.54 7630
1681054469.0482666 3938.54 7630
1681054469.04967 3938.54 7630
1681054469.0509038 3938.54 7630
1681054469.052113 3938.54 7630
1681054469.1196003 3938.54 7630
1681054469.1210852 3938.54 7630
1681054469.1224759 3938.54 7630
1681054469.1238177 3938.54 7630
1681054469.1250806 3938.54 7630
1681054469.1263702 3938.54 7630
1681054469.1276531 3938.54 7630
1681054469.1290374 3938.54 7630
1681054469.1303706 3938.54 7630
1681054469.1316512 3938.54 7630
1681054469.1328716 3938.54 7630
1681054469.134175 3938.54 7630
1681054469.135408 3938.54 7630
1681054469.1366956 3938.54 7630
1681054469.2048378 3938.54 7630
1681054469.206315 3938.54 7630
1681054469.2077377 3938.54 7630
1681054469.2091117 3938.54 7630
1681054469.2107604 3938.54 7630
1681054469.2120535 3938.54 7630
1681054469.213407 3938.54 7630
1681054469.2147264 3938.54 7630
1681054469.2159915 3938.54 7630
1681054469.2172403 3938.54 7630
1681054469.218589 3938.54 7630
1681054469.2198467 3938.54 7630
1681054469.2211041 3938.54 7630
1681054469.2883115 3938.54 7630
1681054469.290159 3938.54 7630
1681054469.2917066 3938.54 7630
1681054469.2932491 3938.54 7630
1681054469.294747 3938.54 7630
1681054469.2961829 3938.54 7630
1681054469.2975852 3938.54 7630
1681054469.2989297 3938.54 7630
1681054469.300237 3938.54 7630
1681054469.3015614 3938.54 7630
1681054469.302867 3938.54 7630
1681054469.304173 3938.54 7630
1681054469.3054883 3938.54 7630
1681054469.372257 3938.54 7630
1681054469.3739426 3938.54 7630
1681054469.3753493 3938.54 7630
1681054469.376713 3938.54 7630
1681054469.3781004 3938.54 7630
1681054469.379564 3938.54 7630
1681054469.3809159 3938.54 7630
1681054469.3822916 3938.54 7630
1681054469.3836305 3938.54 7630
1681054469.384952 3938.54 7630
1681054469.3862011 3938.54 7630
1681054469.3874183 3938.54 7630
1681054469.3886485 3938.54 7630
1681054469.3899024 3938.54 7630
1681054469.4576457 3938.54 7630
1681054469.459112 3938.54 7630
1681054469.4605663 3938.54 7630
1681054469.4622037 3938.54 7630
1681054469.4636104 3938.54 7630
1681054469.464975 3938.54 7630
1681054469.466326 3938.54 7630
1681054469.467595 3938.54 7630
1681054469.4690728 3938.54 7630
1681054469.4704788 3938.54 7630
1681054469.4717665 3938.54 7630
1681054469.4730747 3938.54 7630
1681054469.4745057 3938.54 7630
1681054469.541019 3938.54 7630
1681054469.5426993 3938.54 7630
1681054469.5440545 3938.54 7630
1681054469.5456076 3938.54 7630
1681054469.5469193 3938.54 7630
1681054469.5481842 3938.54 7630
1681054469.549488 3938.54 7630
1681054469.5507517 3938.54 7630
1681054469.5520692 3938.54 7630
1681054469.5534136 3938.54 7630
1681054469.5546725 3938.54 7630
1681054469.5559196 3938.54 7630
1681054469.5571654 3938.54 7630
1681054469.5584729 3938.54 7630
1681054469.6264083 3938.54 7630
1681054469.6279378 3938.54 7630
1681054469.6295063 3938.54 7630
1681054469.6310682 3938.54 7630
1681054469.6324759 3938.54 7630
1681054469.633937 3938.54 7630
1681054469.6353402 3938.54 7630
1681054469.636657 3938.54 7630
1681054469.638077 3938.54 7630
1681054469.6393502 3938.54 7630
1681054469.6406302 3938.54 7630
1681054469.6419172 3938.54 7630
1681054469.6431735 3938.54 7630
1681054469.7097583 3938.54 7630
1681054469.7119598 3938.54 7630
1681054469.7138455 3938.54 7630
1681054469.7155879 3938.54 7630
1681054469.7169907 3938.54 7630
1681054469.7184563 3938.54 7630
1681054469.7198722 3938.54 7630
1681054469.721345 3938.54 7630
1681054469.7227464 3938.54 7630
1681054469.7241192 3938.54 7630
1681054469.725499 3938.54 7630
1681054469.7267678 3938.54 7630
1681054469.7281544 3938.54 7630
1681054469.7295556 3938.54 7630
1681054469.7949517 3938.54 7630
1681054469.7962613 3938.54 7630
1681054469.797584 3938.54 7630
1681054469.7988656 3938.54 7630
1681054469.80012 3938.54 7630
1681054469.8014588 3938.54 7630
1681054469.802735 3938.54 7630
1681054469.803994 3938.54 7630
1681054469.8052514 3938.54 7630
1681054469.8065777 3938.54 7630
1681054469.8078709 3938.54 7630
1681054469.8091402 3938.54 7630
1681054469.8105335 3938.54 7630
1681054469.8793976 3938.54 7630
1681054469.881063 3938.54 7630
1681054469.8825452 3938.54 7630
1681054469.8839185 3938.54 7630
1681054469.8852844 3938.54 7630
1681054469.8867986 3938.54 7630
1681054469.888166 3938.54 7630
1681054469.8895497 3938.54 7630
1681054469.8908343 3938.54 7630
1681054469.892085 3938.54 7630
1681054469.8933668 3938.54 7630
1681054469.8948233 3938.54 7630
1681054469.8961117 3938.54 7630
1681054469.9625075 3938.54 7630
1681054469.9641192 3938.54 7630
1681054469.9655652 3938.54 7630
1681054469.9669373 3938.54 7630
1681054469.9683037 3938.54 7630
1681054469.9697285 3938.54 7630
1681054469.9710896 3938.54 7630
1681054469.9723303 3938.54 7630
1681054469.9736264 3938.54 7630
1681054469.9748929 3938.54 7630
1681054469.976136 3938.54 7630
1681054469.977422 3938.54 7630
1681054469.978856 3938.54 7630
1681054469.980148 3938.54 7630
1681054470.0478144 3938.54 7630
1681054470.0491955 3938.54 7630
1681054470.050728 3938.54 7630
1681054470.0521061 3938.54 7630
1681054470.0534866 3938.54 7630
1681054470.054857 3938.54 7630
1681054470.0561194 3938.54 7630
1681054470.0574522 3938.54 7630
1681054470.0586793 3938.54 7630
1681054470.0598884 3938.54 7630
1681054470.061142 3938.54 7630
1681054470.0624201 3938.54 7630
1681054470.0637867 3938.54 7630
1681054470.1311567 3938.54 7630
1681054470.1326017 3938.54 7630
1681054470.1338956 3938.54 7630
1681054470.1351297 3938.54 7630
1681054470.1363463 3938.54 7630
1681054470.137579 3938.54 7630
1681054470.1387901 3938.54 7630
1681054470.1399946 3938.54 7630
1681054470.1412003 3938.54 7630
1681054470.1424632 3938.54 7630
1681054470.1440263 3938.54 7630
1681054470.1452813 3938.54 7630
1681054470.1465425 3938.54 7630
1681054470.147756 3938.54 7630
