1681050910.7303889 0.00 0
1681050910.8497963 0.00 0
1681050910.8502274 0.00 0
1681050910.850636 0.00 0
1681050910.8510654 0.00 0
1681050910.8514786 0.00 0
1681050910.8519154 0.00 0
1681050910.8523555 0.00 0
1681050910.8528144 0.00 0
1681050910.853294 0.00 0
1681050910.853803 0.00 0
1681050910.8542683 0.00 0
1681050910.8547606 0.00 0
1681050910.8552408 0.00 0
1681050910.8557138 0.00 0
1681050910.8562286 0.00 0
1681050910.8567305 0.00 0
1681050910.9339583 0.00 0
1681050910.9355814 0.00 0
1681050910.9369345 0.00 0
1681050910.9383342 0.00 0
1681050910.939684 0.00 0
1681050910.9410436 0.00 0
1681050910.942374 0.00 0
1681050910.9438925 0.00 0
1681050910.945094 0.00 0
1681050910.946304 0.00 0
1681050910.9474597 0.00 0
1681050910.9486287 0.00 0
1681050910.949809 0.00 0
1681050910.9509706 0.00 0
1681050910.9521403 0.00 0
1681050910.953302 0.00 0
1681050910.9544585 0.00 0
1681050911.0191102 0.00 0
1681050911.0205653 0.00 0
1681050911.0220432 0.00 0
1681050911.0234976 0.00 0
1681050911.0249271 0.00 0
1681050911.0263252 0.00 0
1681050911.027761 0.00 0
1681050911.0296154 0.00 0
1681050911.0310116 0.00 0
1681050911.0322921 0.00 0
1681050911.0339472 0.00 0
1681050911.0356045 0.00 0
1681050911.0370872 0.00 0
1681050911.0383158 0.00 0
1681050911.039469 0.00 0
1681050911.0406199 0.00 0
1681050911.0421076 0.00 0
1681050911.1034446 0.00 0
1681050911.1046984 0.00 0
1681050911.1060088 0.00 0
1681050911.1072128 0.00 0
1681050911.1083329 0.00 0
1681050911.109545 0.00 0
1681050911.1114833 0.00 0
1681050911.1135576 0.00 0
1681050911.1153007 0.00 0
1681050911.1166718 0.00 0
1681050911.1179461 0.00 0
1681050911.1191697 0.00 0
1681050911.1203237 0.00 0
1681050911.1214836 0.00 0
1681050911.122691 0.00 0
1681050911.1238296 0.00 0
1681050911.1876433 0.00 0
1681050911.1890326 0.00 0
1681050911.1903572 0.00 0
1681050911.1915634 0.00 0
1681050911.19276 0.00 0
1681050911.1941233 0.00 0
1681050911.195434 0.00 0
1681050911.1966596 0.00 0
1681050911.1979108 0.00 0
1681050911.199144 0.00 0
1681050911.2003572 0.00 0
1681050911.201601 0.00 0
1681050911.2028027 0.00 0
1681050911.204007 0.00 0
1681050911.205236 0.00 0
1681050911.2064576 0.00 0
1681050911.2076666 0.00 0
1681050911.2722187 0.00 0
1681050911.2736592 0.00 0
1681050911.2750108 0.00 0
1681050911.2763355 0.00 0
1681050911.2776914 0.00 0
1681050911.2790198 0.00 0
1681050911.2803075 0.00 0
1681050911.2815356 0.00 0
1681050911.28277 0.00 0
1681050911.284016 0.32 510
1681050911.2852688 3.50 516
1681050911.2865107 7.00 521
1681050911.2877734 10.50 527
1681050911.2890303 13.63 531
1681050911.290309 14.52 538
1681050911.2915654 18.10 543
1681050911.3565836 20.59 549
1681050911.3581195 24.17 555
1681050911.3594792 27.87 561
1681050911.3607461 33.70 566
1681050911.3621545 40.73 572
1681050911.363427 47.65 577
1681050911.3646944 54.77 583
1681050911.3662937 61.72 588
1681050911.3676937 68.68 594
1681050911.3690343 75.72 600
1681050911.3704112 82.64 606
1681050911.3717384 89.67 611
1681050911.3730748 96.63 617
1681050911.3744664 103.63 622
1681050911.4397192 110.91 628
1681050911.4414449 117.94 634
1681050911.4428358 125.06 640
1681050911.4441662 132.22 646
1681050911.4454443 139.38 651
1681050911.4466832 146.61 657
1681050911.4479406 153.81 663
1681050911.4493868 161.09 668
1681050911.4508574 168.33 674
1681050911.4521549 175.44 680
1681050911.4534469 182.68 686
1681050911.4546788 189.92 692
1681050911.4559135 197.07 698
1681050911.45719 204.31 703
1681050911.4584668 211.47 709
1681050911.5242257 218.58 715
1681050911.5257783 225.78 720
1681050911.5271466 233.02 727
1681050911.5283945 240.18 733
1681050911.5296304 247.29 738
1681050911.530817 254.53 744
1681050911.5322306 261.69 749
1681050911.5334973 268.93 755
1681050911.5346851 276.21 761
1681050911.5358622 283.41 766
1681050911.5370252 290.61 773
1681050911.538238 297.57 779
1681050911.5394084 304.61 784
1681050911.5405777 311.81 790
1681050911.5417988 318.52 796
1681050911.6095726 325.16 801
1681050911.6110547 331.76 807
1681050911.6124692 338.51 814
1681050911.613944 345.51 819
1681050911.6152394 352.59 825
1681050911.6165197 359.31 830
1681050911.6179087 365.66 836
1681050911.6191864 371.90 842
1681050911.620455 378.29 847
1681050911.621771 384.77 854
1681050911.623053 391.53 860
1681050911.6243198 398.16 865
1681050911.6257217 404.76 871
1681050911.627105 411.11 877
1681050911.6926656 417.59 882
1681050911.69438 424.19 888
1681050911.6958137 430.98 894
1681050911.6973145 437.50 900
1681050911.698839 443.85 906
1681050911.700254 450.45 911
1681050911.7016463 456.89 917
1681050911.7029333 463.48 923
1681050911.7042086 470.16 928
1681050911.7055 477.04 934
1681050911.706905 483.75 941
1681050911.7082458 490.27 946
1681050911.7095635 497.11 952
1681050911.710842 503.42 958
1681050911.71216 509.74 963
1681050911.778002 516.38 969
1681050911.7793634 522.81 975
1681050911.7806706 529.41 980
1681050911.7819896 535.92 987
1681050911.7833035 542.48 993
1681050911.7845876 548.59 998
1681050911.7859244 555.63 1004
1681050911.787198 561.95 1010
1681050911.7884 568.02 1016
1681050911.7897015 574.54 1022
1681050911.7909162 581.29 1029
1681050911.792127 588.37 1035
1681050911.7933757 595.41 1041
1681050911.7945962 601.93 1047
1681050911.8620925 609.21 1053
1681050911.86345 616.41 1059
1681050911.8647718 623.33 1065
1681050911.8661628 630.16 1072
1681050911.867472 637.24 1078
1681050911.8687768 643.96 1084
1681050911.8701463 649.35 1090
1681050911.8715158 654.98 1096
1681050911.8728344 661.62 1102
1681050911.8741977 668.74 1108
1681050911.875507 676.02 1115
1681050911.8768046 683.38 1120
1681050911.8781395 690.50 1126
1681050911.8794377 697.42 1132
1681050911.9465265 704.21 1138
1681050911.947928 711.13 1144
1681050911.9493206 717.69 1150
1681050911.9506567 724.52 1157
1681050911.9519632 730.88 1163
1681050911.9534974 738.20 1169
1681050911.954835 745.44 1175
1681050911.9561477 752.68 1181
1681050911.9574885 759.72 1187
1681050911.9588907 766.76 1193
1681050911.960277 773.48 1200
1681050911.9616208 780.11 1206
1681050911.9629238 786.91 1212
1681050912.0297482 794.07 1218
1681050912.0313601 800.99 1224
1681050912.0327125 808.39 1230
1681050912.0340734 815.63 1236
1681050912.0353782 822.91 1243
1681050912.036684 827.05 1249
1681050912.0380058 830.87 1255
1681050912.0393167 834.81 1261
1681050912.040608 838.72 1267
1681050912.0419192 843.66 1273
1681050912.0432138 850.30 1280
1681050912.0445056 857.62 1286
1681050912.045813 864.78 1292
1681050912.0471196 872.18 1298
1681050912.1141877 877.09 1304
1681050912.1159594 880.95 1310
1681050912.1175482 884.89 1316
1681050912.1190102 888.79 1323
1681050912.1204507 893.70 1329
1681050912.121816 899.65 1335
1681050912.1231294 906.85 1341
1681050912.1244361 913.61 1347
1681050912.125752 920.69 1353
1681050912.127068 924.83 1359
1681050912.1283958 928.69 1366
1681050912.1298423 932.63 1372
1681050912.1311607 936.54 1378
1681050912.1324646 942.57 1384
1681050912.1986115 947.52 1389
1681050912.2004488 953.99 1395
1681050912.2019856 961.03 1401
1681050912.2034814 966.78 1408
1681050912.2049575 970.68 1414
1681050912.206432 974.55 1420
1681050912.2078052 978.49 1426
1681050912.2093048 982.79 1432
1681050912.2107925 988.78 1438
1681050912.2121377 994.29 1444
1681050912.21353 1000.29 1451
1681050912.2149258 1007.37 1458
1681050912.2163725 1011.35 1464
1681050912.2177906 1015.33 1470
1681050912.28333 1019.35 1476
1681050912.2842295 1023.38 1482
1681050912.2849941 1029.88 1488
1681050912.2857714 1035.18 1495
1681050912.2865179 1041.57 1502
1681050912.2872584 1048.20 1508
1681050912.2879932 1052.17 1514
1681050912.2887478 1056.15 1520
1681050912.2893727 1060.16 1526
1681050912.2899663 1064.18 1532
1681050912.2905736 1070.45 1539
1681050912.2911668 1076.27 1546
1681050912.2917757 1082.45 1552
1681050912.3671505 1088.40 1558
1681050912.3687634 1092.45 1564
1681050912.3701828 1096.39 1570
1681050912.3715546 1100.45 1576
1681050912.3729062 1104.94 1583
1681050912.374283 1110.65 1590
1681050912.375557 1116.79 1596
1681050912.376833 1122.78 1602
1681050912.3781276 1128.48 1608
1681050912.3793833 1132.49 1614
1681050912.380654 1136.47 1620
1681050912.3820918 1140.49 1627
1681050912.383568 1145.55 1634
1681050912.3849866 1150.81 1640
1681050912.4524508 1156.71 1646
1681050912.4538856 1162.82 1652
1681050912.4552302 1167.88 1658
1681050912.4566686 1171.85 1665
1681050912.458034 1175.91 1671
1681050912.4593618 1179.92 1678
1681050912.4606922 1185.83 1684
1681050912.4620547 1190.85 1690
1681050912.4633858 1196.27 1696
1681050912.4646401 1203.22 1702
1681050912.465961 1207.48 1709
1681050912.4671834 1211.45 1715
1681050912.4683926 1215.51 1722
1681050912.5365765 1219.52 1728
1681050912.5380514 1225.55 1734
1681050912.539399 1230.57 1740
1681050912.5407214 1235.99 1746
1681050912.5421076 1242.42 1753
1681050912.5434906 1246.47 1759
1681050912.5448067 1250.49 1766
1681050912.5461686 1254.50 1772
1681050912.5474892 1258.52 1778
1681050912.548858 1264.70 1784
1681050912.550328 1270.29 1790
1681050912.55165 1276.11 1797
1681050912.5529613 1281.81 1803
1681050912.6199152 1285.83 1810
1681050912.6216955 1289.81 1816
1681050912.6232085 1293.82 1822
1681050912.6246748 1298.76 1828
1681050912.626171 1303.94 1835
1681050912.6276157 1310.09 1841
1681050912.629058 1316.31 1847
1681050912.6304717 1320.93 1854
1681050912.6318283 1324.91 1860
1681050912.633283 1328.92 1866
1681050912.6347346 1332.94 1872
1681050912.6361015 1338.80 1879
1681050912.6374805 1343.54 1885
1681050912.638813 1349.00 1891
1681050912.705291 1355.67 1898
1681050912.7067816 1359.73 1904
1681050912.708232 1363.70 1910
1681050912.7096941 1367.76 1916
1681050912.7111266 1371.77 1923
1681050912.7126799 1377.72 1929
1681050912.714054 1383.22 1935
1681050912.7153761 1388.60 1942
1681050912.7167895 1394.55 1948
1681050912.7181427 1398.56 1954
1681050912.7194593 1402.54 1960
1681050912.7207704 1406.55 1967
1681050912.7220984 1410.97 1973
1681050912.7886071 1416.63 1979
1681050912.7902427 1422.46 1986
1681050912.7916353 1428.44 1992
1681050912.7932785 1433.58 1998
1681050912.7946265 1437.64 2004
1681050912.7959483 1441.57 2011
1681050912.797375 1445.63 2017
1681050912.7988067 1451.05 2023
1681050912.8002112 1456.07 2029
1681050912.8015695 1461.94 2036
1681050912.8029008 1468.52 2042
1681050912.8041377 1472.82 2049
1681050912.8056128 1476.76 2055
1681050912.8068588 1480.77 2061
1681050912.8742826 1484.79 2067
1681050912.875843 1490.73 2074
1681050912.8773763 1495.83 2080
1681050912.8789566 1501.29 2086
1681050912.880496 1508.32 2093
1681050912.8818886 1512.50 2099
1681050912.8832786 1516.47 2105
1681050912.8846521 1520.53 2111
1681050912.8863208 1524.55 2117
1681050912.8876908 1530.73 2124
1681050912.889003 1535.87 2130
1681050912.8904073 1541.41 2137
1681050912.8918326 1547.92 2143
1681050912.958074 1551.98 2149
1681050912.9595277 1555.95 2155
1681050912.96087 1560.01 2162
1681050912.9622042 1564.03 2168
1681050912.9635172 1570.17 2174
1681050912.9649696 1575.83 2181
1681050912.966321 1583.25 2187
1681050912.9676352 1589.17 2193
1681050912.9689472 1593.06 2199
1681050912.9702773 1597.08 2206
1681050912.971599 1601.30 2212
1681050912.9729285 1607.56 2219
1681050912.9742658 1614.71 2225
1681050913.041456 1622.18 2231
1681050913.043046 1627.48 2237
1681050913.0444126 1631.46 2243
1681050913.0458903 1635.43 2250
1681050913.0472379 1639.77 2256
1681050913.0485563 1646.48 2263
1681050913.049912 1653.71 2269
1681050913.051224 1661.14 2275
1681050913.0525594 1666.24 2281
1681050913.0538936 1670.13 2287
1681050913.0551958 1674.15 2293
1681050913.0565007 1679.41 2300
1681050913.0578215 1686.32 2307
1681050913.059167 1693.79 2313
1681050913.1267328 1700.93 2319
1681050913.1281242 1704.87 2325
1681050913.1294918 1708.89 2331
1681050913.1308217 1712.90 2337
1681050913.1325755 1719.13 2344
1681050913.1340082 1726.12 2351
1681050913.1354785 1733.67 2357
1681050913.1368248 1738.53 2363
1681050913.1381834 1742.50 2369
1681050913.1395063 1746.52 2375
1681050913.1408637 1752.66 2382
1681050913.1422403 1759.81 2388
1681050913.1435552 1767.20 2395
1681050913.2101755 1772.70 2401
1681050913.2119682 1776.64 2407
1681050913.2135985 1780.65 2413
1681050913.2150404 1786.52 2419
1681050913.2164595 1792.94 2426
1681050913.2178786 1800.49 2433
1681050913.2192507 1806.04 2439
1681050913.220668 1809.97 2445
1681050913.2220848 1814.03 2451
1681050913.2235975 1819.85 2457
1681050913.2251267 1825.92 2463
1681050913.2265596 1833.31 2469
1681050913.2279503 1839.01 2477
1681050913.2293959 1842.94 2483
1681050913.2955725 1846.96 2489
1681050913.2971542 1852.94 2495
1681050913.2986662 1859.21 2501
1681050913.300118 1866.32 2507
1681050913.3014674 1871.18 2514
1681050913.3027897 1875.11 2521
1681050913.304324 1879.17 2527
1681050913.3058755 1885.11 2533
1681050913.3072078 1891.26 2539
1681050913.3085558 1898.73 2545
1681050913.3099186 1902.66 2551
1681050913.3112419 1906.68 2557
1681050913.312599 1911.14 2565
1681050913.3792949 1917.12 2571
1681050913.380668 1924.19 2577
1681050913.3822093 1930.54 2583
1681050913.383564 1934.51 2589
1681050913.384885 1938.53 2595
1681050913.3864567 1943.99 2603
1681050913.3878071 1949.77 2609
1681050913.3891764 1956.36 2615
1681050913.3904734 1961.62 2621
1681050913.3917084 1965.60 2627
1681050913.3929198 1969.61 2633
1681050913.3941891 1975.24 2639
1681050913.3954086 1980.46 2647
1681050913.4628131 1987.32 2653
1681050913.4638727 1991.46 2659
1681050913.4647632 1995.44 2665
1681050913.4657063 1999.61 2671
1681050913.4666648 2004.83 2677
1681050913.4675744 2010.58 2683
1681050913.468465 2015.64 2690
1681050913.4693706 2019.57 2697
1681050913.4702604 2023.63 2703
1681050913.4711323 2028.53 2709
1681050913.4720004 2033.75 2715
1681050913.4728696 2039.85 2721
1681050913.4737818 2043.91 2727
1681050913.474659 2047.93 2734
1681050913.548233 2052.40 2741
1681050913.5500798 2058.00 2747
1681050913.5514698 2063.72 2753
1681050913.5529213 2068.63 2759
1681050913.554378 2072.62 2765
1681050913.5557191 2076.69 2771
1681050913.5570388 2082.09 2779
1681050913.5584009 2087.48 2785
1681050913.5597951 2093.69 2791
1681050913.5614321 2097.68 2797
1681050913.5631742 2101.70 2803
1681050913.5647764 2106.58 2809
1681050913.5664985 2112.10 2816
1681050913.6315992 2118.10 2823
1681050913.6332638 2123.30 2829
1681050913.6347194 2127.33 2835
1681050913.6363091 2131.35 2841
1681050913.6377542 2137.07 2847
1681050913.639142 2142.43 2853
1681050913.6405368 2148.76 2860
1681050913.6421204 2152.78 2866
1681050913.6437035 2156.85 2873
1681050913.6450963 2161.57 2879
1681050913.6465466 2167.08 2885
1681050913.6478527 2173.13 2891
1681050913.6491528 2178.00 2897
1681050913.6504743 2181.99 2904
1681050913.7167664 2186.02 2910
1681050913.7182834 2191.42 2917
1681050913.719694 2196.73 2923
1681050913.7210927 2202.86 2929
1681050913.7224874 2206.84 2935
1681050913.7238712 2210.91 2941
1681050913.7255394 2215.83 2948
1681050913.7269545 2221.31 2954
1681050913.728328 2227.47 2961
1681050913.7296298 2232.42 2967
1681050913.7309074 2236.41 2973
1681050913.7321675 2240.44 2979
1681050913.733491 2246.20 2985
1681050913.8008409 2251.72 2992
1681050913.8022845 2258.21 2998
1681050913.8036458 2262.27 3005
1681050913.8049839 2266.30 3011
1681050913.8063433 2271.10 3017
1681050913.8076599 2276.45 3023
1681050913.8089685 2282.25 3030
1681050913.810351 2287.17 3036
1681050913.8116772 2291.16 3042
1681050913.812985 2295.19 3049
1681050913.8144474 2300.70 3055
1681050913.8159304 2306.02 3061
1681050913.817347 2312.18 3067
1681050913.8843293 2316.13 3074
1681050913.8861265 2320.16 3080
1681050913.8876376 2325.20 3087
1681050913.8889763 2330.67 3093
1681050913.8903375 2336.52 3099
1681050913.8916497 2341.35 3105
1681050913.8929944 2345.34 3111
1681050913.8943598 2349.33 3118
1681050913.8956308 2354.88 3124
1681050913.896876 2360.28 3130
1681050913.8984253 2366.16 3137
1681050913.8998146 2370.19 3143
1681050913.9010403 2374.26 3149
1681050913.9022853 2379.54 3155
1681050913.9696002 2384.57 3162
1681050913.9711142 2390.74 3168
1681050913.972586 2395.09 3174
1681050913.9741497 2399.04 3181
1681050913.9756207 2403.10 3187
1681050913.9770775 2408.50 3193
1681050913.9785805 2413.98 3200
1681050913.9800408 2419.50 3206
1681050913.9816155 2423.49 3212
1681050913.983755 2427.60 3218
1681050913.9855466 2433.11 3225
1681050913.9869108 2438.43 3231
1681050913.9882414 2444.31 3237
1681050914.0531814 2448.38 3244
1681050914.0549097 2452.33 3250
1681050914.0563834 2456.56 3256
1681050914.0578995 2462.24 3262
1681050914.059497 2467.64 3269
1681050914.060885 2473.00 3275
1681050914.0622354 2476.98 3281
1681050914.0635462 2481.05 3288
1681050914.064999 2486.45 3294
1681050914.0666175 2491.65 3300
1681050914.0679379 2497.73 3306
1681050914.0692823 2501.72 3313
1681050914.0706136 2505.79 3319
1681050914.0724165 2510.62 3325
1681050914.138281 2515.82 3332
1681050914.1396773 2521.70 3338
1681050914.1410322 2526.41 3344
1681050914.142443 2530.40 3350
1681050914.1437721 2534.47 3357
1681050914.145129 2540.03 3363
1681050914.1465764 2545.34 3369
1681050914.1479018 2551.47 3376
1681050914.1492865 2555.41 3382
1681050914.150538 2559.48 3388
1681050914.1518033 2564.88 3394
1681050914.1530368 2569.92 3401
1681050914.1543596 2576.00 3407
1681050914.2216866 2580.11 3414
1681050914.2234292 2584.18 3420
1681050914.2249384 2588.21 3426
1681050914.2264347 2593.64 3432
1681050914.2278075 2599.12 3438
1681050914.229157 2604.76 3445
1681050914.230608 2608.71 3451
1681050914.2322378 2612.78 3458
1681050914.2336948 2618.22 3464
1681050914.235132 2623.29 3470
1681050914.2364588 2629.58 3476
1681050914.2378387 2633.68 3482
1681050914.2391553 2637.67 3489
1681050914.30565 2642.02 3495
1681050914.306282 2647.62 3502
1681050914.3067908 2653.63 3508
1681050914.3072724 2658.66 3514
1681050914.3077512 2662.65 3520
1681050914.3082402 2666.72 3526
1681050914.3087192 2672.32 3533
1681050914.3092883 2677.51 3539
1681050914.3098338 2683.68 3546
1681050914.3103702 2687.75 3552
1681050914.3109066 2691.73 3558
1681050914.311442 2696.41 3564
1681050914.311977 2701.84 3570
1681050914.3125098 2707.93 3577
1681050914.3910384 2712.96 3584
1681050914.3925123 2716.91 3590
1681050914.394151 2720.98 3596
1681050914.3957062 2726.46 3602
1681050914.3975658 2732.02 3608
1681050914.3989868 2738.10 3614
1681050914.4003952 2742.09 3621
1681050914.4018235 2746.12 3628
1681050914.4031997 2751.19 3634
1681050914.4045846 2756.51 3640
1681050914.4060082 2762.75 3646
1681050914.4075515 2767.30 3652
1681050914.408964 2771.25 3658
1681050914.4745333 2775.32 3665
1681050914.476133 2780.96 3672
1681050914.4775853 2786.44 3678
1681050914.4790149 2792.88 3684
1681050914.4805038 2796.83 3690
1681050914.4819295 2800.90 3696
1681050914.4832873 2806.18 3702
1681050914.4846735 2811.45 3709
1681050914.4860628 2817.82 3716
1681050914.4875329 2822.37 3722
1681050914.4889438 2826.36 3728
1681050914.490322 2830.39 3734
1681050914.4916444 2836.03 3740
1681050914.4929001 2841.67 3746
1681050914.5598006 2847.87 3753
1681050914.5612063 2851.86 3760
1681050914.562554 2855.89 3766
1681050914.5638525 2861.49 3772
1681050914.5652444 2866.88 3778
1681050914.5664752 2873.09 3784
1681050914.5680406 2877.40 3790
1681050914.5693681 2881.39 3798
1681050914.5706742 2885.41 3804
1681050914.5718784 2890.93 3810
1681050914.5730858 2896.53 3816
1681050914.5743418 2902.29 3822
1681050914.57557 2906.28 3828
1681050914.6431894 2910.31 3834
1681050914.6448848 2915.51 3842
1681050914.6463852 2920.66 3848
1681050914.6477306 2926.95 3854
1681050914.649464 2931.02 3860
1681050914.6510222 2934.96 3866
1681050914.6525316 2939.15 3872
1681050914.6538913 2944.91 3878
1681050914.6552038 2950.63 3886
1681050914.6565075 2955.83 3892
1681050914.65783 2959.86 3898
1681050914.6591303 2963.93 3904
1681050914.6604319 2969.36 3910
1681050914.7272944 2974.60 3916
1681050914.7289088 2980.56 3922
1681050914.730291 2984.63 3930
1681050914.7320127 2988.62 3936
1681050914.733692 2993.25 3942
1681050914.7350242 2998.73 3948
1681050914.7363408 3004.41 3954
1681050914.737697 3009.37 3960
1681050914.7390122 3013.31 3966
1681050914.7403164 3017.38 3974
1681050914.7416625 3022.86 3980
1681050914.7429857 3028.42 3986
1681050914.744306 3034.58 3992
1681050914.7460594 3038.65 3998
1681050914.8124008 3042.72 4004
1681050914.8138113 3047.64 4011
1681050914.815131 3052.95 4018
1681050914.816458 3058.67 4024
1681050914.8182063 3063.27 4030
1681050914.81987 3067.25 4036
1681050914.8212254 3071.32 4042
1681050914.8225536 3076.72 4048
1681050914.8238916 3081.96 4055
1681050914.8252192 3087.48 4062
1681050914.8265288 3091.46 4068
1681050914.8278377 3095.53 4074
1681050914.829157 3100.97 4080
1681050914.8959715 3105.64 4086
1681050914.897776 3111.24 4092
1681050914.8992715 3115.31 4099
1681050914.9007168 3119.30 4106
1681050914.902109 3123.81 4112
1681050914.9034386 3129.21 4118
1681050914.904763 3134.69 4124
1681050914.906111 3139.12 4130
1681050914.9074183 3143.15 4136
1681050914.908743 3147.17 4143
1681050914.9100862 3152.73 4150
1681050914.9115007 3158.09 4156
1681050914.9128213 3163.85 4162
1681050914.914338 3167.84 4168
1681050914.9814506 3171.91 4174
1681050914.983699 3177.43 4180
1681050914.986145 3182.79 4187
1681050914.9882038 3188.67 4194
1681050914.9897768 3192.82 4200
1681050914.9912105 3196.80 4206
1681050914.9926684 3200.79 4212
1681050914.9940352 3206.63 4218
1681050914.9953423 3212.31 4225
1681050914.9966471 3217.99 4231
1681050914.9980097 3221.94 4238
1681050914.999389 3226.01 4244
1681050915.000737 3231.53 4250
1681050915.0646777 3237.09 4256
1681050915.0666738 3243.09 4262
1681050915.0683506 3247.16 4269
1681050915.0698247 3251.19 4275
1681050915.071272 3255.42 4282
1681050915.0727065 3260.97 4288
1681050915.074177 3266.94 4294
1681050915.0756037 3272.25 4300
1681050915.0770073 3276.20 4306
1681050915.0786624 3280.27 4313
1681050915.0800552 3285.95 4319
1681050915.0814092 3291.63 4326
1681050915.0827315 3297.71 4332
1681050915.1486495 3301.74 4338
1681050915.1504624 3305.73 4344
1681050915.1519299 3310.24 4350
1681050915.153373 3315.64 4357
1681050915.1548135 3321.96 4363
1681050915.1562254 3327.32 4370
1681050915.1575701 3331.27 4376
1681050915.1589766 3335.34 4382
1681050915.1605873 3340.25 4388
1681050915.1619613 3345.61 4395
1681050915.1632795 3351.93 4401
1681050915.1645927 3355.96 4407
1681050915.165942 3359.95 4414
1681050915.1672523 3364.22 4420
1681050915.2339745 3369.90 4426
1681050915.2353532 3375.98 4432
1681050915.236677 3381.34 4439
1681050915.2381678 3385.29 4445
1681050915.239756 3389.36 4451
1681050915.2410834 3395.08 4458
1681050915.2424378 3400.56 4464
1681050915.243851 3406.84 4470
1681050915.2451835 3410.87 4476
1681050915.246491 3414.86 4483
1681050915.2477977 3419.21 4489
1681050915.2491117 3424.65 4495
1681050915.2503893 3430.29 4502
1681050915.3174067 3435.56 4508
1681050915.3191264 3439.51 4514
1681050915.3205383 3443.54 4520
1681050915.321894 3449.10 4527
1681050915.3232234 3454.62 4533
1681050915.324628 3460.54 4539
1681050915.3259954 3464.57 4546
1681050915.3273199 3468.55 4552
1681050915.3286283 3473.19 4558
1681050915.3299563 3478.63 4564
1681050915.3312874 3484.39 4571
1681050915.3326292 3489.26 4577
1681050915.3340147 3493.25 4583
1681050915.3353286 3497.32 4590
1681050915.4017704 3502.84 4596
1681050915.4022286 3508.03 4602
1681050915.4026568 3514.07 4609
1681050915.403158 3518.02 4615
1681050915.4037123 3522.05 4621
1681050915.4042337 3527.09 4627
1681050915.4047403 3532.36 4634
1681050915.4052715 3538.20 4640
1681050915.4057875 3542.68 4646
1681050915.4063 3546.66 4653
1681050915.4068053 3550.69 4659
1681050915.4073124 3556.09 4665
1681050915.4078138 3561.29 4671
1681050915.4858148 3567.17 4678
1681050915.4864104 3571.16 4684
1681050915.4868753 3575.22 4690
1681050915.4873333 3580.70 4697
1681050915.4877892 3586.02 4703
1681050915.4882398 3591.78 4709
1681050915.4887116 3595.85 4715
1681050915.4891498 3599.84 4722
1681050915.4895554 3603.91 4728
1681050915.4899983 3609.59 4734
1681050915.4904532 3615.43 4741
1681050915.4909256 3621.07 4747
1681050915.4913962 3625.05 4753
1681050915.4918683 3629.12 4759
1681050915.5705194 3634.40 4766
1681050915.5709577 3639.44 4772
1681050915.5713603 3645.16 4779
1681050915.5717468 3649.18 4785
1681050915.5721292 3653.17 4791
1681050915.5725157 3657.76 4797
1681050915.5728927 3663.20 4803
1681050915.5732837 3669.00 4810
1681050915.5736628 3673.84 4816
1681050915.5740361 3677.83 4823
1681050915.5744188 3681.89 4829
1681050915.5748081 3687.49 4835
1681050915.5751956 3692.69 4841
1681050915.6552691 3698.49 4847
1681050915.656554 3702.56 4854
1681050915.6578076 3706.59 4860
1681050915.659015 3712.15 4867
1681050915.6602082 3717.38 4873
1681050915.661434 3723.27 4879
1681050915.662641 3727.37 4885
1681050915.6639042 3731.36 4891
1681050915.6652334 3735.43 4898
1681050915.666452 3741.07 4904
1681050915.667657 3746.39 4911
1681050915.6688569 3751.87 4917
1681050915.6700892 3755.85 4923
1681050915.7388442 3759.92 4929
1681050915.740468 3765.32 4935
1681050915.7418823 3770.76 4942
1681050915.7432277 3776.60 4948
1681050915.7445931 3780.71 4955
1681050915.745971 3784.70 4961
1681050915.747269 3789.25 4967
1681050915.7485723 3794.61 4973
1681050915.749954 3800.00 4979
1681050915.7512379 3804.84 4986
1681050915.7525215 3808.83 4993
1681050915.7538533 3812.90 4999
1681050915.7550478 3818.33 5005
1681050915.7563636 3823.59 5011
1681050915.8241 3829.17 5017
1681050915.8256173 3833.16 5023
1681050915.826938 3837.19 5030
1681050915.828236 3842.62 5037
1681050915.8295734 3846.69 5043
1681050915.8309307 3850.72 5049
1681050915.8322358 3852.74 5054
1681050915.8335648 3853.50 5059
1681050915.834868 3853.54 5065
1681050915.8361583 3853.62 5072
1681050915.8374438 3853.62 5080
1681050915.8389492 3853.70 5083
1681050915.8402588 3853.70 5083
1681050915.9076118 3853.74 5094
1681050915.9094152 3853.74 5094
1681050915.910895 3853.74 5094
1681050915.9122136 3853.74 5094
1681050915.913552 3853.74 5094
1681050915.9148629 3853.74 5094
1681050915.916165 3853.74 5094
1681050915.9174767 3853.78 5140
1681050915.9187686 3853.78 5140
1681050915.9201488 3853.78 5140
1681050915.921515 3853.78 5161
1681050915.9228594 3853.82 5161
1681050915.924176 3853.82 5161
1681050915.9255137 3853.86 5177
1681050915.992903 3853.90 5186
1681050915.9944203 3853.94 5191
1681050915.9957678 3853.94 5191
1681050915.9970896 3853.94 5204
1681050915.9984903 3853.98 5204
1681050915.9998207 3853.98 5204
1681050916.0011992 3853.98 5204
1681050916.0025535 3854.02 5227
1681050916.0040643 3854.02 5227
1681050916.005523 3854.02 5227
1681050916.0068953 3854.02 5227
1681050916.0083213 3854.02 5227
1681050916.009693 3854.02 5227
1681050916.0768902 3854.06 5266
1681050916.0782707 3854.06 5266
1681050916.0795734 3854.06 5266
1681050916.0808637 3854.06 5266
1681050916.0823221 3854.10 5291
1681050916.0839913 3854.10 5291
1681050916.0856926 3854.10 5291
1681050916.087018 3854.10 5291
1681050916.0883217 3854.15 5314
1681050916.0896425 3854.15 5314
1681050916.0909426 3854.15 5314
1681050916.0922325 3854.19 5332
1681050916.093559 3854.19 5332
1681050916.1603146 3854.23 5346
1681050916.1619654 3854.23 5346
1681050916.163636 3854.23 5346
1681050916.1655369 3854.23 5346
1681050916.166898 3854.27 5370
1681050916.1682138 3854.27 5370
1681050916.1695588 3854.27 5370
1681050916.1708682 3854.27 5370
1681050916.172176 3854.27 5370
1681050916.1734917 3854.31 5403
1681050916.1747952 3854.31 5403
1681050916.1760988 3854.31 5403
1681050916.1776738 3854.31 5403
1681050916.1791265 3854.31 5403
1681050916.245505 3854.31 5403
1681050916.2469058 3854.31 5445
1681050916.2482326 3854.35 5445
1681050916.2495677 3854.35 5445
1681050916.2508667 3854.35 5445
1681050916.25216 3854.35 5445
1681050916.2534707 3854.39 5473
1681050916.2547028 3854.39 5473
1681050916.2558901 3854.39 5473
1681050916.25715 3854.39 5473
1681050916.2584147 3854.43 5496
1681050916.2596192 3854.43 5496
1681050916.2608166 3854.43 5496
1681050916.3290293 3854.47 5518
1681050916.3307705 3854.47 5518
1681050916.3321981 3854.47 5518
1681050916.3335507 3854.47 5518
1681050916.334852 3854.47 5544
1681050916.3361478 3854.51 5544
1681050916.337462 3854.51 5544
1681050916.33894 3854.51 5544
1681050916.3402586 3854.51 5570
1681050916.341609 3854.55 5570
1681050916.3430884 3854.55 5570
1681050916.344506 3854.55 5570
1681050916.3458753 3854.55 5570
1681050916.347173 3854.55 5570
1681050916.4144201 3854.55 5570
1681050916.4159634 3854.59 5609
1681050916.4174159 3854.59 5609
1681050916.4189243 3854.59 5609
1681050916.420443 3854.59 5609
1681050916.421866 3854.59 5609
1681050916.4232361 3854.59 5609
1681050916.4246113 3854.63 5651
1681050916.4259474 3854.63 5651
1681050916.427198 3854.63 5651
1681050916.4284232 3854.63 5651
1681050916.4296973 3854.63 5651
1681050916.4309971 3854.63 5651
1681050916.498538 3854.63 5651
1681050916.5000877 3854.63 5651
1681050916.501658 3854.63 5651
1681050916.5032418 3854.63 5651
1681050916.504693 3854.63 5651
1681050916.5060785 3854.63 5651
1681050916.50743 3854.63 5651
1681050916.5087717 3854.63 5651
1681050916.5101163 3854.63 5651
1681050916.5114577 3854.63 5651
1681050916.5127792 3854.63 5651
1681050916.5141673 3854.63 5651
1681050916.515454 3854.63 5651
1681050916.581763 3854.63 5772
1681050916.5836015 3854.67 5772
1681050916.5851498 3854.67 5772
1681050916.5865495 3854.67 5772
1681050916.5878894 3854.67 5772
1681050916.5892646 3854.67 5772
1681050916.5906 3854.67 5772
1681050916.5919318 3854.67 5772
1681050916.5933003 3854.67 5772
1681050916.5946405 3854.67 5772
1681050916.5959778 3854.67 5772
1681050916.5974352 3854.67 5772
1681050916.5987785 3854.67 5772
1681050916.600037 3854.67 5772
1681050916.667127 3854.67 5772
1681050916.668696 3854.67 5772
1681050916.6702979 3854.67 5772
1681050916.6716442 3854.67 5772
1681050916.6730988 3854.67 5772
1681050916.6744819 3854.67 5772
1681050916.6758173 3854.67 5772
1681050916.677185 3854.67 5772
1681050916.678543 3854.67 5772
1681050916.6800268 3854.67 5772
1681050916.6814587 3854.67 5772
1681050916.6828496 3854.67 5772
1681050916.6841073 3854.67 5772
1681050916.7505217 3854.67 5772
1681050916.7522511 3854.67 5772
1681050916.7538202 3854.67 5772
1681050916.7553997 3854.67 5772
1681050916.7569249 3854.67 5772
1681050916.7584836 3854.67 5772
1681050916.760311 3854.67 5772
1681050916.762062 3854.67 5772
1681050916.7633908 3854.67 5772
1681050916.7647831 3854.67 5772
1681050916.7662027 3854.67 5772
1681050916.7675865 3854.67 5772
1681050916.7689385 3854.67 5772
1681050916.7704062 3854.67 5772
1681050916.835613 3854.67 5772
1681050916.8370225 3854.67 5772
1681050916.8383226 3854.67 5772
1681050916.8395584 3854.67 5772
1681050916.840795 3854.67 5772
1681050916.8421192 3854.67 5772
1681050916.8434515 3854.67 5772
1681050916.8447127 3854.67 5772
1681050916.8459501 3854.67 5772
1681050916.8471768 3854.67 5772
1681050916.8484123 3854.67 5772
1681050916.84967 3854.67 5772
1681050916.8508995 3854.67 5772
1681050916.9197872 3854.67 5772
1681050916.921182 3854.67 5772
1681050916.9225082 3854.67 5772
1681050916.923959 3854.67 5772
1681050916.9254992 3854.67 5772
1681050916.9268408 3854.67 5772
1681050916.9281526 3854.67 5772
1681050916.9295452 3854.67 5772
1681050916.9310555 3854.67 5772
1681050916.93241 3854.67 5772
1681050916.933763 3854.67 5772
1681050916.9350967 3854.67 5772
1681050916.9366405 3854.67 5772
1681050917.003297 3854.67 5772
1681050917.0048769 3854.67 5772
1681050917.0063028 3854.67 5772
1681050917.0077472 3854.67 5772
1681050917.009335 3854.67 5772
1681050917.0107303 3854.67 5772
1681050917.0120678 3854.67 5772
1681050917.013478 3854.67 5772
1681050917.0149972 3854.67 5772
1681050917.0164282 3854.67 5772
1681050917.017821 3854.67 5772
1681050917.0191412 3854.67 5772
1681050917.020453 3854.67 5772
1681050917.021977 3854.67 5772
1681050917.0896742 3854.67 5772
1681050917.0912998 3854.67 5772
1681050917.0927525 3854.67 5772
1681050917.0941572 3854.67 5772
1681050917.0954924 3854.67 5772
1681050917.096822 3854.67 5772
1681050917.0981703 3854.67 5772
1681050917.0994864 3854.67 5772
1681050917.1008003 3854.67 5772
1681050917.1021369 3854.67 5772
1681050917.1034606 3854.67 5772
1681050917.104781 3854.67 5772
1681050917.106115 3854.67 5772
1681050917.1719406 3854.67 5772
1681050917.1735494 3854.67 5772
1681050917.1749334 3854.67 5772
1681050917.1764033 3854.67 5772
1681050917.1777923 3854.67 5772
1681050917.1791031 3854.67 5772
1681050917.180494 3854.67 5772
1681050917.1819875 3854.67 5772
1681050917.1833274 3854.67 5772
1681050917.184813 3854.67 5772
1681050917.1861908 3854.67 5772
1681050917.1875355 3854.67 5772
1681050917.1888554 3854.67 5772
1681050917.1903071 3854.67 5772
1681050917.2571752 3854.67 5772
1681050917.2588515 3854.67 5772
1681050917.2603476 3854.67 5772
1681050917.2617197 3854.67 5772
1681050917.2630413 3854.67 5772
1681050917.2648656 3854.67 5772
1681050917.2663097 3854.67 5772
1681050917.2676497 3854.67 5772
1681050917.2689726 3854.67 5772
1681050917.2703238 3854.67 5772
1681050917.271843 3854.67 5772
1681050917.2733855 3854.67 5772
1681050917.2747374 3854.67 5772
1681050917.3406742 3854.67 5772
1681050917.3421545 3854.67 5772
1681050917.3433814 3854.67 5772
1681050917.3445883 3854.67 5772
1681050917.3458426 3854.67 5772
1681050917.3472712 3854.67 5772
1681050917.348663 3854.67 5772
1681050917.349915 3854.67 5772
1681050917.3511176 3854.67 5772
1681050917.353044 3854.67 5772
1681050917.3551092 3854.67 5772
1681050917.3573425 3854.67 5772
1681050917.3595128 3854.67 5772
1681050917.4245205 3854.67 5772
1681050917.425723 3854.67 5772
1681050917.4267821 3854.67 5772
1681050917.4278362 3854.67 5772
1681050917.4288542 3854.67 5772
1681050917.4299333 3854.67 5772
1681050917.431049 3854.67 5772
1681050917.4322522 3854.67 5772
1681050917.4333973 3854.67 5772
1681050917.4344475 3854.67 5772
1681050917.4355006 3854.67 5772
1681050917.4365404 3854.67 5772
1681050917.4376023 3854.67 5772
1681050917.4386559 3854.67 5772
1681050917.5095224 3854.67 5772
1681050917.5103602 3854.67 5772
1681050917.511147 3854.67 5772
1681050917.5122237 3854.67 5772
1681050917.5130422 3854.67 5772
1681050917.5138705 3854.67 5772
1681050917.5146668 3854.67 5772
1681050917.5154498 3854.67 5772
1681050917.516234 3854.67 5772
1681050917.5170157 3854.67 5772
1681050917.5178306 3854.67 5772
1681050917.518631 3854.67 5772
1681050917.5194151 3854.67 5772
1681050917.59353 3854.67 5772
1681050917.5954115 3854.67 5772
1681050917.5969179 3854.67 5772
1681050917.5985699 3854.67 5772
1681050917.6000361 3854.67 5772
1681050917.6014218 3854.67 5772
1681050917.602763 3854.67 5772
1681050917.6041193 3854.67 5772
1681050917.6054974 3854.67 5772
1681050917.6068523 3854.67 5772
1681050917.608482 3854.67 5772
1681050917.6098964 3854.67 5772
1681050917.611228 3854.67 5772
1681050917.6124747 3854.67 5772
1681050917.6786463 3854.67 5772
1681050917.6801953 3854.67 5772
1681050917.6817882 3854.67 5772
1681050917.6831865 3854.67 5772
1681050917.6845841 3854.67 5772
1681050917.6860063 3854.67 5772
1681050917.68739 3854.67 5772
1681050917.6887717 3854.67 5772
1681050917.690163 3854.67 5772
1681050917.69154 3854.67 5772
1681050917.692901 3854.67 5772
1681050917.694162 3854.67 5772
1681050917.6954398 3854.67 5772
1681050917.7620401 3854.67 5772
1681050917.7637691 3854.67 5772
1681050917.7652984 3854.67 5772
1681050917.766774 3854.67 5772
1681050917.7680824 3854.67 5772
1681050917.7693958 3854.67 5772
1681050917.7707562 3854.67 5772
1681050917.7720854 3854.67 5772
1681050917.7734473 3854.67 5772
1681050917.7747898 3854.67 5772
1681050917.7761292 3854.67 5772
1681050917.777425 3854.67 5772
1681050917.7787738 3854.67 5772
1681050917.846092 3854.67 5772
1681050917.8478553 3854.67 5772
1681050917.8492827 3854.67 5772
1681050917.8506422 3854.67 5772
1681050917.8519914 3854.67 5772
1681050917.8533845 3854.67 5772
1681050917.8547347 3854.67 5772
1681050917.856029 3854.67 5772
1681050917.8573737 3854.67 5772
1681050917.8586526 3854.67 5772
1681050917.8599055 3854.67 5772
1681050917.8611708 3854.67 5772
1681050917.862446 3854.67 5772
1681050917.8638182 3854.67 5772
1681050917.9314187 3854.67 5772
1681050917.9329438 3854.67 5772
1681050917.9343877 3854.67 5772
1681050917.9358406 3854.67 5772
1681050917.937287 3854.67 5772
1681050917.9388146 3854.67 5772
1681050917.9421666 3854.67 5772
1681050917.9435382 3854.67 5772
1681050917.9447982 3854.67 5772
1681050917.9460795 3854.67 5772
1681050917.9476233 3854.67 5772
1681050917.9489548 3854.67 5772
1681050917.9503136 3854.67 5772
1681050918.0148563 3854.67 5772
1681050918.016482 3854.67 5772
1681050918.0178845 3854.67 5772
1681050918.0192606 3854.67 5772
1681050918.0205965 3854.67 5772
1681050918.0219758 3854.67 5772
1681050918.0233366 3854.67 5772
1681050918.024789 3854.67 5772
1681050918.026458 3854.67 5772
1681050918.027972 3854.67 5772
1681050918.0292819 3854.67 5772
1681050918.0307121 3854.67 5772
1681050918.0321257 3854.67 5772
1681050918.033434 3854.67 5772
1681050918.1001408 3854.67 5772
1681050918.1017408 3854.67 5772
1681050918.1032808 3854.67 5772
1681050918.1047804 3854.67 5772
1681050918.1063366 3854.67 5772
1681050918.1077394 3854.67 5772
1681050918.1090872 3854.67 5772
1681050918.1104815 3854.67 5772
1681050918.1118088 3854.67 5772
1681050918.1131487 3854.67 5772
1681050918.1145658 3854.67 5772
1681050918.115866 3854.67 5772
1681050918.1171913 3854.67 5772
1681050918.1832135 3854.67 5772
1681050918.1836922 3854.67 5772
1681050918.1840553 3854.67 5772
1681050918.1844604 3854.67 5772
1681050918.1848328 3854.67 5772
1681050918.1852202 3854.67 5772
1681050918.1855915 3854.67 5772
1681050918.1859813 3854.67 5772
1681050918.1863863 3854.67 5772
1681050918.1867762 3854.67 5772
1681050918.1872232 3854.67 5772
1681050918.1876519 3854.67 5772
1681050918.1880803 3854.67 5772
1681050918.2675712 3854.67 5772
1681050918.2694468 3854.67 5772
1681050918.271009 3854.67 5772
1681050918.2725387 3854.67 5772
1681050918.2740817 3854.67 5772
1681050918.2756014 3854.67 5772
1681050918.2770777 3854.67 5772
1681050918.2784986 3854.67 5772
1681050918.2799437 3854.67 5772
1681050918.2814033 3854.67 5772
1681050918.2827685 3854.67 5772
1681050918.2841492 3854.67 5772
1681050918.2856383 3854.67 5772
1681050918.2870307 3854.67 5772
1681050918.3528812 3854.67 5772
1681050918.3543448 3854.67 5772
1681050918.3557184 3854.67 5772
1681050918.3570585 3854.67 5772
1681050918.3584285 3854.67 5772
1681050918.359667 3854.67 5772
1681050918.3608947 3854.67 5772
1681050918.3621569 3854.67 5772
1681050918.363634 3854.67 5772
1681050918.3649085 3854.67 5772
1681050918.3661742 3854.67 5772
1681050918.3674352 3854.67 5772
1681050918.368669 3854.67 5772
1681050918.4363036 3854.67 5772
1681050918.438077 3854.67 5772
1681050918.4394877 3854.67 5772
1681050918.4408524 3854.67 5772
1681050918.4423695 3854.67 5772
1681050918.4437366 3854.67 5772
1681050918.4450357 3854.67 5772
1681050918.4466262 3854.67 5772
1681050918.4480345 3854.67 5772
1681050918.4494486 3854.67 5772
1681050918.4508138 3854.67 5772
1681050918.452157 3854.67 5772
1681050918.45364 3854.67 5772
1681050918.4549158 3854.67 5772
1681050918.5216794 3854.67 5772
1681050918.5232885 3854.67 5772
1681050918.5247316 3854.67 5772
1681050918.5261366 3854.67 5772
1681050918.527612 3854.67 5772
1681050918.5289772 3854.67 5772
1681050918.5303645 3854.67 5772
1681050918.531749 3854.67 5772
1681050918.5331247 3854.67 5772
1681050918.53451 3854.67 5772
1681050918.5358765 3854.67 5772
1681050918.5371244 3854.67 5772
1681050918.5384152 3854.67 5772
1681050918.6050637 3854.67 5772
1681050918.6068375 3854.67 5772
1681050918.60837 3854.67 5772
1681050918.609896 3854.67 5772
1681050918.6113636 3854.67 5772
1681050918.612713 3854.67 5772
1681050918.614098 3854.67 5772
1681050918.6154444 3854.67 5772
1681050918.6167948 3854.67 5772
1681050918.6181788 3854.67 5772
1681050918.6195405 3854.67 5772
1681050918.6208782 3854.67 5772
1681050918.6222417 3854.67 5772
1681050918.6234756 3854.67 5772
1681050918.6903417 3854.67 5772
1681050918.6917462 3854.67 5772
1681050918.6931818 3854.67 5772
1681050918.6944656 3854.67 5772
1681050918.6957088 3854.67 5772
1681050918.6971676 3854.67 5772
1681050918.698462 3854.67 5772
1681050918.6997063 3854.67 5772
1681050918.7009342 3854.67 5772
1681050918.7021852 3854.67 5772
1681050918.703464 3854.67 5772
1681050918.704706 3854.67 5772
1681050918.7059848 3854.67 5772
1681050918.7738967 3854.67 5772
1681050918.7749681 3854.67 5772
1681050918.7760375 3854.67 5772
1681050918.7770371 3854.67 5772
1681050918.7780488 3854.67 5772
1681050918.7790415 3854.67 5772
1681050918.7800772 3854.67 5772
1681050918.7811594 3854.67 5772
1681050918.7822165 3854.67 5772
1681050918.7831497 3854.67 5772
1681050918.7841504 3854.67 5772
1681050918.7853847 3854.67 5772
1681050918.7860968 3854.67 5772
1681050918.8576312 3854.67 5772
1681050918.8584945 3854.67 5772
1681050918.859311 3854.67 5772
1681050918.860088 3854.67 5772
1681050918.860871 3854.67 5772
1681050918.8618267 3854.67 5772
1681050918.862692 3854.67 5772
1681050918.8637478 3854.67 5772
1681050918.8645415 3854.67 5772
1681050918.8653407 3854.67 5772
1681050918.8661113 3854.67 5772
1681050918.8668957 3854.67 5772
1681050918.8676789 3854.67 5772
1681050918.868459 3854.67 5772
1681050918.943069 3854.67 5772
1681050918.944496 3854.67 5772
1681050918.9458897 3854.67 5772
1681050918.9473987 3854.67 5772
1681050918.9487529 3854.67 5772
1681050918.950037 3854.67 5772
1681050918.9513013 3854.67 5772
1681050918.9525213 3854.67 5772
1681050918.953797 3854.67 5772
1681050918.9550424 3854.67 5772
1681050918.9563813 3854.67 5772
1681050918.9576545 3854.67 5772
1681050918.958894 3854.67 5772
1681050919.0265872 3854.67 5772
1681050919.028356 3854.67 5772
1681050919.0298169 3854.67 5772
1681050919.0312724 3854.67 5772
1681050919.0326176 3854.67 5772
1681050919.0340252 3854.67 5772
1681050919.035695 3854.67 5772
1681050919.0371554 3854.67 5772
1681050919.0385623 3854.67 5772
1681050919.0399303 3854.67 5772
1681050919.0413172 3854.67 5772
1681050919.042603 3854.67 5772
1681050919.0438395 3854.67 5772
1681050919.0450673 3854.67 5772
1681050919.1118875 3854.67 5772
1681050919.113472 3854.67 5772
1681050919.1149824 3854.67 5772
1681050919.1166337 3854.67 5772
1681050919.1181068 3854.67 5772
1681050919.1194813 3854.67 5772
1681050919.1208212 3854.67 5772
1681050919.1221805 3854.67 5772
1681050919.12353 3854.67 5772
1681050919.1248634 3854.67 5772
1681050919.126198 3854.67 5772
1681050919.1275108 3854.67 5772
1681050919.1291168 3854.67 5772
1681050919.1960213 3854.67 5772
1681050919.1980677 3854.67 5772
1681050919.199566 3854.67 5772
1681050919.2009284 3854.67 5772
1681050919.2023487 3854.67 5772
1681050919.2037034 3854.67 5772
1681050919.2050548 3854.67 5772
1681050919.2064579 3854.67 5772
1681050919.2078998 3854.67 5772
1681050919.2095063 3854.67 5772
1681050919.2108958 3854.67 5772
1681050919.2121265 3854.67 5772
1681050919.2134094 3854.67 5772
1681050919.2793548 3854.67 5772
1681050919.281285 3854.67 5772
1681050919.2828054 3854.67 5772
1681050919.2842808 3854.67 5772
1681050919.285701 3854.67 5772
1681050919.2870336 3854.67 5772
1681050919.2886035 3854.67 5772
1681050919.2900038 3854.67 5772
1681050919.2913623 3854.67 5772
1681050919.2927022 3854.67 5772
1681050919.2941017 3854.67 5772
1681050919.2954774 3854.67 5772
1681050919.2969189 3854.67 5772
1681050919.298353 3854.67 5772
1681050919.3645506 3854.67 5772
1681050919.3661478 3854.67 5772
1681050919.36767 3854.71 8565
1681050919.369192 3854.71 8565
1681050919.3707213 3854.71 8565
1681050919.3720934 3854.71 8565
1681050919.3736095 3854.71 8565
1681050919.3749876 3854.71 8565
1681050919.3763614 3854.71 8565
1681050919.377735 3854.71 8565
1681050919.379085 3854.71 8565
1681050919.3804677 3854.71 8565
1681050919.3818963 3854.71 8565
1681050919.4478898 3854.71 8565
1681050919.4496725 3854.71 8565
1681050919.4511611 3854.71 8565
1681050919.4525154 3854.71 8565
1681050919.4538796 3854.71 8565
1681050919.455201 3854.71 8565
1681050919.456616 3854.71 8565
1681050919.4579816 3854.71 8565
1681050919.4593134 3854.71 8565
1681050919.4606707 3854.71 8565
1681050919.4622097 3854.71 8565
1681050919.4645965 3854.71 8565
1681050919.4669294 3854.71 8565
1681050919.4685895 3854.71 8565
1681050919.5331638 3854.71 8565
1681050919.534567 3854.71 8565
1681050919.535916 3854.71 8565
1681050919.5372744 3854.71 8565
1681050919.5386603 3854.71 8565
1681050919.5399969 3854.71 8565
1681050919.5413692 3854.71 8565
1681050919.5427253 3854.71 8565
1681050919.5440695 3854.71 8565
1681050919.5454028 3854.71 8565
1681050919.5466437 3854.71 8565
1681050919.5479884 3854.71 8565
1681050919.549331 3854.71 8565
1681050919.6173594 3854.71 8565
1681050919.618732 3854.71 8565
1681050919.6200416 3854.71 8565
1681050919.6213717 3854.71 8565
1681050919.6226833 3854.71 8565
1681050919.624126 3854.71 8565
1681050919.625793 3854.71 8565
1681050919.6272771 3854.71 8565
1681050919.6291828 3854.71 8565
1681050919.6309018 3854.71 8565
1681050919.6321516 3854.71 8565
1681050919.633393 3854.71 8565
1681050919.6346166 3854.71 8565
1681050919.7004962 3854.71 8565
1681050919.7010205 3854.71 8565
1681050919.7014403 3854.71 8565
1681050919.7018814 3854.71 8565
1681050919.7024252 3854.71 8565
1681050919.7029624 3854.71 8565
1681050919.7034569 3854.71 8565
1681050919.703958 3854.71 8565
1681050919.7044346 3854.71 8565
1681050919.7049365 3854.71 8565
1681050919.7054489 3854.71 8565
1681050919.7059827 3854.71 8565
1681050919.7065206 3854.71 8565
1681050919.7070546 3854.71 8565
1681050919.785223 3854.71 8565
1681050919.7857406 3854.71 8565
1681050919.7861922 3854.71 8565
1681050919.7865725 3854.71 8565
1681050919.786969 3854.71 8565
1681050919.787413 3854.71 8565
1681050919.7878466 3854.71 8565
1681050919.7882638 3854.71 8565
1681050919.788679 3854.71 8565
1681050919.789131 3854.71 8565
1681050919.7895575 3854.71 8565
1681050919.789975 3854.71 8565
1681050919.7903905 3854.71 8565
1681050919.8694484 3854.71 8565
1681050919.8720243 3854.71 8565
1681050919.8743653 3854.71 8565
1681050919.8761137 3854.71 8565
1681050919.8776581 3854.71 8565
1681050919.8790302 3854.71 8565
1681050919.8805013 3854.71 8565
1681050919.8818734 3854.71 8565
1681050919.8832185 3854.71 8565
1681050919.8845348 3854.71 8565
1681050919.8858926 3854.71 8565
1681050919.8872771 3854.71 8565
1681050919.888607 3854.71 8565
1681050919.8898902 3854.71 8565
1681050919.9545255 3854.71 8565
1681050919.9559073 3854.71 8565
1681050919.95721 3854.71 8565
1681050919.958542 3854.71 8565
1681050919.9598656 3854.71 8565
1681050919.9611928 3854.71 8565
1681050919.962437 3854.71 8565
1681050919.9636438 3854.71 8565
1681050919.9648561 3854.71 8565
1681050919.9661245 3854.71 8565
1681050919.9673328 3854.71 8565
1681050919.9685369 3854.71 8565
1681050919.969768 3854.71 8565
1681050920.038703 3854.71 8565
1681050920.040142 3854.71 8565
1681050920.0416257 3854.71 8565
1681050920.0430167 3854.71 8565
1681050920.0443969 3854.71 8565
1681050920.0458388 3854.71 8565
1681050920.0473173 3854.71 8565
1681050920.048822 3854.71 8565
1681050920.0502775 3854.71 8565
1681050920.0516615 3854.71 8565
1681050920.0530336 3854.71 8565
1681050920.054456 3854.71 8565
1681050920.0561347 3854.71 8565
1681050920.1221983 3854.71 8565
1681050920.123953 3854.71 8565
1681050920.125465 3854.71 8565
1681050920.1269445 3854.71 8565
1681050920.1284053 3854.71 8565
1681050920.1299589 3854.71 8565
1681050920.1314201 3854.71 8565
1681050920.1331704 3854.71 8565
1681050920.13454 3854.71 8565
1681050920.1358545 3854.71 8565
1681050920.137214 3854.71 8565
1681050920.1385458 3854.71 8565
1681050920.139849 3854.71 8565
1681050920.1411757 3854.71 8565
1681050920.2075267 3854.71 8565
1681050920.209031 3854.71 8565
1681050920.210893 3854.71 8565
1681050920.2124906 3854.71 8565
1681050920.213935 3854.71 8565
1681050920.215307 3854.71 8565
1681050920.2168896 3854.71 8565
1681050920.2183726 3854.71 8565
1681050920.2197793 3854.71 8565
1681050920.2212088 3854.71 8565
1681050920.2226143 3854.71 8565
1681050920.2239742 3854.71 8565
1681050920.2253757 3854.71 8565
1681050920.2908823 3854.71 8565
1681050920.2925327 3854.71 8565
1681050920.2939749 3854.71 8565
1681050920.295409 3854.71 8565
1681050920.297042 3854.71 8565
1681050920.2987418 3854.71 8565
1681050920.3005483 3854.71 8565
1681050920.3019328 3854.71 8565
1681050920.3032486 3854.71 8565
1681050920.3045552 3854.71 8565
1681050920.3059242 3854.71 8565
1681050920.3072355 3854.71 8565
1681050920.30854 3854.71 8565
1681050920.3100746 3854.71 8565
1681050920.37628 3854.71 8565
1681050920.377755 3854.71 8565
1681050920.3794353 3854.71 8565
1681050920.3813953 3854.71 8565
1681050920.382838 3854.71 8565
1681050920.3841603 3854.71 8565
1681050920.3856165 3854.71 8565
1681050920.386937 3854.71 8565
1681050920.38824 3854.71 8565
1681050920.3895636 3854.71 8565
1681050920.3910613 3854.71 8565
1681050920.3925927 3854.71 8565
1681050920.3939664 3854.71 8565
1681050920.4596543 3854.71 8565
1681050920.4614046 3854.71 8565
1681050920.462828 3854.71 8565
1681050920.4646728 3854.71 8565
1681050920.4660738 3854.71 8565
1681050920.467387 3854.71 8565
1681050920.4687011 3854.71 8565
1681050920.4700267 3854.71 8565
1681050920.4716003 3854.71 8565
1681050920.47314 3854.71 8565
1681050920.474474 3854.71 8565
1681050920.475787 3854.71 8565
1681050920.4770951 3854.71 8565
1681050920.5435705 3854.71 8565
1681050920.5451715 3854.71 8565
1681050920.5468936 3854.71 8565
1681050920.5482423 3854.71 8565
1681050920.5495934 3854.71 8565
1681050920.5511332 3854.71 8565
1681050920.5526612 3854.71 8565
1681050920.5540187 3854.71 8565
1681050920.5553312 3854.71 8565
1681050920.5566351 3854.71 8565
1681050920.557969 3854.71 8565
1681050920.5592759 3854.71 8565
1681050920.560576 3854.71 8565
1681050920.5619025 3854.71 8565
1681050920.6289272 3854.71 8565
1681050920.6305661 3854.71 8565
1681050920.632007 3854.71 8565
1681050920.6334345 3854.71 8565
1681050920.6346781 3854.71 8565
1681050920.6358957 3854.71 8565
1681050920.6370995 3854.71 8565
1681050920.6383498 3854.71 8565
1681050920.639549 3854.71 8565
1681050920.6407425 3854.71 8565
1681050920.6419754 3854.71 8565
1681050920.6431766 3854.71 8565
1681050920.6444042 3854.71 8565
1681050920.712429 3854.71 8565
1681050920.7141204 3854.71 8565
1681050920.7154858 3854.71 8565
1681050920.71718 3854.71 8565
1681050920.71857 3854.71 8565
1681050920.7198858 3854.71 8565
1681050920.7212234 3854.71 8565
1681050920.722543 3854.71 8565
1681050920.7238512 3854.71 8565
1681050920.725171 3854.71 8565
1681050920.726499 3854.71 8565
1681050920.7278051 3854.71 8565
1681050920.7295053 3854.71 8565
1681050920.731115 3854.71 8565
1681050920.7977278 3854.71 8565
1681050920.7992182 3854.71 8565
1681050920.8006172 3854.71 8565
1681050920.802097 3854.71 8565
1681050920.8034973 3854.71 8565
1681050920.8048017 3854.71 8565
1681050920.806132 3854.71 8565
1681050920.807472 3854.71 8565
1681050920.8087955 3854.71 8565
1681050920.8101459 3854.71 8565
1681050920.8114548 3854.71 8565
1681050920.8127713 3854.71 8565
1681050920.8140993 3854.71 8565
1681050920.8819664 3854.71 8565
1681050920.8838136 3854.71 8565
1681050920.8855731 3854.71 8565
1681050920.8869643 3854.71 8565
1681050920.8883758 3854.71 8565
1681050920.8898544 3854.71 8565
1681050920.891197 3854.71 8565
1681050920.892526 3854.71 8565
1681050920.8939457 3854.71 8565
1681050920.8957105 3854.71 8565
1681050920.8977518 3854.71 8565
1681050920.899313 3854.71 8565
1681050920.900676 3854.71 8565
1681050920.9662282 3854.71 8565
1681050920.9677305 3854.71 8565
1681050920.9692318 3854.71 8565
1681050920.9706914 3854.71 8565
1681050920.9721293 3854.71 8565
1681050920.97353 3854.71 8565
1681050920.9748366 3854.71 8565
1681050920.9761455 3854.71 8565
1681050920.977468 3854.71 8565
1681050920.9790292 3854.71 8565
1681050920.980817 3854.71 8565
1681050920.9823768 3854.71 8565
1681050920.9837542 3854.71 8565
1681050921.0504346 3854.71 8565
1681050921.0519423 3854.71 8565
1681050921.0534408 3854.71 8565
1681050921.0548208 3854.71 8565
1681050921.0561466 3854.71 8565
1681050921.0574844 3854.71 8565
1681050921.058797 3854.71 8565
1681050921.0601044 3854.71 8565
1681050921.0614305 3854.71 8565
1681050921.062762 3854.71 8565
1681050921.0644727 3854.71 8565
1681050921.065856 3854.71 8565
1681050921.067203 3854.71 8565
1681050921.1345477 3854.71 8565
1681050921.1359189 3854.71 8565
1681050921.1372721 3854.71 8565
1681050921.1386232 3854.71 8565
1681050921.1399431 3854.71 8565
1681050921.1412752 3854.71 8565
1681050921.1428165 3854.71 8565
1681050921.1441686 3854.71 8565
1681050921.1455448 3854.71 8565
1681050921.1468818 3854.71 8565
1681050921.1483417 3854.71 8565
1681050921.1497211 3854.71 8565
1681050921.150985 3854.71 8565
1681050921.2189326 3854.71 8565
1681050921.2204416 3854.71 8565
1681050921.2219622 3854.71 8565
1681050921.2236207 3854.71 8565
1681050921.2250917 3854.71 8565
1681050921.2265618 3854.71 8565
1681050921.2278976 3854.71 8565
1681050921.2295303 3854.71 8565
1681050921.2309866 3854.71 8565
1681050921.232312 3854.71 8565
1681050921.2340045 3854.71 8565
1681050921.235361 3854.71 8565
1681050921.2368965 3854.71 8565
1681050921.3034792 3854.71 8565
1681050921.3053048 3854.71 8565
1681050921.3068326 3854.71 8565
1681050921.30828 3854.71 8565
1681050921.3096476 3854.71 8565
1681050921.310978 3854.71 8565
1681050921.312333 3854.71 8565
1681050921.3140173 3854.71 8565
1681050921.3153667 3854.71 8565
1681050921.3167174 3854.71 8565
1681050921.3180761 3854.71 8565
1681050921.3194156 3854.71 8565
1681050921.3209393 3854.71 8565
1681050921.386794 3854.71 8565
1681050921.3885317 3854.71 8565
1681050921.3904486 3854.71 8565
1681050921.3918862 3854.71 8565
1681050921.3932421 3854.71 8565
1681050921.394579 3854.71 8565
1681050921.3962798 3854.71 8565
1681050921.3976586 3854.71 8565
1681050921.398994 3854.71 8565
1681050921.4003167 3854.71 8565
1681050921.4018698 3854.71 8565
1681050921.403392 3854.71 8565
1681050921.40475 3854.71 8565
1681050921.4711163 3854.71 8565
1681050921.472889 3854.71 8565
1681050921.4744256 3854.71 8565
1681050921.4760242 3854.71 8565
1681050921.4775274 3854.71 8565
1681050921.4792738 3854.71 8565
1681050921.4807267 3854.71 8565
1681050921.482097 3854.71 8565
1681050921.4834678 3854.71 8565
1681050921.4848092 3854.71 8565
1681050921.4861677 3854.71 8565
1681050921.4874992 3854.71 8565
1681050921.4888208 3854.71 8565
1681050921.5554054 3854.71 8565
1681050921.557185 3854.71 8565
1681050921.5586724 3854.71 8565
1681050921.5601206 3854.71 8565
1681050921.5615964 3854.71 8565
1681050921.563573 3854.71 8565
1681050921.565318 3854.71 8565
1681050921.5667915 3854.71 8565
1681050921.5681336 3854.71 8565
1681050921.5694773 3854.71 8565
1681050921.5708 3854.71 8565
1681050921.572124 3854.71 8565
1681050921.5734658 3854.71 8565
