1681069669.89736 0.00 0
1681069670.0171857 0.00 0
1681069670.018571 0.00 0
1681069670.0199976 0.00 0
1681069670.0212932 0.00 0
1681069670.0225654 0.00 0
1681069670.023804 0.00 0
1681069670.0250978 0.00 0
1681069670.0264688 0.04 76
1681069670.0277495 0.04 76
1681069670.029094 0.04 76
1681069670.030352 0.04 76
1681069670.0315971 0.48 98
1681069670.032964 5.31 103
1681069670.034265 11.78 109
1681069670.0354865 16.17 114
1681069670.036743 18.38 120
1681069670.1012175 23.20 125
1681069670.1027308 27.30 132
1681069670.104227 33.86 137
1681069670.1056066 40.25 143
1681069670.1070151 46.69 148
1681069670.1083617 53.32 154
1681069670.1097157 59.59 159
1681069670.1110966 66.23 165
1681069670.1124268 72.86 171
1681069670.1137335 79.26 176
1681069670.115057 85.45 182
1681069670.1163805 91.64 187
1681069670.1176922 97.72 193
1681069670.119022 104.27 199
1681069670.1204193 110.91 204
1681069670.1856568 117.30 210
1681069670.187304 121.20 217
1681069670.188832 124.98 222
1681069670.1902978 128.60 228
1681069670.1917222 132.38 233
1681069670.193181 137.25 239
1681069670.1945775 143.80 245
1681069670.1958764 150.07 250
1681069670.1972377 156.83 257
1681069670.198544 163.34 263
1681069670.1999743 170.09 268
1681069670.2013526 176.73 274
1681069670.2026732 183.12 280
1681069670.204018 189.60 285
1681069670.2688665 193.33 291
1681069670.2707636 196.99 297
1681069670.272272 200.73 303
1681069670.2736945 205.16 309
1681069670.2750432 212.07 315
1681069670.2763796 218.79 320
1681069670.277709 225.66 326
1681069670.2790508 232.29 331
1681069670.2803645 238.97 337
1681069670.2816942 242.79 344
1681069670.2830453 246.33 349
1681069670.2843275 250.07 355
1681069670.285694 253.69 361
1681069670.2869763 257.63 366
1681069670.2882016 264.26 372
1681069670.3542292 270.66 378
1681069670.355798 276.93 384
1681069670.3573534 283.57 390
1681069670.3588154 288.68 396
1681069670.360305 292.30 401
1681069670.3620646 298.00 407
1681069670.3637023 299.66 412
1681069670.3651066 303.60 418
1681069670.3664143 310.28 424
1681069670.367719 316.83 430
1681069670.3690643 323.23 436
1681069670.3703659 329.82 442
1681069670.3716707 333.48 447
1681069670.373012 336.50 453
1681069670.374308 339.72 458
1681069670.4384494 344.75 464
1681069670.439827 350.50 471
1681069670.4412339 356.65 477
1681069670.4426754 360.47 482
1681069670.4443054 363.73 488
1681069670.445641 366.99 493
1681069670.446967 372.54 499
1681069670.448273 377.89 505
1681069670.449479 384.16 510
1681069670.450677 387.66 517
1681069670.4518647 391.08 523
1681069670.4531317 395.19 528
1681069670.4543555 400.54 534
1681069670.45566 405.97 540
1681069670.5219593 411.11 545
1681069670.5235908 414.61 551
1681069670.5252845 418.19 558
1681069670.52672 423.14 563
1681069670.5280654 427.16 569
1681069670.529416 433.36 574
1681069670.5307214 436.90 580
1681069670.5320528 440.48 586
1681069670.5332885 444.86 591
1681069670.5345592 449.37 598
1681069670.535784 454.39 604
1681069670.5370333 458.78 609
1681069670.5383236 462.32 615
1681069670.539674 466.14 621
1681069670.5411067 470.60 626
1681069670.6069014 475.51 632
1681069670.6083133 480.26 637
1681069670.6097734 483.47 644
1681069670.6111362 487.37 650
1681069670.6124873 491.56 655
1681069670.6137004 496.47 661
1681069670.6149292 500.73 667
1681069670.6161404 503.87 672
1681069670.6173525 507.73 678
1681069670.6185536 511.63 685
1681069670.6198378 516.98 690
1681069670.6211152 520.52 696
1681069670.6223202 523.49 702
1681069670.6235397 527.72 707
1681069670.6903265 531.58 713
1681069670.692066 536.12 719
1681069670.6935306 539.18 724
1681069670.6949024 542.04 731
1681069670.696256 546.30 737
1681069670.6975849 550.93 742
1681069670.6988678 554.47 748
1681069670.7002223 556.88 753
1681069670.7015822 560.50 759
1681069670.702979 564.60 765
1681069670.7044983 568.74 771
1681069670.705729 571.20 776
1681069670.7069695 573.45 783
1681069670.7081945 577.39 788
1681069670.7094133 581.98 794
1681069670.775383 585.64 799
1681069670.7768514 587.57 805
1681069670.778059 591.75 812
1681069670.7792222 596.02 818
1681069670.780521 599.68 823
1681069670.7817457 602.01 829
1681069670.7829235 605.35 834
1681069670.7840753 609.61 840
1681069670.7852838 613.23 846
1681069670.786645 615.80 851
1681069670.7878284 618.78 858
1681069670.7890058 623.12 864
1681069670.7901635 626.87 869
1681069670.7913227 628.96 874
1681069670.7926137 631.81 881
1681069670.860298 635.96 886
1681069670.8618104 639.90 892
1681069670.8632915 642.55 899
1681069670.8647513 645.53 904
1681069670.8661764 649.23 910
1681069670.8675826 653.29 916
1681069670.8690314 655.70 921
1681069670.8704581 658.68 927
1681069670.8718586 662.22 932
1681069670.873332 666.40 939
1681069670.8747616 668.50 943
1681069670.8760984 670.99 950
1681069670.8775082 674.17 956
1681069670.878905 678.19 962
1681069670.9433534 680.32 967
1681069670.945049 682.94 973
1681069670.946369 685.31 979
1681069670.9476638 689.25 985
1681069670.9489956 691.06 990
1681069670.9502792 693.23 997
1681069670.9515877 696.05 1002
1681069670.952984 699.14 1008
1681069670.9547136 700.71 1014
1681069670.9560716 703.77 1020
1681069670.9573088 707.19 1027
1681069670.9584966 709.64 1032
1681069670.9596782 710.89 1039
1681069670.9609115 713.54 1045
1681069671.0276887 717.08 1051
1681069671.0293207 718.69 1057
1681069671.0306382 720.90 1063
1681069671.0319283 723.76 1070
1681069671.033281 725.81 1076
1681069671.0345643 727.18 1080
1681069671.0358715 730.08 1088
1681069671.0371945 732.89 1094
1681069671.0383759 734.86 1100
1681069671.039559 736.91 1106
1681069671.0407786 740.57 1113
1681069671.041972 745.00 1119
1681069671.0432632 747.61 1125
1681069671.0445209 751.80 1131
1681069671.1127195 756.58 1137
1681069671.1141434 759.28 1143
1681069671.1158097 762.74 1149
1681069671.1177251 767.36 1156
1681069671.1192393 771.02 1161
1681069671.1208782 772.19 1168
1681069671.1223109 776.17 1174
1681069671.123667 781.12 1180
1681069671.1249676 784.17 1186
1681069671.1262417 788.32 1192
1681069671.1275387 793.06 1199
1681069671.128892 796.20 1205
1681069671.1300778 799.78 1211
1681069671.1312573 804.41 1217
1681069671.1970136 808.15 1221
1681069671.1984117 810.48 1228
1681069671.1998336 814.78 1234
1681069671.2012057 819.01 1241
1681069671.2025633 820.90 1247
1681069671.203944 825.20 1253
1681069671.2053492 829.95 1259
1681069671.206638 831.56 1265
1681069671.2079144 835.58 1271
1681069671.2092059 840.36 1277
1681069671.2104688 842.94 1284
1681069671.2117407 846.72 1290
1681069671.213057 851.26 1296
1681069671.214354 854.08 1302
1681069671.2814255 857.34 1308
1681069671.2828183 861.92 1314
1681069671.2841918 864.94 1320
1681069671.2855208 868.40 1327
1681069671.2868512 873.07 1333
1681069671.2882075 876.32 1339
1681069671.2894583 879.14 1345
1681069671.2906675 883.72 1351
1681069671.2918622 887.42 1357
1681069671.2931278 889.40 1363
1681069671.2943323 893.78 1370
1681069671.2955327 897.56 1375
1681069671.296759 899.01 1382
1681069671.3647058 903.03 1388
1681069671.3663712 906.65 1393
1681069671.3678641 908.70 1400
1681069671.3693461 912.80 1406
1681069671.370768 916.38 1412
1681069671.3721807 918.44 1419
1681069671.3735085 922.58 1425
1681069671.37482 926.00 1430
1681069671.3761654 927.81 1437
1681069671.3774858 931.31 1443
1681069671.3787825 934.57 1448
1681069671.3801045 937.02 1456
1681069671.3813696 940.56 1462
1681069671.3825767 944.10 1468
1681069671.4491024 947.07 1474
1681069671.4511423 950.65 1480
1681069671.4530532 953.63 1485
1681069671.4547536 956.08 1491
1681069671.4562285 959.26 1498
1681069671.4575388 962.12 1504
1681069671.4588227 964.81 1510
1681069671.460043 968.23 1516
1681069671.4612613 970.97 1522
1681069671.4624786 973.62 1528
1681069671.4639058 977.00 1534
1681069671.4652884 979.57 1541
1681069671.4664898 982.51 1547
1681069671.4676757 986.09 1553
1681069671.5341368 988.82 1559
1681069671.535541 991.60 1565
1681069671.5370007 995.14 1571
1681069671.538336 997.75 1577
1681069671.5397635 1000.97 1584
1681069671.5412097 1004.71 1589
1681069671.542575 1005.88 1597
1681069671.5438561 1009.10 1603
1681069671.5451608 1012.35 1609
1681069671.546446 1013.96 1615
1681069671.547749 1016.74 1622
1681069671.549046 1020.36 1628
1681069671.5502255 1022.53 1634
1681069671.6175508 1025.59 1641
1681069671.6193066 1028.64 1647
1681069671.6209462 1031.29 1653
1681069671.622264 1034.38 1659
1681069671.6235669 1036.47 1666
1681069671.624883 1039.00 1672
1681069671.6261885 1042.65 1678
1681069671.6274798 1044.26 1684
1681069671.6288579 1047.15 1690
1681069671.630152 1049.72 1697
1681069671.6314156 1051.41 1703
1681069671.6326585 1053.78 1710
1681069671.6338625 1057.15 1716
1681069671.6351016 1059.32 1722
1681069671.702961 1062.41 1729
1681069671.7044764 1065.14 1735
1681069671.7058027 1067.31 1741
1681069671.707114 1070.28 1747
1681069671.7084365 1071.73 1754
1681069671.7097847 1074.14 1760
1681069671.7110713 1077.11 1765
1681069671.7123868 1078.80 1772
1681069671.713695 1081.61 1779
1681069671.7149389 1084.30 1785
1681069671.7161589 1085.35 1792
1681069671.7173665 1087.96 1798
1681069671.7185874 1090.41 1803
1681069671.7863586 1091.85 1810
1681069671.7881818 1094.66 1817
1681069671.7896607 1096.15 1822
1681069671.791148 1097.80 1829
1681069671.7925515 1100.85 1836
1681069671.7938464 1102.94 1841
1681069671.7951536 1105.35 1847
1681069671.7964787 1107.63 1854
1681069671.797782 1108.64 1861
1681069671.7990756 1110.89 1867
1681069671.8002806 1113.50 1872
1681069671.8015277 1115.18 1879
1681069671.802962 1118.32 1886
1681069671.8042595 1120.41 1892
1681069671.8719923 1121.85 1898
1681069671.8742957 1124.78 1904
1681069671.8765705 1126.47 1910
1681069671.8788416 1128.92 1916
1681069671.8811076 1131.53 1924
1681069671.8833597 1132.41 1930
1681069671.885435 1135.14 1936
1681069671.8870468 1137.55 1941
1681069671.8886502 1139.12 1948
1681069671.8901744 1141.41 1954
1681069671.8914247 1142.45 1960
1681069671.8926942 1144.34 1968
1681069671.8937333 1147.19 1973
1681069671.95508 1148.40 1980
1681069671.9558282 1150.00 1986
1681069671.9565563 1151.97 1992
1681069671.957251 1153.02 1998
1681069671.9579318 1155.43 2004
1681069671.9586225 1157.35 2012
1681069671.9593077 1158.96 2018
1681069671.9599936 1161.77 2023
1681069671.960699 1162.74 2029
1681069671.961388 1164.70 2035
1681069671.9620795 1166.71 2043
1681069671.9627779 1168.00 2050
1681069671.9634683 1170.61 2056
1681069672.0390694 1173.22 2062
1681069672.0409029 1175.51 2068
1681069672.042365 1178.60 2074
1681069672.0437958 1180.21 2081
1681069672.0452504 1181.89 2087
1681069672.0466242 1184.62 2094
1681069672.0479143 1186.43 2098
1681069672.0492837 1188.76 2105
1681069672.0505903 1191.17 2112
1681069672.0518887 1191.77 2118
1681069672.053198 1193.94 2125
1681069672.0544853 1196.27 2130
1681069672.0557077 1197.96 2138
1681069672.0569136 1200.49 2144
1681069672.1241717 1201.45 2149
1681069672.1255524 1203.18 2156
1681069672.1268713 1205.87 2161
1681069672.128192 1206.63 2169
1681069672.1294923 1208.64 2176
1681069672.1308103 1211.13 2181
1681069672.132118 1212.58 2187
1681069672.1333897 1215.19 2194
1681069672.1345713 1216.51 2200
1681069672.1357822 1217.96 2206
1681069672.136999 1220.25 2211
1681069672.1381953 1221.17 2217
1681069672.1393802 1223.02 2226
1681069672.2076395 1225.59 2232
1681069672.2093868 1227.07 2238
1681069672.2107704 1229.76 2244
1681069672.2121565 1231.81 2250
1681069672.2135007 1233.14 2257
1681069672.2148268 1235.71 2263
1681069672.2162209 1237.03 2269
1681069672.2175322 1239.20 2275
1681069672.2187579 1241.17 2282
1681069672.2199726 1241.85 2288
1681069672.2212584 1243.50 2294
1681069672.2225037 1245.63 2300
1681069672.223739 1246.99 2307
1681069672.225041 1249.72 2314
1681069672.2929833 1251.73 2320
1681069672.2945342 1253.74 2326
1681069672.2960057 1256.59 2332
1681069672.297534 1258.20 2336
1681069672.298986 1260.17 2345
1681069672.3004944 1262.74 2351
1681069672.3019795 1263.50 2358
1681069672.3034182 1266.39 2364
1681069672.3048854 1268.44 2370
1681069672.3062577 1269.72 2376
1681069672.3075943 1271.93 2382
1681069672.3089483 1273.10 2387
1681069672.310278 1274.87 2394
1681069672.376472 1276.75 2402
1681069672.378181 1277.72 2408
1681069672.3796299 1280.05 2414
1681069672.3810863 1282.30 2420
1681069672.3825352 1283.78 2426
1681069672.3839703 1286.59 2433
1681069672.3854241 1288.32 2439
1681069672.3869126 1289.77 2446
1681069672.3883293 1292.46 2451
1681069672.3896234 1293.62 2456
1681069672.3909082 1295.87 2464
1681069672.3922243 1297.92 2470
1681069672.3935254 1299.16 2478
1681069672.4602675 1301.61 2483
1681069672.4620273 1303.70 2490
1681069672.4635184 1304.95 2496
1681069672.4650161 1307.56 2502
1681069672.4664779 1309.20 2507
1681069672.4678996 1311.17 2513
1681069672.469358 1313.54 2522
1681069672.470711 1314.71 2528
1681069672.4720297 1317.03 2534
1681069672.4734628 1319.44 2539
1681069672.474873 1320.81 2546
1681069672.4763036 1323.30 2552
1681069672.4776256 1324.38 2558
1681069672.4789226 1326.23 2565
1681069672.5459297 1328.60 2572
1681069672.547379 1329.48 2578
1681069672.5488822 1331.29 2584
1681069672.5503113 1333.74 2590
1681069672.5516968 1335.03 2596
1681069672.5531936 1337.68 2603
1681069672.5544941 1339.44 2609
1681069672.5557852 1340.77 2616
1681069672.5571098 1343.50 2621
1681069672.5584402 1345.11 2627
1681069672.559844 1346.79 2633
1681069672.561198 1348.36 2640
1681069672.5624673 1348.96 2647
1681069672.6291354 1351.41 2653
1681069672.6307285 1353.62 2658
1681069672.6320205 1354.71 2666
1681069672.633296 1356.55 2671
1681069672.634521 1357.48 2676
1681069672.6357434 1358.88 2684
1681069672.637019 1360.37 2691
1681069672.638281 1361.37 2698
1681069672.6395223 1364.10 2704
1681069672.6407921 1366.39 2710
1681069672.6420324 1368.04 2716
1681069672.6432536 1370.21 2721
1681069672.6445003 1371.65 2727
1681069672.645732 1374.02 2734
1681069672.7142386 1376.63 2742
1681069672.7156026 1377.72 2748
1681069672.7170215 1380.09 2754
1681069672.7183356 1382.42 2759
1681069672.7196393 1383.90 2765
1681069672.721008 1386.51 2772
1681069672.722334 1387.72 2779
1681069672.7236414 1389.45 2786
1681069672.724902 1392.18 2790
1681069672.7261014 1393.26 2796
1681069672.7272973 1395.35 2804
1681069672.7285182 1397.36 2810
1681069672.7297213 1398.20 2817
1681069672.7977662 1400.89 2823
1681069672.799339 1402.98 2830
1681069672.8006828 1404.55 2836
1681069672.8019412 1406.88 2842
1681069672.8032048 1408.60 2846
1681069672.8045034 1410.65 2853
1681069672.8058608 1412.62 2861
1681069672.807155 1413.70 2867
1681069672.8084085 1415.47 2873
1681069672.8096628 1418.12 2878
1681069672.8109057 1419.81 2886
1681069672.8121977 1422.30 2892
1681069672.8134692 1423.90 2897
1681069672.8818243 1425.67 2905
1681069672.8836029 1428.40 2911
1681069672.8851743 1429.29 2918
1681069672.8869207 1431.37 2924
1681069672.8883884 1433.70 2930
1681069672.889827 1434.99 2936
1681069672.891144 1437.84 2942
1681069672.8924599 1439.49 2949
1681069672.8937602 1441.09 2955
1681069672.8950465 1443.38 2962
1681069672.8963468 1445.39 2967
1681069672.897632 1447.00 2972
1681069672.8988643 1448.88 2980
1681069672.90008 1449.61 2987
1681069672.9670484 1451.53 2993
1681069672.9685507 1454.51 2999
1681069672.9700506 1455.51 3005
1681069672.9713807 1457.84 3012
1681069672.9727335 1458.92 3017
1681069672.9740338 1460.53 3023
1681069672.9753268 1463.30 3030
1681069672.9766526 1464.23 3037
1681069672.9778633 1466.39 3043
1681069672.9790604 1468.88 3049
1681069672.9803278 1469.89 3055
1681069672.9815314 1472.22 3061
1681069672.982722 1473.62 3068
1681069673.0504947 1475.15 3075
1681069673.0522354 1477.68 3080
1681069673.0538282 1478.88 3087
1681069673.0552847 1481.17 3092
1681069673.0567236 1484.02 3100
1681069673.0581024 1485.07 3106
1681069673.0595243 1487.32 3112
1681069673.0609941 1489.81 3118
1681069673.0624166 1491.09 3125
1681069673.0637608 1493.94 3131
1681069673.0651355 1495.23 3137
1681069673.0664415 1496.80 3144
1681069673.0678146 1499.61 3149
1681069673.069295 1500.93 3155
1681069673.1359594 1503.18 3163
1681069673.1374674 1505.27 3169
1681069673.1389325 1506.31 3175
1681069673.140297 1508.72 3182
1681069673.1416583 1511.21 3187
1681069673.1429453 1513.10 3193
1681069673.1442375 1515.91 3201
1681069673.1455214 1517.92 3207
1681069673.1468084 1519.49 3213
1681069673.1480856 1522.10 3218
1681069673.149358 1523.06 3225
1681069673.1506631 1524.63 3232
1681069673.1520777 1526.43 3238
1681069673.2191608 1527.76 3245
1681069673.2206585 1530.37 3251
1681069673.2218704 1531.90 3256
1681069673.2230656 1533.22 3263
1681069673.2242916 1535.35 3269
1681069673.22548 1537.24 3275
1681069673.2266603 1539.29 3281
1681069673.227843 1542.02 3289
1681069673.2290578 1542.90 3295
1681069673.230238 1544.87 3301
1681069673.2314355 1547.12 3307
1681069673.2326982 1548.68 3313
1681069673.2339132 1550.97 3320
1681069673.3031564 1551.86 3326
1681069673.3047428 1553.42 3332
1681069673.3060632 1555.63 3337
1681069673.30737 1556.56 3345
1681069673.3086874 1558.32 3351
1681069673.309998 1560.65 3357
1681069673.3112962 1561.66 3363
1681069673.3126054 1563.86 3371
1681069673.3141024 1564.63 3377
1681069673.315476 1566.11 3382
1681069673.3168168 1567.80 3387
1681069673.3181086 1568.56 3394
1681069673.3195326 1570.21 3402
1681069673.3208728 1571.98 3407
1681069673.3884902 1573.26 3414
1681069673.3898516 1575.87 3420
1681069673.3912086 1577.24 3427
1681069673.393023 1578.93 3433
1681069673.3944461 1581.58 3439
1681069673.3957503 1583.14 3444
1681069673.3970642 1585.31 3450
1681069673.3983564 1587.56 3459
1681069673.3996515 1588.20 3465
1681069673.4009569 1590.53 3471
1681069673.4023356 1593.26 3476
1681069673.4036324 1594.51 3483
1681069673.4049542 1596.68 3489
1681069673.4719644 1597.72 3495
1681069673.4738045 1599.53 3502
1681069673.4751372 1601.90 3509
1681069673.4765599 1602.62 3515
1681069673.4779732 1604.23 3521
1681069673.4793513 1607.08 3526
1681069673.480708 1608.24 3533
1681069673.481996 1611.09 3540
1681069673.48328 1612.10 3547
1681069673.48459 1614.03 3552
1681069673.485994 1616.68 3557
1681069673.4874372 1617.60 3565
1681069673.488743 1619.69 3571
1681069673.4900565 1622.26 3577
1681069673.5571976 1623.38 3584
1681069673.558547 1625.83 3590
1681069673.559805 1627.76 3597
1681069673.5610278 1629.37 3603
1681069673.5622582 1632.10 3608
1681069673.563539 1633.14 3613
1681069673.5648065 1634.91 3621
1681069673.5660105 1637.36 3629
1681069673.5672028 1638.44 3635
1681069673.5683992 1641.01 3641
1681069673.5696728 1642.38 3647
1681069673.570935 1643.83 3653
1681069673.5721495 1645.91 3658
1681069673.6405501 1646.84 3664
1681069673.6423907 1648.24 3673
1681069673.6438663 1650.05 3679
1681069673.6452942 1651.05 3685
1681069673.6471257 1653.54 3691
1681069673.64853 1654.87 3697
1681069673.6501422 1656.07 3703
1681069673.6515515 1658.00 3708
1681069673.6530256 1658.73 3716
1681069673.6543212 1660.53 3723
1681069673.6556904 1662.14 3729
1681069673.6570985 1663.26 3735
1681069673.6583889 1665.51 3741
1681069673.659796 1667.16 3747
1681069673.726038 1668.24 3753
1681069673.727542 1670.77 3760
1681069673.7290149 1672.42 3766
1681069673.7304358 1674.51 3771
1681069673.731939 1676.96 3779
1681069673.733448 1677.60 3785
1681069673.7348566 1679.77 3791
1681069673.7361948 1682.02 3796
1681069673.737583 1683.46 3805
1681069673.7389817 1686.08 3810
1681069673.740393 1687.12 3816
1681069673.7417142 1688.89 3822
1681069673.7429998 1691.54 3828
1681069673.809969 1692.38 3835
1681069673.8113146 1694.55 3842
1681069673.812667 1697.20 3848
1681069673.8139634 1698.44 3854
1681069673.8152697 1700.93 3860
1681069673.8167298 1702.10 3867
1681069673.8181906 1703.30 3873
1681069673.8197114 1705.59 3878
1681069673.8210907 1706.44 3885
1681069673.8224738 1708.36 3893
1681069673.8238769 1710.37 3899
1681069673.8252146 1711.58 3905
1681069673.8264766 1714.23 3911
1681069673.8934119 1716.20 3916
1681069673.895208 1717.72 3923
1681069673.896867 1720.21 3930
1681069673.8983917 1721.82 3936
1681069673.8997684 1723.47 3942
1681069673.9011192 1726.20 3948
1681069673.9025483 1727.12 3955
1681069673.9040654 1729.29 3961
1681069673.905555 1732.02 3968
1681069673.9069877 1733.87 3974
1681069673.9083145 1736.48 3980
1681069673.9097574 1738.24 3987
1681069673.911121 1739.69 3993
1681069673.912454 1742.26 3999
1681069673.9786987 1743.71 4003
1681069673.9800775 1745.15 4009
1681069673.981477 1746.88 4018
1681069673.9828057 1747.76 4025
1681069673.9841583 1750.21 4031
1681069673.9855082 1752.54 4036
1681069673.9868164 1753.99 4043
1681069673.9881413 1756.12 4049
1681069673.989463 1756.96 4056
1681069673.9907835 1759.09 4061
1681069673.9920971 1761.14 4066
1681069673.9934702 1762.26 4075
1681069673.9948006 1764.19 4081
1681069674.0620944 1766.32 4087
1681069674.0638015 1767.64 4093
1681069674.065329 1770.21 4100
1681069674.066673 1772.10 4106
1681069674.068012 1773.79 4112
1681069674.069463 1775.35 4119
1681069674.0707684 1777.20 4125
1681069674.072074 1779.37 4130
1681069674.0737743 1781.94 4137
1681069674.0751586 1783.14 4144
1681069674.076514 1785.07 4150
1681069674.0778437 1787.52 4156
1681069674.0791526 1788.85 4162
1681069674.0804577 1791.46 4169
1681069674.1473672 1793.19 4174
1681069674.148811 1794.67 4182
1681069674.1502848 1797.44 4188
1681069674.1516204 1798.85 4193
1681069674.1529396 1801.06 4201
1681069674.154385 1803.55 4207
1681069674.1558132 1804.47 4213
1681069674.1572726 1806.92 4219
1681069674.1585367 1808.81 4224
1681069674.1597893 1810.57 4232
1681069674.1610823 1812.94 4238
1681069674.1623363 1814.75 4244
1681069674.163547 1816.84 4250
1681069674.2314072 1819.49 4255
1681069674.232875 1820.33 4263
1681069674.2344234 1822.46 4270
1681069674.2358236 1825.23 4276
1681069674.2372823 1827.04 4282
1681069674.238665 1829.61 4288
1681069674.2400143 1831.82 4295
1681069674.2413938 1833.51 4301
1681069674.242638 1836.32 4306
1681069674.2438755 1837.08 4313
1681069674.245172 1838.97 4319
1681069674.2464218 1840.86 4326
1681069674.2478013 1841.86 4333
1681069674.3147922 1844.35 4339
1681069674.3164954 1846.92 4344
1681069674.3179305 1848.37 4352
1681069674.3193474 1850.82 4358
1681069674.3207648 1852.38 4363
1681069674.3221557 1854.23 4370
1681069674.3235133 1856.60 4375
1681069674.3248975 1857.60 4383
1681069674.3262508 1859.65 4389
1681069674.3275838 1862.42 4395
1681069674.328967 1863.83 4402
1681069674.3302515 1866.48 4408
1681069674.3315346 1867.64 4414
1681069674.3328397 1869.17 4420
1681069674.4002132 1871.42 4425
1681069674.4016986 1872.22 4430
1681069674.403044 1873.99 4440
1681069674.4043596 1876.36 4446
1681069674.4056647 1877.28 4452
1681069674.4069831 1880.21 4458
1681069674.4082808 1882.06 4465
1681069674.4095774 1883.35 4471
1681069674.4108706 1885.56 4477
1681069674.4122086 1887.04 4482
1681069674.4135072 1888.81 4489
1681069674.4147518 1890.74 4496
1681069674.4159448 1891.50 4502
1681069674.483468 1893.43 4509
1681069674.485106 1895.52 4513
1681069674.486431 1896.60 4521
1681069674.4877763 1898.81 4528
1681069674.489204 1899.73 4534
1681069674.490518 1901.46 4539
1681069674.4918509 1903.67 4544
1681069674.4931962 1904.47 4553
1681069674.4945276 1906.44 4559
1681069674.495823 1908.93 4564
1681069674.4971147 1910.13 4572
1681069674.4983895 1912.58 4578
1681069674.4995902 1914.07 4584
1681069674.5008442 1915.64 4590
1681069674.568835 1918.45 4595
1681069674.5701861 1919.33 4601
1681069674.5715234 1921.10 4610
1681069674.5728755 1922.79 4616
1681069674.5743225 1923.71 4622
1681069674.5756779 1926.08 4628
1681069674.5769944 1927.77 4634
1681069674.5783002 1929.17 4641
1681069674.5795894 1931.70 4646
1681069674.5809166 1933.23 4653
1681069674.5822153 1935.19 4659
1681069674.5835078 1937.04 4666
1681069674.5848618 1937.93 4672
1681069674.6528637 1940.13 4678
1681069674.654469 1942.99 4684
1681069674.6559393 1944.35 4691
1681069674.657447 1946.60 4697
1681069674.6588223 1947.40 4704
1681069674.6602209 1948.65 4709
1681069674.6615915 1950.22 4716
1681069674.6629474 1950.94 4722
1681069674.6644824 1952.54 4729
1681069674.6658225 1954.51 4734
1681069674.6670768 1955.60 4742
1681069674.6684163 1957.48 4748
1681069674.669694 1959.01 4754
1681069674.736282 1960.94 4759
1681069674.7379687 1963.23 4765
1681069674.739593 1964.07 4773
1681069674.7410357 1966.20 4780
1681069674.7424812 1968.29 4785
1681069674.7439878 1969.77 4792
1681069674.7454004 1972.58 4797
1681069674.7469049 1973.91 4804
1681069674.7483585 1975.40 4810
1681069674.749738 1978.13 4816
1681069674.7512813 1979.45 4822
1681069674.7528129 1981.62 4830
1681069674.7542083 1983.63 4836
1681069674.7555292 1984.55 4842
1681069674.8207343 1987.08 4848
1681069674.8212328 1989.73 4853
1681069674.821698 1991.46 4861
1681069674.822191 1993.55 4867
1681069674.8226683 1994.87 4873
1681069674.8231847 1996.72 4879
1681069674.8236814 1998.77 4886
1681069674.8242357 1999.29 4892
1681069674.82478 2000.70 4898
1681069674.8253596 2003.43 4904
1681069674.8259165 2004.91 4911
1681069674.8264966 2007.12 4918
1681069674.827108 2008.29 4923
1681069674.9049962 2010.14 4930
1681069674.9065719 2012.91 4935
1681069674.907926 2013.71 4942
1681069674.9093082 2015.80 4950
1681069674.9106276 2018.13 4956
1681069674.9119759 2019.77 4962
1681069674.9133394 2022.34 4968
1681069674.9146402 2024.11 4974
1681069674.9159398 2025.56 4980
1681069674.917296 2028.05 4985
1681069674.9186993 2029.05 4992
1681069674.9199398 2031.14 4998
1681069674.921169 2033.59 5006
1681069674.922407 2034.51 5012
1681069674.9901881 2036.84 5018
1681069674.9915304 2039.73 5023
1681069674.9929216 2041.02 5030
1681069674.994241 2043.79 5038
1681069674.9955533 2045.40 5043
1681069674.9969034 2046.56 5049
1681069674.9982169 2047.97 5055
1681069674.999521 2048.93 5062
1681069675.0011272 2049.34 5066
1681069675.0024729 2049.82 5072
1681069675.003694 2050.06 5079
1681069675.004932 2050.10 5082
1681069675.0061529 2050.30 5092
1681069675.0743215 2050.34 5098
1681069675.0759068 2050.34 5098
1681069675.0774486 2050.38 5111
1681069675.0788853 2050.38 5111
1681069675.080345 2050.38 5111
1681069675.0817893 2050.42 5127
1681069675.0832057 2050.46 5132
1681069675.0847652 2050.46 5132
1681069675.086144 2050.46 5132
1681069675.087444 2050.51 5154
1681069675.0890284 2050.51 5154
1681069675.0909994 2050.55 5164
1681069675.0926538 2050.55 5164
1681069675.1577363 2050.59 5176
1681069675.1591623 2050.59 5176
1681069675.160404 2050.63 5188
1681069675.1616244 2050.67 5196
1681069675.1628463 2050.71 5202
1681069675.1640537 2050.75 5208
1681069675.165394 2050.79 5216
1681069675.166603 2050.83 5223
1681069675.1678019 2050.83 5223
1681069675.1693265 2050.87 5232
1681069675.1706 2050.87 5232
1681069675.1718407 2050.91 5248
1681069675.1730852 2050.91 5248
1681069675.174291 2050.91 5263
1681069675.2433584 2050.95 5263
1681069675.2457426 2050.99 5273
1681069675.2479894 2050.99 5282
1681069675.2498043 2051.03 5282
1681069675.2510626 2051.07 5293
1681069675.2523327 2051.11 5299
1681069675.2536957 2051.11 5299
1681069675.2559247 2051.15 5311
1681069675.2581468 2051.15 5311
1681069675.2602975 2051.19 5321
1681069675.2624009 2051.19 5321
1681069675.2646878 2051.19 5321
1681069675.2663682 2051.23 5340
1681069675.326393 2051.27 5347
1681069675.3281934 2051.27 5357
1681069675.3296785 2051.31 5364
1681069675.3309968 2051.35 5364
1681069675.3323154 2051.39 5374
1681069675.3336487 2051.39 5374
1681069675.3350053 2051.43 5384
1681069675.3362837 2051.43 5395
1681069675.337568 2051.47 5395
1681069675.3387914 2051.47 5395
1681069675.339995 2051.51 5411
1681069675.3412232 2051.51 5411
1681069675.3424253 2051.55 5422
1681069675.3436236 2051.59 5428
1681069675.411616 2051.63 5435
1681069675.4130306 2051.67 5442
1681069675.4143584 2051.67 5452
1681069675.415725 2051.71 5452
1681069675.4171765 2051.75 5462
1681069675.4187071 2051.79 5470
1681069675.4199398 2051.79 5470
1681069675.4211855 2051.79 5483
1681069675.4223864 2051.83 5483
1681069675.423585 2051.83 5483
1681069675.4248204 2051.87 5499
1681069675.4260235 2051.87 5499
1681069675.427225 2051.91 5512
1681069675.4952307 2051.91 5512
1681069675.497059 2051.96 5522
1681069675.4985726 2052.00 5530
1681069675.5000098 2052.00 5540
1681069675.5016272 2052.04 5540
1681069675.5030272 2052.08 5549
1681069675.5044038 2052.12 5559
1681069675.505764 2052.16 5559
1681069675.507126 2052.16 5559
1681069675.5085015 2052.20 5572
1681069675.51004 2052.20 5572
1681069675.5114076 2052.20 5572
1681069675.5127928 2052.24 5592
1681069675.5791745 2052.28 5602
1681069675.581074 2052.28 5602
1681069675.5824497 2052.32 5610
1681069675.5838082 2052.36 5618
1681069675.5852144 2052.36 5618
1681069675.5865564 2052.40 5628
1681069675.5878873 2052.44 5639
1681069675.5892804 2052.44 5639
1681069675.5906339 2052.48 5652
1681069675.5922863 2052.48 5652
1681069675.593709 2052.48 5665
1681069675.5951107 2052.52 5665
1681069675.5964918 2052.52 5665
1681069675.5978498 2052.56 5682
1681069675.6645074 2052.60 5689
1681069675.666193 2052.64 5693
1681069675.667622 2052.64 5703
1681069675.669139 2052.68 5703
1681069675.6705484 2052.72 5711
1681069675.6719751 2052.76 5721
1681069675.6736815 2052.76 5721
1681069675.6751878 2052.76 5735
1681069675.676645 2052.80 5735
1681069675.6781526 2052.80 5747
1681069675.6795716 2052.84 5747
1681069675.6810713 2052.84 5747
1681069675.6824698 2052.88 5763
1681069675.747852 2052.88 5763
1681069675.7496903 2052.88 5779
1681069675.751252 2052.92 5779
1681069675.7530823 2052.92 5779
1681069675.7546062 2052.96 5792
1681069675.7561977 2053.00 5800
1681069675.75776 2053.00 5800
1681069675.759234 2053.04 5813
1681069675.760617 2053.08 5821
1681069675.7619843 2053.08 5821
1681069675.7633307 2053.08 5834
1681069675.7647202 2053.12 5834
1681069675.766101 2053.16 5847
1681069675.7676172 2053.16 5847
1681069675.8334048 2053.16 5847
1681069675.8349137 2053.20 5863
1681069675.8364255 2053.20 5863
1681069675.8378613 2053.20 5863
1681069675.8392766 2053.24 5880
1681069675.84072 2053.24 5880
1681069675.8421314 2053.28 5895
1681069675.8435383 2053.32 5903
1681069675.8450167 2053.32 5903
1681069675.8464308 2053.37 5915
1681069675.8477697 2053.37 5915
1681069675.8490906 2053.41 5924
1681069675.8504388 2053.41 5924
1681069675.9165308 2053.45 5939
1681069675.9184473 2053.45 5939
1681069675.9199939 2053.49 5952
1681069675.9214988 2053.49 5952
1681069675.9229543 2053.49 5952
1681069675.9244218 2053.53 5969
1681069675.9258711 2053.53 5969
1681069675.9273365 2053.53 5969
1681069675.9288197 2053.57 5989
1681069675.9302018 2053.57 5989
1681069675.931637 2053.61 6003
1681069675.9329789 2053.61 6003
1681069675.9342759 2053.65 6017
1681069676.0005074 2053.65 6017
1681069676.0020485 2053.69 6028
1681069676.0033646 2053.69 6028
1681069676.0047305 2053.73 6042
1681069676.0060263 2053.73 6042
1681069676.0073078 2053.77 6054
1681069676.0086389 2053.77 6054
1681069676.0098906 2053.77 6054
1681069676.0111265 2053.81 6070
1681069676.0124323 2053.81 6070
1681069676.0136378 2053.81 6070
1681069676.0148263 2053.81 6093
1681069676.016015 2053.85 6093
1681069676.017216 2053.85 6093
1681069676.0857906 2053.89 6110
1681069676.0873263 2053.89 6110
1681069676.0887258 2053.89 6124
1681069676.0900135 2053.93 6124
1681069676.0912602 2053.93 6137
1681069676.0925279 2053.97 6137
1681069676.0937784 2053.97 6137
1681069676.09529 2054.01 6152
1681069676.0966077 2054.01 6152
1681069676.097852 2054.05 6167
1681069676.0991163 2054.05 6167
1681069676.1005147 2054.09 6179
1681069676.1018689 2054.09 6179
1681069676.169346 2054.09 6179
1681069676.1709874 2054.09 6200
1681069676.1725328 2054.13 6200
1681069676.17391 2054.13 6200
1681069676.1752892 2054.13 6200
1681069676.1768062 2054.13 6200
1681069676.1782334 2054.17 6228
1681069676.1796339 2054.17 6228
1681069676.1810074 2054.17 6245
1681069676.1823497 2054.21 6245
1681069676.1836174 2054.21 6245
1681069676.1849172 2054.21 6263
1681069676.1861935 2054.25 6263
1681069676.1874218 2054.25 6263
1681069676.2544398 2054.29 6280
1681069676.2557726 2054.29 6280
1681069676.2571013 2054.33 6292
1681069676.2583935 2054.33 6292
1681069676.2597487 2054.33 6292
1681069676.2610745 2054.37 6311
1681069676.2622623 2054.37 6311
1681069676.2634497 2054.37 6311
1681069676.2646828 2054.37 6311
1681069676.2658703 2054.41 6334
1681069676.2671337 2054.41 6334
1681069676.2685394 2054.41 6334
1681069676.269752 2054.41 6334
1681069676.337948 2054.45 6362
1681069676.3396668 2054.45 6362
1681069676.3411722 2054.45 6362
1681069676.3425586 2054.45 6362
1681069676.3438468 2054.49 6385
1681069676.3451784 2054.49 6385
1681069676.3464763 2054.49 6401
1681069676.347761 2054.53 6401
1681069676.349059 2054.53 6401
1681069676.3504744 2054.53 6421
1681069676.3519268 2054.57 6421
1681069676.3533545 2054.57 6421
1681069676.3546638 2054.57 6421
1681069676.4219146 2054.61 6441
1681069676.4234962 2054.61 6441
1681069676.4248924 2054.61 6441
1681069676.4262533 2054.65 6460
1681069676.4275587 2054.65 6460
1681069676.4287987 2054.65 6460
1681069676.4300077 2054.65 6460
1681069676.4312527 2054.69 6484
1681069676.4324982 2054.69 6484
1681069676.4337327 2054.69 6484
1681069676.434943 2054.69 6484
1681069676.4361918 2054.73 6511
1681069676.4374123 2054.73 6511
1681069676.4386396 2054.73 6511
1681069676.5072324 2054.73 6511
1681069676.5086384 2054.73 6511
1681069676.5099554 2054.78 6544
1681069676.5111632 2054.78 6544
1681069676.5123558 2054.78 6544
1681069676.5135605 2054.78 6544
1681069676.5148447 2054.78 6544
1681069676.5161452 2054.82 6573
1681069676.5174124 2054.82 6573
1681069676.518605 2054.82 6573
1681069676.5199175 2054.86 6592
1681069676.521228 2054.90 6600
1681069676.5224805 2054.90 6600
1681069676.5906494 2054.90 6616
1681069676.592393 2054.94 6616
1681069676.5938702 2054.94 6616
1681069676.5953374 2054.94 6616
1681069676.5967798 2054.98 6639
1681069676.5981164 2054.98 6639
1681069676.5994322 2054.98 6639
1681069676.60088 2054.98 6660
1681069676.6023433 2055.02 6660
1681069676.6036777 2055.02 6660
1681069676.6050367 2055.02 6660
1681069676.6063066 2055.02 6660
1681069676.6076 2055.02 6660
1681069676.6089644 2055.06 6694
1681069676.6759348 2055.06 6694
1681069676.6773891 2055.06 6694
1681069676.6787338 2055.06 6694
1681069676.6800683 2055.06 6694
1681069676.6814528 2055.06 6694
1681069676.6827786 2055.06 6694
1681069676.684104 2055.10 6740
1681069676.6854393 2055.10 6740
1681069676.6866374 2055.10 6740
1681069676.687843 2055.10 6740
1681069676.6892283 2055.10 6740
1681069676.6904356 2055.10 6740
1681069676.6916516 2055.14 6774
1681069676.7593915 2055.14 6774
1681069676.7611496 2055.14 6774
1681069676.7626343 2055.14 6774
1681069676.7641218 2055.14 6804
1681069676.7655535 2055.18 6804
1681069676.7668757 2055.18 6804
1681069676.7683482 2055.18 6804
1681069676.769773 2055.18 6804
1681069676.7711449 2055.22 6831
1681069676.7725034 2055.22 6831
1681069676.7738364 2055.22 6831
1681069676.7751646 2055.22 6831
1681069676.7771811 2055.22 6831
1681069676.7785163 2055.26 6863
1681069676.8446937 2055.26 6863
1681069676.8461046 2055.26 6863
1681069676.8475358 2055.30 6884
1681069676.8489754 2055.30 6884
1681069676.8503606 2055.34 6897
1681069676.8516726 2055.34 6897
1681069676.8533852 2055.34 6897
1681069676.854712 2055.34 6897
1681069676.8560338 2055.34 6897
1681069676.8573816 2055.34 6897
1681069676.858693 2055.34 6897
1681069676.8599982 2055.34 6897
1681069676.8613257 2055.34 6897
1681069676.9282713 2055.38 6951
1681069676.9291592 2055.38 6951
1681069676.9300053 2055.38 6951
1681069676.931007 2055.38 6951
1681069676.9320052 2055.38 6951
1681069676.933282 2055.38 6951
1681069676.9343643 2055.38 6951
1681069676.9353735 2055.38 6951
1681069676.9364076 2055.38 6951
1681069676.9374144 2055.38 6951
1681069676.938407 2055.38 6951
1681069676.939399 2055.38 6951
1681069676.9404235 2055.38 6951
1681069677.012141 2055.38 6951
1681069677.0136988 2055.38 6951
1681069677.0150118 2055.38 6951
1681069677.0163727 2055.38 6951
1681069677.0177023 2055.38 6951
1681069677.0189996 2055.38 6951
1681069677.0203047 2055.38 6951
1681069677.0216022 2055.38 6951
1681069677.0228255 2055.38 6951
1681069677.0240085 2055.38 6951
1681069677.0252156 2055.38 6951
1681069677.0264027 2055.38 6951
1681069677.027583 2055.38 6951
1681069677.0289314 2055.38 6951
1681069677.0972896 2055.38 6951
1681069677.098699 2055.38 6951
1681069677.1000922 2055.38 6951
1681069677.1016204 2055.38 6951
1681069677.1030805 2055.38 6951
1681069677.1045337 2055.38 6951
1681069677.1058588 2055.38 6951
1681069677.1071894 2055.38 6951
1681069677.1085336 2055.38 6951
1681069677.109855 2055.38 6951
1681069677.1112177 2055.38 6951
1681069677.1125739 2055.38 6951
1681069677.1138372 2055.38 6951
1681069677.1809833 2055.38 6951
1681069677.183438 2055.38 6951
1681069677.1869822 2055.38 6951
1681069677.1884582 2055.38 6951
1681069677.1898177 2055.38 6951
1681069677.1911232 2055.38 6951
1681069677.1924489 2055.38 6951
1681069677.193772 2055.38 6951
1681069677.195062 2055.38 6951
1681069677.196388 2055.38 6951
1681069677.1976917 2055.38 6951
1681069677.1989782 2055.38 6951
1681069677.200292 2055.38 6951
1681069677.2014925 2055.38 6951
1681069677.2659748 2055.38 6951
1681069677.2674365 2055.38 6951
1681069677.2690294 2055.38 6951
1681069677.2704687 2055.38 6951
1681069677.271892 2055.38 6951
1681069677.273234 2055.38 6951
1681069677.2745237 2055.38 6951
1681069677.2758048 2055.38 6951
1681069677.2771134 2055.38 6951
1681069677.2783804 2055.38 6951
1681069677.2795742 2055.38 6951
1681069677.2807913 2055.38 6951
1681069677.2819784 2055.38 6951
1681069677.3501797 2055.38 6951
1681069677.3517094 2055.38 6951
1681069677.3530731 2055.38 6951
1681069677.354382 2055.38 6951
1681069677.3557386 2055.38 6951
1681069677.3571162 2055.38 6951
1681069677.3583863 2055.38 6951
1681069677.359576 2055.38 6951
1681069677.3608143 2055.38 6951
1681069677.3620286 2055.38 6951
1681069677.363235 2055.38 6951
1681069677.3644469 2055.38 6951
1681069677.3656414 2055.38 6951
1681069677.4335818 2055.38 6951
1681069677.4352953 2055.38 6951
1681069677.4367988 2055.38 6951
1681069677.43815 2055.38 6951
1681069677.4394457 2055.38 6951
1681069677.4407725 2055.38 6951
1681069677.4420671 2055.38 6951
1681069677.4433541 2055.38 6951
1681069677.4446685 2055.38 6951
1681069677.445966 2055.38 6951
1681069677.447267 2055.38 6951
1681069677.4486003 2055.38 6951
1681069677.4499962 2055.38 6951
1681069677.4514282 2055.38 6951
1681069677.5189333 2055.38 6951
1681069677.5203922 2055.38 6951
1681069677.5218527 2055.38 6951
1681069677.5232804 2055.38 6951
1681069677.5247154 2055.38 6951
1681069677.526071 2055.38 6951
1681069677.5274456 2055.38 6951
1681069677.5287507 2055.38 6951
1681069677.5300465 2055.38 6951
1681069677.5313432 2055.38 6951
1681069677.5326493 2055.38 6951
1681069677.5340643 2055.38 6951
1681069677.5354686 2055.38 6951
1681069677.602218 2055.38 6951
1681069677.6037445 2055.38 6951
1681069677.6052139 2055.38 6951
1681069677.6065931 2055.38 6951
1681069677.6078727 2055.38 6951
1681069677.6093113 2055.38 6951
1681069677.6106603 2055.38 6951
1681069677.61194 2055.38 6951
1681069677.6132312 2055.38 6951
1681069677.6144989 2055.38 6951
1681069677.6157825 2055.38 6951
1681069677.6172097 2055.38 6951
1681069677.6186335 2055.38 6951
1681069677.619935 2055.38 6951
1681069677.6879807 2055.38 6951
1681069677.6901624 2055.38 6951
1681069677.6917565 2055.38 6951
1681069677.693347 2055.38 6951
1681069677.6949863 2055.38 6951
1681069677.6971455 2055.38 6951
1681069677.699437 2055.38 6951
1681069677.7019691 2055.38 6951
1681069677.712777 2055.38 6951
1681069677.7156188 2055.38 6951
1681069677.7183485 2055.38 6951
1681069677.7210894 2055.38 6951
1681069677.7237616 2055.38 6951
1681069677.7719288 2055.38 6951
1681069677.7745278 2055.38 6951
1681069677.776986 2055.38 6951
1681069677.7794569 2055.38 6951
1681069677.782048 2055.38 6951
1681069677.7846575 2055.38 6951
1681069677.787238 2055.38 6951
1681069677.7897968 2055.38 6951
1681069677.792334 2055.38 6951
1681069677.794841 2055.38 6951
1681069677.7973845 2055.38 6951
1681069677.7996674 2055.38 6951
1681069677.8015177 2055.38 6951
1681069677.854936 2055.38 6951
1681069677.8563938 2055.38 6951
1681069677.8576353 2055.38 6951
1681069677.8588994 2055.38 6951
1681069677.8602145 2055.38 6951
1681069677.8615181 2055.38 6951
1681069677.8627388 2055.38 6951
1681069677.8639286 2055.38 6951
1681069677.8651462 2055.38 6951
1681069677.8663328 2055.38 6951
1681069677.8677719 2055.38 6951
1681069677.8690858 2055.38 6951
1681069677.8703244 2055.38 6951
1681069677.8715117 2055.38 6951
1681069677.940321 2055.38 6951
1681069677.9417818 2055.38 6951
1681069677.9432144 2055.38 6951
1681069677.9445505 2055.38 6951
1681069677.9458454 2055.38 6951
1681069677.947126 2055.38 6951
1681069677.948632 2055.38 6951
1681069677.9499385 2055.38 6951
1681069677.951245 2055.38 6951
1681069677.9525769 2055.38 6951
1681069677.954037 2055.38 6951
1681069677.955352 2055.38 6951
1681069677.9566429 2055.38 6951
1681069678.0236597 2055.38 6951
1681069678.025155 2055.38 6951
1681069678.0264468 2055.38 6951
1681069678.027692 2055.38 6951
1681069678.0289426 2055.38 6951
1681069678.0302093 2055.38 6951
1681069678.0314262 2055.38 6951
1681069678.0326457 2055.38 6951
1681069678.0339406 2055.38 6951
1681069678.0351498 2055.38 6951
1681069678.036369 2055.38 6951
1681069678.0375683 2055.38 6951
1681069678.0387616 2055.38 6951
1681069678.0399983 2055.38 6951
1681069678.108933 2055.38 6951
1681069678.1104248 2055.38 6951
1681069678.1118534 2055.38 6951
1681069678.1133313 2055.38 6951
1681069678.114667 2055.38 6951
1681069678.115971 2055.38 6951
1681069678.1174052 2055.38 6951
1681069678.1187103 2055.38 6951
1681069678.1200109 2055.38 6951
1681069678.1213489 2055.38 6951
1681069678.1228023 2055.38 6951
1681069678.1243033 2055.38 6951
1681069678.1256378 2055.38 6951
1681069678.193008 2055.38 6951
1681069678.1945772 2055.38 6951
1681069678.1960387 2055.38 6951
1681069678.1975102 2055.38 6951
1681069678.1989932 2055.38 6951
1681069678.2005258 2055.38 6951
1681069678.2018788 2055.38 6951
1681069678.2031977 2055.38 6951
1681069678.204523 2055.38 6951
1681069678.2057528 2055.38 6951
1681069678.2069683 2055.38 6951
1681069678.2082334 2055.38 6951
1681069678.2094595 2055.38 6951
1681069678.2763119 2055.38 6951
1681069678.2778642 2055.38 6951
1681069678.279218 2055.38 6951
1681069678.2806196 2055.38 6951
1681069678.2818987 2055.38 6951
1681069678.2831728 2055.38 6951
1681069678.2844837 2055.38 6951
1681069678.2857802 2055.38 6951
1681069678.2870946 2055.38 6951
1681069678.2883284 2055.38 6951
1681069678.2895763 2055.38 6951
1681069678.2908885 2055.38 6951
1681069678.2922866 2055.38 6951
1681069678.2935817 2055.38 6951
1681069678.361634 2055.38 6951
1681069678.3629713 2055.38 6951
1681069678.3642974 2055.38 6951
1681069678.3655941 2055.38 6951
1681069678.3668988 2055.38 6951
1681069678.3683138 2055.38 6951
1681069678.3695836 2055.38 6951
1681069678.3708568 2055.38 6951
1681069678.3722422 2055.38 6951
1681069678.3734686 2055.38 6951
1681069678.3746598 2055.38 6951
1681069678.3758464 2055.38 6951
1681069678.3770592 2055.38 6951
1681069678.4451432 2055.38 6951
1681069678.4468534 2055.38 6951
1681069678.4482253 2055.38 6951
1681069678.4495509 2055.38 6951
1681069678.4508688 2055.38 6951
1681069678.4521816 2055.38 6951
1681069678.453485 2055.38 6951
1681069678.4547768 2055.38 6951
1681069678.45607 2055.38 6951
1681069678.457378 2055.38 6951
1681069678.4586627 2055.38 6951
1681069678.459942 2055.38 6951
1681069678.4611974 2055.38 6951
1681069678.46245 2055.38 6951
1681069678.530338 2055.38 6951
1681069678.531788 2055.38 6951
1681069678.533221 2055.38 6951
1681069678.5346591 2055.38 6951
1681069678.5360334 2055.38 6951
1681069678.5374212 2055.38 6951
1681069678.5387714 2055.38 6951
1681069678.5401618 2055.38 6951
1681069678.5414171 2055.38 6951
1681069678.5427406 2055.38 6951
1681069678.5441263 2055.38 6951
1681069678.5454552 2055.38 6951
1681069678.5468125 2055.38 6951
1681069678.6138442 2055.38 6951
1681069678.6155689 2055.38 6951
1681069678.6171544 2055.38 6951
1681069678.618558 2055.38 6951
1681069678.6199186 2055.38 6951
1681069678.6213179 2055.38 6951
1681069678.62267 2055.38 6951
1681069678.6240313 2055.38 6951
1681069678.6257353 2055.38 6951
1681069678.6271527 2055.38 6951
1681069678.6285357 2055.38 6951
1681069678.6298914 2055.38 6951
1681069678.631289 2055.38 6951
1681069678.697847 2055.38 6951
1681069678.6995308 2055.38 6951
1681069678.7009802 2055.38 6951
1681069678.7023616 2055.38 6951
1681069678.703727 2055.38 6951
1681069678.7051232 2055.38 6951
1681069678.7068071 2055.38 6951
1681069678.708337 2055.38 6951
1681069678.7097366 2055.38 6951
1681069678.7110891 2055.38 6951
1681069678.7124524 2055.38 6951
1681069678.713805 2055.38 6951
1681069678.715119 2055.38 6951
1681069678.7164235 2055.38 6951
1681069678.7830746 2055.38 6951
1681069678.7846174 2055.38 6951
1681069678.7860045 2055.38 6951
1681069678.7873511 2055.38 6951
1681069678.7887483 2055.38 6951
1681069678.7901218 2055.38 6951
1681069678.7914667 2055.38 6951
1681069678.7927947 2055.38 6951
1681069678.794061 2055.38 6951
1681069678.7952952 2055.38 6951
1681069678.7965596 2055.38 6951
1681069678.7978256 2055.38 6951
1681069678.7990808 2055.38 6951
1681069678.8664734 2055.38 6951
1681069678.868439 2055.38 6951
1681069678.869906 2055.38 6951
1681069678.8713284 2055.38 6951
1681069678.8727446 2055.38 6951
1681069678.874151 2055.38 6951
1681069678.8755195 2055.38 6951
1681069678.8769114 2055.38 6951
1681069678.878305 2055.38 6951
1681069678.8796616 2055.38 6951
1681069678.8810918 2055.38 6951
1681069678.8825686 2055.38 6951
1681069678.8840592 2055.38 6951
1681069678.885468 2055.38 6951
1681069678.951801 2055.38 6951
1681069678.9533374 2055.38 6951
1681069678.9547665 2055.38 6951
1681069678.9562378 2055.38 6951
1681069678.9576533 2055.38 6951
1681069678.9591415 2055.38 6951
1681069678.960578 2055.38 6951
1681069678.962109 2055.38 6951
1681069678.9634633 2055.38 6951
1681069678.964898 2055.38 6951
1681069678.9664273 2055.38 6951
1681069678.9679368 2055.38 6951
1681069678.9693646 2055.38 6951
1681069679.0351665 2055.38 6951
1681069679.036803 2055.38 6951
1681069679.038251 2055.38 6951
1681069679.039634 2055.38 6951
1681069679.0410569 2055.38 6951
1681069679.0424166 2055.38 6951
1681069679.0437806 2055.38 6951
1681069679.0452132 2055.38 6951
1681069679.0465379 2055.38 6951
1681069679.0478415 2055.38 6951
1681069679.049271 2055.38 6951
1681069679.050692 2055.38 6951
1681069679.0519304 2055.38 6951
1681069679.11931 2055.38 6951
1681069679.1212518 2055.38 6951
1681069679.122711 2055.38 6951
1681069679.1240811 2055.42 9161
1681069679.125457 2055.42 9161
1681069679.1268072 2055.42 9161
1681069679.1281977 2055.42 9161
1681069679.1294484 2055.42 9161
1681069679.1306918 2055.42 9161
1681069679.131922 2055.42 9161
1681069679.1333718 2055.42 9161
1681069679.134652 2055.42 9161
1681069679.1358926 2055.42 9161
1681069679.1371875 2055.42 9161
1681069679.204575 2055.42 9161
1681069679.2061732 2055.42 9161
1681069679.207639 2055.42 9161
1681069679.209176 2055.42 9161
1681069679.2106612 2055.42 9161
1681069679.2120838 2055.42 9161
1681069679.213527 2055.42 9161
1681069679.2149172 2055.42 9161
1681069679.2163343 2055.42 9161
1681069679.2177114 2055.42 9161
1681069679.2190993 2055.42 9161
1681069679.2204864 2055.42 9161
1681069679.2218616 2055.42 9161
1681069679.2879565 2055.42 9161
1681069679.289763 2055.42 9161
1681069679.2912948 2055.42 9161
1681069679.292827 2055.42 9161
1681069679.2943902 2055.42 9161
1681069679.2958298 2055.42 9161
1681069679.2972686 2055.42 9161
1681069679.2986362 2055.42 9161
1681069679.300189 2055.42 9161
1681069679.3015811 2055.42 9161
1681069679.3029425 2055.42 9161
1681069679.3043482 2055.42 9161
1681069679.3057306 2055.42 9161
1681069679.3071449 2055.42 9161
1681069679.3736606 2055.42 9161
1681069679.3752248 2055.42 9161
1681069679.3767157 2055.42 9161
1681069679.3781831 2055.42 9161
1681069679.3795586 2055.42 9161
1681069679.3809223 2055.42 9161
1681069679.3822968 2055.42 9161
1681069679.3836462 2055.42 9161
1681069679.3850214 2055.42 9161
1681069679.3864965 2055.42 9161
1681069679.3879054 2055.42 9161
1681069679.3893297 2055.42 9161
1681069679.3906744 2055.42 9161
1681069679.4565403 2055.42 9161
1681069679.458158 2055.42 9161
1681069679.459539 2055.42 9161
1681069679.4608963 2055.42 9161
1681069679.4622934 2055.42 9161
1681069679.4635541 2055.42 9161
1681069679.4648435 2055.42 9161
1681069679.4661381 2055.42 9161
1681069679.4675207 2055.42 9161
1681069679.4688938 2055.42 9161
1681069679.4701679 2055.42 9161
1681069679.4714081 2055.42 9161
1681069679.4726849 2055.42 9161
1681069679.5407124 2055.42 9161
1681069679.542379 2055.42 9161
1681069679.5437572 2055.42 9161
1681069679.5451934 2055.42 9161
1681069679.5465386 2055.42 9161
1681069679.547884 2055.42 9161
1681069679.5494773 2055.42 9161
1681069679.550943 2055.42 9161
1681069679.5522392 2055.42 9161
1681069679.5535002 2055.42 9161
1681069679.5547278 2055.42 9161
1681069679.5559728 2055.42 9161
1681069679.5572662 2055.42 9161
1681069679.5585072 2055.42 9161
1681069679.6259615 2055.42 9161
1681069679.6276639 2055.42 9161
1681069679.6292121 2055.42 9161
1681069679.6308455 2055.42 9161
1681069679.6324174 2055.42 9161
1681069679.6338189 2055.42 9161
1681069679.6352186 2055.42 9161
1681069679.636606 2055.42 9161
1681069679.637965 2055.42 9161
1681069679.6394424 2055.42 9161
1681069679.6408393 2055.42 9161
1681069679.6422017 2055.42 9161
1681069679.6435425 2055.42 9161
1681069679.70933 2055.42 9161
1681069679.7109149 2055.42 9161
1681069679.7123368 2055.42 9161
1681069679.7137175 2055.42 9161
1681069679.715087 2055.42 9161
1681069679.716461 2055.42 9161
1681069679.7178354 2055.42 9161
1681069679.719198 2055.42 9161
1681069679.7206597 2055.42 9161
1681069679.7220314 2055.42 9161
1681069679.723381 2055.42 9161
1681069679.724795 2055.42 9161
1681069679.7261696 2055.42 9161
1681069679.727573 2055.42 9161
1681069679.794724 2055.42 9161
1681069679.7962933 2055.42 9161
1681069679.79768 2055.42 9161
1681069679.7990613 2055.42 9161
1681069679.8006253 2055.42 9161
1681069679.80205 2055.42 9161
1681069679.8033397 2055.42 9161
1681069679.8046958 2055.42 9161
1681069679.8060737 2055.42 9161
1681069679.8074076 2055.42 9161
1681069679.8086832 2055.42 9161
1681069679.8099232 2055.42 9161
1681069679.8111835 2055.42 9161
1681069679.8781269 2055.42 9161
1681069679.879723 2055.42 9161
1681069679.8811607 2055.42 9161
1681069679.8826337 2055.42 9161
1681069679.8841434 2055.42 9161
1681069679.8855646 2055.42 9161
1681069679.8869247 2055.42 9161
1681069679.8884013 2055.42 9161
1681069679.8897471 2055.42 9161
1681069679.8909857 2055.42 9161
1681069679.8922777 2055.42 9161
1681069679.89353 2055.42 9161
1681069679.8947763 2055.42 9161
1681069679.896221 2055.42 9161
1681069679.9634764 2055.42 9161
1681069679.9649606 2055.42 9161
1681069679.9665787 2055.42 9161
1681069679.968924 2055.42 9161
1681069679.9706855 2055.42 9161
1681069679.9721692 2055.42 9161
1681069679.9735575 2055.42 9161
1681069679.9748523 2055.42 9161
1681069679.9761734 2055.42 9161
1681069679.9774575 2055.42 9161
1681069679.978733 2055.42 9161
1681069679.9800587 2055.42 9161
1681069679.981788 2055.42 9161
1681069680.047581 2055.42 9161
1681069680.0490813 2055.42 9161
1681069680.050459 2055.42 9161
1681069680.0517716 2055.42 9161
1681069680.0532303 2055.42 9161
1681069680.054646 2055.42 9161
1681069680.0559366 2055.42 9161
1681069680.057237 2055.42 9161
1681069680.058497 2055.42 9161
1681069680.059775 2055.42 9161
1681069680.0611088 2055.42 9161
1681069680.0623763 2055.42 9161
1681069680.0636299 2055.42 9161
1681069680.1312034 2055.42 9161
1681069680.1318398 2055.42 9161
1681069680.1325507 2055.42 9161
1681069680.133163 2055.42 9161
1681069680.133745 2055.42 9161
1681069680.1343489 2055.42 9161
1681069680.1349201 2055.42 9161
1681069680.135539 2055.42 9161
1681069680.1361425 2055.42 9161
1681069680.1367202 2055.42 9161
1681069680.1373184 2055.42 9161
1681069680.137888 2055.42 9161
1681069680.1384819 2055.42 9161
1681069680.2160597 2055.42 9161
1681069680.217721 2055.42 9161
1681069680.2191577 2055.42 9161
1681069680.2205708 2055.42 9161
1681069680.2219708 2055.42 9161
1681069680.2233353 2055.42 9161
1681069680.224624 2055.42 9161
1681069680.2258852 2055.42 9161
1681069680.2271965 2055.42 9161
1681069680.2285087 2055.42 9161
1681069680.229791 2055.42 9161
1681069680.231089 2055.42 9161
1681069680.2326956 2055.42 9161
1681069680.300467 2055.42 9161
1681069680.301891 2055.42 9161
1681069680.3033118 2055.42 9161
1681069680.3047314 2055.42 9161
1681069680.3060577 2055.42 9161
1681069680.307315 2055.42 9161
1681069680.308681 2055.42 9161
1681069680.309971 2055.42 9161
1681069680.3112512 2055.42 9161
1681069680.3125339 2055.42 9161
1681069680.3137949 2055.42 9161
1681069680.3151398 2055.42 9161
1681069680.3166008 2055.42 9161
1681069680.384651 2055.42 9161
1681069680.3861132 2055.42 9161
1681069680.387669 2055.42 9161
1681069680.3891182 2055.42 9161
1681069680.3904924 2055.42 9161
1681069680.3919225 2055.42 9161
1681069680.393416 2055.42 9161
1681069680.3946998 2055.42 9161
1681069680.3959465 2055.42 9161
1681069680.397259 2055.42 9161
1681069680.3985527 2055.42 9161
1681069680.3998423 2055.42 9161
1681069680.4011602 2055.42 9161
1681069680.4689188 2055.42 9161
1681069680.4703987 2055.42 9161
1681069680.4718926 2055.42 9161
1681069680.473456 2055.42 9161
1681069680.4748385 2055.42 9161
1681069680.4762738 2055.42 9161
1681069680.4776773 2055.42 9161
1681069680.4791453 2055.42 9161
1681069680.48053 2055.42 9161
1681069680.4819016 2055.42 9161
1681069680.4833648 2055.42 9161
1681069680.4847784 2055.42 9161
1681069680.4862237 2055.42 9161
1681069680.5531778 2055.42 9161
1681069680.5546834 2055.42 9161
1681069680.5560887 2055.42 9161
1681069680.5574741 2055.42 9161
1681069680.5588377 2055.42 9161
1681069680.5602753 2055.42 9161
1681069680.5616488 2055.42 9161
1681069680.5630443 2055.42 9161
1681069680.5643241 2055.42 9161
1681069680.5655909 2055.42 9161
1681069680.566927 2055.42 9161
1681069680.568242 2055.42 9161
1681069680.5695243 2055.42 9161
1681069680.6374722 2055.42 9161
1681069680.6390662 2055.42 9161
1681069680.6404953 2055.42 9161
1681069680.6418836 2055.42 9161
1681069680.643275 2055.42 9161
1681069680.6451771 2055.42 9161
1681069680.647641 2055.42 9161
1681069680.6499534 2055.42 9161
1681069680.6515963 2055.42 9161
1681069680.653158 2055.42 9161
1681069680.6545792 2055.42 9161
1681069680.655957 2055.42 9161
1681069680.6574602 2055.42 9161
1681069680.7210164 2055.42 9161
1681069680.7228215 2055.42 9161
1681069680.724493 2055.42 9161
1681069680.726077 2055.42 9161
1681069680.7275653 2055.42 9161
1681069680.7289808 2055.42 9161
1681069680.7303772 2055.42 9161
1681069680.7317426 2055.42 9161
1681069680.7332456 2055.42 9161
1681069680.7346249 2055.42 9161
1681069680.7360978 2055.42 9161
1681069680.7375238 2055.42 9161
1681069680.7389114 2055.42 9161
1681069680.805283 2055.42 9161
1681069680.807053 2055.42 9161
1681069680.8085418 2055.42 9161
1681069680.8099809 2055.42 9161
1681069680.811354 2055.42 9161
1681069680.8127463 2055.42 9161
1681069680.8141363 2055.42 9161
1681069680.8154988 2055.42 9161
1681069680.8169112 2055.42 9161
1681069680.8182924 2055.42 9161
1681069680.819645 2055.42 9161
1681069680.8210716 2055.42 9161
1681069680.8224247 2055.42 9161
1681069680.8895624 2055.42 9161
1681069680.891108 2055.42 9161
1681069680.8924403 2055.42 9161
1681069680.8937366 2055.42 9161
1681069680.8949976 2055.42 9161
1681069680.8964 2055.42 9161
1681069680.8977194 2055.42 9161
1681069680.8990378 2055.42 9161
1681069680.9006653 2055.42 9161
1681069680.9023287 2055.42 9161
1681069680.9036148 2055.42 9161
1681069680.9049168 2055.42 9161
1681069680.9061985 2055.42 9161
1681069680.9738297 2055.42 9161
1681069680.9754522 2055.42 9161
1681069680.9769 2055.42 9161
1681069680.9783359 2055.42 9161
1681069680.9796798 2055.42 9161
1681069680.980975 2055.42 9161
1681069680.9825525 2055.42 9161
1681069680.984413 2055.42 9161
1681069680.9857094 2055.42 9161
1681069680.9871533 2055.42 9161
1681069680.9884405 2055.42 9161
1681069680.9897099 2055.42 9161
1681069680.9909627 2055.42 9161
1681069681.0580616 2055.42 9161
1681069681.0603166 2055.42 9161
1681069681.0619037 2055.42 9161
1681069681.0634563 2055.42 9161
1681069681.0651085 2055.42 9161
1681069681.0668783 2055.42 9161
1681069681.0683186 2055.42 9161
1681069681.0697088 2055.42 9161
1681069681.0710657 2055.42 9161
1681069681.0725198 2055.42 9161
1681069681.0738945 2055.42 9161
1681069681.0755992 2055.42 9161
1681069681.0772655 2055.42 9161
1681069681.142345 2055.42 9161
1681069681.1434045 2055.42 9161
1681069681.14431 2055.42 9161
1681069681.145183 2055.42 9161
1681069681.1460476 2055.42 9161
1681069681.1468813 2055.42 9161
1681069681.1477318 2055.42 9161
1681069681.1486056 2055.42 9161
1681069681.1494918 2055.42 9161
1681069681.1503568 2055.42 9161
1681069681.1512027 2055.42 9161
1681069681.1520503 2055.42 9161
1681069681.1529057 2055.42 9161
1681069681.2265816 2055.42 9161
1681069681.2283058 2055.42 9161
1681069681.2297935 2055.42 9161
1681069681.2311926 2055.42 9161
1681069681.2325966 2055.42 9161
1681069681.2345488 2055.42 9161
1681069681.236706 2055.42 9161
1681069681.2384512 2055.42 9161
1681069681.2398934 2055.42 9161
1681069681.2413146 2055.42 9161
1681069681.2426782 2055.42 9161
1681069681.2440665 2055.42 9161
1681069681.2454433 2055.42 9161
1681069681.3108513 2055.42 9161
1681069681.3126624 2055.42 9161
1681069681.3141189 2055.42 9161
1681069681.3155174 2055.42 9161
1681069681.3169277 2055.42 9161
1681069681.3183959 2055.42 9161
1681069681.320634 2055.42 9161
