1681070972.226927 0.00 0
1681070972.346762 0.00 0
1681070972.348015 0.00 0
1681070972.349257 0.00 0
1681070972.3504555 0.00 0
1681070972.3516421 0.00 0
1681070972.3528671 0.00 0
1681070972.3540595 0.00 0
1681070972.3552387 0.00 0
1681070972.3564541 0.00 0
1681070972.3576353 0.00 0
1681070972.3588345 0.00 0
1681070972.3601642 0.60 97
1681070972.361548 3.98 103
1681070972.3627965 7.72 108
1681070972.3640604 11.26 113
1681070972.3653643 13.27 115
1681070972.4306672 14.44 124
1681070972.4319825 16.17 130
1681070972.4332938 17.61 136
1681070972.4345531 21.19 142
1681070972.4358191 24.77 147
1681070972.4371016 28.63 153
1681070972.4384344 35.02 158
1681070972.4396954 41.66 164
1681070972.441041 47.45 169
1681070972.4423456 54.21 176
1681070972.4437363 61.08 181
1681070972.445155 68.04 187
1681070972.4464157 74.92 192
1681070972.4476697 81.79 198
1681070972.448971 88.71 203
1681070972.5142176 95.75 208
1681070972.5149176 102.50 215
1681070972.5154786 109.14 221
1681070972.5160253 115.57 226
1681070972.5166323 121.08 232
1681070972.5171816 125.22 238
1681070972.5177279 130.45 243
1681070972.5182743 136.04 249
1681070972.5188174 141.03 256
1681070972.51936 146.57 261
1681070972.5199034 151.84 267
1681070972.5204706 156.50 273
1681070972.5210216 163.10 278
1681070972.5215917 170.22 284
1681070972.522166 176.93 290
1681070972.59965 182.68 295
1681070972.6010516 188.23 302
1681070972.6023448 192.57 307
1681070972.6036181 196.59 313
1681070972.604917 200.41 319
1681070972.606182 204.23 324
1681070972.607446 208.09 330
1681070972.6087222 211.87 336
1681070972.6099951 217.78 342
1681070972.6115394 224.94 348
1681070972.6130297 231.97 354
1681070972.6143186 238.89 359
1681070972.615611 244.40 365
1681070972.6168835 250.79 371
1681070972.682928 256.58 376
1681070972.6844652 260.80 382
1681070972.6857722 264.91 388
1681070972.6870408 269.85 394
1681070972.6883879 276.89 400
1681070972.6896648 281.44 405
1681070972.6908207 285.34 411
1681070972.6919816 289.16 417
1681070972.6934023 293.18 422
1681070972.6946077 296.92 429
1681070972.6957686 301.23 435
1681070972.6969676 305.57 440
1681070972.6981328 311.48 446
1681070972.6992981 315.95 452
1681070972.70048 319.81 457
1681070972.7680056 323.55 463
1681070972.7693424 327.41 470
1681070972.7706132 331.19 475
1681070972.7719643 335.01 481
1681070972.7732093 338.71 486
1681070972.7744732 344.55 492
1681070972.775718 351.22 498
1681070972.7769585 355.45 503
1681070972.7781243 359.23 509
1681070972.7792785 363.09 516
1681070972.7805607 366.99 521
1681070972.7817254 370.89 527
1681070972.7828906 375.28 533
1681070972.784153 382.07 538
1681070972.8514097 386.14 544
1681070972.8530269 390.00 550
1681070972.854346 393.90 556
1681070972.8556345 397.84 562
1681070972.8569493 401.94 567
1681070972.8582213 406.97 573
1681070972.859573 413.33 579
1681070972.861094 417.43 584
1681070972.8623767 421.25 590
1681070972.8636441 425.07 596
1681070972.8649375 428.81 602
1681070972.8662202 432.59 608
1681070972.8675199 437.58 614
1681070972.8688407 444.66 619
1681070972.8701196 450.49 625
1681070972.936522 455.20 631
1681070972.9379432 461.39 636
1681070972.9393075 467.51 643
1681070972.9407089 473.34 649
1681070972.9420624 477.24 654
1681070972.9434001 480.98 660
1681070972.9447994 487.13 665
1681070972.946135 493.85 671
1681070972.9476674 501.05 677
1681070972.9490492 507.97 683
1681070972.9503813 515.21 689
1681070972.9517317 522.17 695
1681070972.9531317 529.37 700
1681070972.9544725 536.53 706
1681070972.9558237 543.53 712
1681070973.02113 550.64 717
1681070973.0225334 557.48 723
1681070973.0239077 564.76 729
1681070973.025296 571.89 735
1681070973.0266647 579.12 741
1681070973.028003 586.08 746
1681070973.0296018 593.24 752
1681070973.0309875 600.20 758
1681070973.032367 607.08 763
1681070973.0337474 614.36 770
1681070973.0350397 621.44 776
1681070973.0363107 628.68 781
1681070973.0375755 635.63 787
1681070973.0387914 642.83 793
1681070973.1045034 649.95 798
1681070973.1065075 657.15 804
1681070973.1080663 664.15 809
1681070973.109506 671.27 816
1681070973.111009 678.47 822
1681070973.1124456 685.55 827
1681070973.1138194 692.83 833
1681070973.1151621 697.46 839
1681070973.116514 700.87 844
1681070973.1178606 704.57 850
1681070973.1191823 708.28 857
1681070973.1205251 711.98 862
1681070973.121968 718.53 868
1681070973.1233516 725.37 874
1681070973.1247518 732.29 879
1681070973.1896408 738.80 885
1681070973.1909919 744.68 891
1681070973.1923792 748.42 897
1681070973.1938345 752.04 903
1681070973.1951516 755.74 909
1681070973.19647 759.44 914
1681070973.1977506 765.47 920
1681070973.1990201 772.43 925
1681070973.2003098 779.47 931
1681070973.201601 785.70 937
1681070973.2028956 791.00 943
1681070973.2042015 794.63 949
1681070973.2055695 798.37 955
1681070973.2068512 802.07 960
1681070973.2729406 806.14 966
1681070973.27456 813.17 972
1681070973.2765486 819.93 977
1681070973.2781262 826.45 984
1681070973.279451 832.76 989
1681070973.2807465 836.62 995
1681070973.2820327 840.24 1001
1681070973.2833729 844.19 1007
1681070973.2847106 848.13 1013
1681070973.2860234 854.88 1019
1681070973.2875965 862.12 1026
1681070973.2890346 869.08 1032
1681070973.2903597 876.12 1038
1681070973.2916687 880.06 1044
1681070973.3571854 883.93 1050
1681070973.358941 887.83 1056
1681070973.3605864 892.09 1062
1681070973.3631158 898.85 1069
1681070973.365403 905.32 1074
1681070973.367615 911.44 1080
1681070973.369894 917.23 1086
1681070973.3721702 921.17 1092
1681070973.374583 924.99 1098
1681070973.3769393 928.93 1104
1681070973.379199 934.73 1111
1681070973.381558 940.75 1117
1681070973.3833613 945.91 1123
1681070973.3851373 952.50 1129
1681070973.4417017 956.89 1135
1681070973.4447181 960.75 1141
1681070973.4474735 964.65 1147
1681070973.4499483 968.87 1154
1681070973.4517863 975.67 1160
1681070973.4535434 981.87 1166
1681070973.4549816 987.62 1172
1681070973.456218 993.45 1178
1681070973.4573634 997.31 1184
1681070973.4585183 1001.01 1190
1681070973.459661 1005.07 1197
1681070973.4606802 1011.39 1204
1681070973.4623687 1017.26 1210
1681070973.46465 1022.57 1216
1681070973.5268762 1029.44 1222
1681070973.528563 1033.38 1228
1681070973.5298278 1037.23 1234
1681070973.5310547 1041.05 1241
1681070973.5322893 1046.95 1248
1681070973.5335963 1052.77 1254
1681070973.5348318 1057.75 1260
1681070973.5360672 1064.86 1266
1681070973.5373235 1068.88 1272
1681070973.5385346 1072.85 1278
1681070973.5397446 1076.47 1285
1681070973.5409966 1082.05 1292
1681070973.542204 1087.71 1298
1681070973.610274 1092.45 1304
1681070973.6118538 1099.64 1310
1681070973.613259 1103.70 1316
1681070973.6146095 1107.67 1323
1681070973.615948 1111.13 1329
1681070973.6173167 1116.35 1336
1681070973.6186373 1122.17 1342
1681070973.6199493 1126.63 1348
1681070973.621283 1133.82 1354
1681070973.6226094 1138.24 1360
1681070973.6239378 1142.21 1367
1681070973.6252902 1145.51 1373
1681070973.6267757 1150.77 1379
1681070973.6280255 1156.71 1386
1681070973.6954947 1161.57 1392
1681070973.697072 1168.68 1398
1681070973.6984522 1173.34 1404
1681070973.6998267 1177.31 1411
1681070973.7012265 1181.21 1417
1681070973.702531 1185.91 1424
1681070973.703834 1191.85 1430
1681070973.705157 1196.95 1436
1681070973.7064686 1203.62 1442
1681070973.7077813 1208.56 1448
1681070973.70924 1212.54 1455
1681070973.7106962 1216.51 1461
1681070973.7120268 1220.73 1467
1681070973.7789326 1226.91 1474
1681070973.7805827 1231.81 1480
1681070973.7819574 1238.00 1486
1681070973.7832942 1243.18 1492
1681070973.7846475 1247.15 1499
1681070973.7859762 1251.01 1505
1681070973.7872984 1255.15 1511
1681070973.7886548 1261.45 1518
1681070973.7899961 1267.32 1524
1681070973.7913392 1273.58 1530
1681070973.7929292 1279.44 1537
1681070973.7942288 1283.38 1543
1681070973.7954478 1287.28 1549
1681070973.8628855 1291.29 1555
1681070973.8646739 1297.96 1562
1681070973.8661149 1303.30 1568
1681070973.867439 1309.24 1574
1681070973.8687773 1314.99 1581
1681070973.870104 1319.00 1587
1681070973.871468 1322.42 1593
1681070973.8729231 1326.47 1600
1681070973.8742309 1332.74 1606
1681070973.8756375 1337.40 1612
1681070973.8770812 1342.82 1618
1681070973.8783987 1348.64 1625
1681070973.8797104 1352.58 1631
1681070973.8810472 1356.19 1637
1681070973.9481597 1360.21 1644
1681070973.9495506 1366.79 1650
1681070973.9508975 1371.81 1656
1681070973.9522421 1377.16 1662
1681070973.9535735 1383.70 1669
1681070973.9548953 1387.68 1675
1681070973.9563527 1391.57 1681
1681070973.9576921 1395.59 1687
1681070973.9590478 1401.77 1694
1681070973.9604719 1407.16 1700
1681070973.9618113 1412.14 1707
1681070973.9631274 1418.76 1713
1681070973.964486 1422.78 1719
1681070974.0316632 1426.51 1725
1681070974.0333436 1430.17 1731
1681070974.0346956 1436.07 1738
1681070974.0359178 1441.29 1744
1681070974.0372882 1446.11 1751
1681070974.0386755 1452.54 1757
1681070974.039969 1456.59 1763
1681070974.0412292 1460.41 1769
1681070974.042516 1464.10 1776
1681070974.043862 1470.01 1782
1681070974.0451267 1475.23 1788
1681070974.0463495 1480.17 1795
1681070974.047568 1487.16 1801
1681070974.0488396 1491.17 1807
1681070974.116987 1495.07 1813
1681070974.118442 1498.48 1819
1681070974.1199012 1504.15 1826
1681070974.1213942 1509.17 1832
1681070974.122734 1513.70 1839
1681070974.1240304 1520.33 1845
1681070974.1253862 1524.35 1851
1681070974.1268091 1527.96 1857
1681070974.1281812 1531.33 1864
1681070974.1295185 1537.28 1870
1681070974.130856 1542.54 1876
1681070974.132194 1547.32 1883
1681070974.1335058 1554.03 1889
1681070974.200416 1558.04 1895
1681070974.2021105 1562.02 1901
1681070974.2034655 1565.59 1907
1681070974.2048464 1571.70 1914
1681070974.2061877 1577.08 1921
1681070974.2075198 1582.02 1927
1681070974.2088573 1589.25 1933
1681070974.2102664 1593.30 1939
1681070974.2115922 1597.24 1945
1681070974.2129383 1600.73 1952
1681070974.2142513 1606.19 1958
1681070974.2154849 1612.14 1965
1681070974.2167308 1616.76 1971
1681070974.2179413 1624.03 1977
1681070974.2855513 1628.12 1983
1681070974.2869432 1632.06 1989
1681070974.2882888 1635.67 1995
1681070974.289619 1641.01 2002
1681070974.2909424 1646.44 2009
1681070974.2922544 1651.05 2015
1681070974.2935772 1658.16 2021
1681070974.2947874 1662.58 2027
1681070974.2959988 1666.52 2033
1681070974.297246 1670.29 2039
1681070974.2984574 1675.27 2046
1681070974.2996757 1681.42 2053
1681070974.300917 1686.96 2059
1681070974.3696425 1693.95 2065
1681070974.3710265 1698.89 2071
1681070974.372384 1702.86 2077
1681070974.3737197 1706.72 2083
1681070974.3751404 1711.17 2091
1681070974.3765733 1717.36 2097
1681070974.3778965 1723.26 2103
1681070974.3792136 1729.53 2109
1681070974.3805723 1735.03 2115
1681070974.3819017 1739.01 2121
1681070974.3832164 1742.94 2127
1681070974.3845491 1747.00 2135
1681070974.385868 1753.79 2141
1681070974.4531128 1759.41 2147
1681070974.4548342 1764.91 2153
1681070974.4562006 1770.90 2159
1681070974.4575384 1774.87 2165
1681070974.4590077 1778.81 2171
1681070974.4604857 1782.86 2179
1681070974.461839 1789.65 2185
1681070974.4631774 1795.11 2191
1681070974.4645052 1800.41 2197
1681070974.465819 1806.72 2203
1681070974.4671314 1810.70 2209
1681070974.4684942 1814.51 2215
1681070974.46982 1818.41 2223
1681070974.4711337 1824.95 2229
1681070974.5384867 1830.70 2235
1681070974.5399604 1836.04 2241
1681070974.5413508 1842.62 2247
1681070974.5429146 1846.60 2253
1681070974.5443053 1850.13 2259
1681070974.5456347 1853.83 2267
1681070974.5469506 1859.73 2273
1681070974.548285 1864.35 2279
1681070974.5495992 1869.53 2285
1681070974.551008 1875.64 2291
1681070974.552365 1879.65 2297
1681070974.5536857 1883.27 2304
1681070974.55502 1887.08 2311
1681070974.6219242 1892.95 2317
1681070974.623515 1897.64 2323
1681070974.6248927 1902.91 2329
1681070974.6263664 1909.13 2335
1681070974.6278114 1913.11 2341
1681070974.6291678 1916.24 2348
1681070974.6304862 1919.73 2355
1681070974.63181 1925.96 2361
1681070974.6333468 1930.62 2367
1681070974.6346781 1935.68 2373
1681070974.636018 1941.50 2379
1681070974.6374457 1945.52 2385
1681070974.6388624 1948.89 2392
1681070974.6402314 1952.62 2399
1681070974.7071397 1958.89 2405
1681070974.7088034 1964.15 2411
1681070974.7103262 1969.25 2417
1681070974.711664 1976.08 2423
1681070974.713029 1980.05 2429
1681070974.7145634 1983.87 2436
1681070974.7159407 1987.65 2443
1681070974.7173307 1993.67 2449
1681070974.7186565 1999.53 2455
1681070974.7200446 2004.63 2461
1681070974.721487 2011.62 2467
1681070974.722808 2015.64 2473
1681070974.7241416 2019.61 2480
1681070974.7911205 2023.51 2487
1681070974.7926714 2028.97 2493
1681070974.794137 2035.04 2499
1681070974.7954648 2040.10 2505
1681070974.7970102 2047.28 2511
1681070974.7983944 2051.71 2518
1681070974.7997377 2055.70 2524
1681070974.8010902 2059.33 2531
1681070974.8025365 2064.36 2537
1681070974.8038805 2070.49 2543
1681070974.8052337 2075.40 2549
1681070974.8065422 2082.53 2555
1681070974.8080618 2087.48 2562
1681070974.8746667 2091.51 2568
1681070974.8766642 2095.22 2575
1681070974.8781955 2099.77 2581
1681070974.8796709 2105.69 2587
1681070974.8812163 2110.85 2593
1681070974.882652 2117.54 2599
1681070974.884037 2122.81 2606
1681070974.8854353 2126.80 2612
1681070974.8867354 2130.63 2619
1681070974.8880365 2134.74 2625
1681070974.8893695 2141.18 2631
1681070974.8906896 2146.30 2637
1681070974.8921723 2152.62 2643
1681070974.8936346 2158.22 2650
1681070974.9599261 2162.21 2656
1681070974.9613888 2165.80 2663
1681070974.9627697 2169.82 2669
1681070974.9641209 2175.91 2675
1681070974.9654713 2180.86 2681
1681070974.9667864 2186.90 2688
1681070974.9680943 2192.62 2694
1681070974.9694388 2196.61 2700
1681070974.9707696 2200.12 2707
1681070974.9721017 2204.15 2713
1681070974.9734418 2210.15 2719
1681070974.974793 2214.82 2725
1681070974.9763286 2220.70 2732
1681070975.0431545 2225.98 2738
1681070975.0448415 2229.97 2744
1681070975.046292 2232.91 2751
1681070975.0477471 2236.98 2757
1681070975.049176 2243.02 2763
1681070975.0505648 2247.45 2769
1681070975.0519497 2253.45 2776
1681070975.0536423 2258.33 2782
1681070975.055107 2262.31 2788
1681070975.0565822 2265.13 2795
1681070975.057964 2269.16 2801
1681070975.059492 2275.25 2807
1681070975.060878 2279.92 2813
1681070975.0621946 2285.84 2820
1681070975.1283948 2290.71 2826
1681070975.129677 2294.66 2832
1681070975.1309192 2297.68 2839
1681070975.13219 2301.71 2845
1681070975.1334333 2307.95 2851
1681070975.1346521 2312.71 2857
1681070975.1358695 2318.75 2864
1681070975.137131 2323.71 2870
1681070975.138362 2327.65 2876
1681070975.1395671 2330.51 2883
1681070975.1408103 2334.54 2889
1681070975.1420975 2340.71 2895
1681070975.1435134 2344.98 2902
1681070975.2124016 2351.18 2908
1681070975.2137964 2356.13 2914
1681070975.2150788 2360.12 2920
1681070975.2163665 2363.10 2927
1681070975.218126 2367.29 2933
1681070975.219481 2373.21 2939
1681070975.2207975 2377.77 2946
1681070975.2220616 2384.09 2952
1681070975.2233162 2388.72 2958
1681070975.224728 2392.71 2964
1681070975.2261407 2395.45 2971
1681070975.2274144 2399.88 2977
1681070975.2287285 2405.56 2983
1681070975.2959855 2410.27 2990
1681070975.2978506 2416.88 2996
1681070975.29974 2420.99 3002
1681070975.3012948 2424.94 3008
1681070975.3027065 2427.56 3015
1681070975.3040617 2432.39 3021
1681070975.3054886 2437.83 3027
1681070975.3068378 2442.18 3034
1681070975.3082285 2448.99 3040
1681070975.3096635 2453.10 3046
1681070975.3110218 2457.08 3052
1681070975.312765 2459.98 3059
1681070975.3141422 2465.06 3065
1681070975.3155265 2470.34 3072
1681070975.3813736 2474.57 3078
1681070975.3829744 2481.21 3084
1681070975.3845186 2485.28 3090
1681070975.3859763 2489.23 3096
1681070975.3873641 2491.93 3103
1681070975.388736 2497.25 3109
1681070975.390052 2502.20 3116
1681070975.3914895 2506.79 3122
1681070975.3930454 2512.84 3128
1681070975.3943973 2516.82 3134
1681070975.3957179 2520.49 3140
1681070975.39712 2523.59 3147
1681070975.3984551 2529.23 3153
1681070975.4646235 2534.23 3160
1681070975.4662335 2539.02 3166
1681070975.4675632 2545.18 3172
1681070975.4689054 2549.21 3178
1681070975.4702044 2552.59 3184
1681070975.4714952 2555.86 3191
1681070975.472811 2561.66 3197
1681070975.4740937 2566.17 3204
1681070975.4755652 2571.25 3210
1681070975.4770296 2576.97 3216
1681070975.478381 2580.95 3222
1681070975.4796736 2584.38 3228
1681070975.4809237 2587.88 3235
1681070975.4821281 2593.68 3241
1681070975.5499048 2597.87 3248
1681070975.5512478 2603.23 3254
1681070975.5525858 2608.55 3260
1681070975.5538845 2612.50 3266
1681070975.555173 2615.32 3272
1681070975.5564964 2619.26 3279
1681070975.5578508 2625.39 3286
1681070975.559335 2629.86 3292
1681070975.560768 2635.70 3298
1681070975.5620728 2640.94 3304
1681070975.5633757 2644.92 3310
1681070975.5647106 2647.54 3316
1681070975.5660162 2651.57 3323
1681070975.6340067 2657.53 3330
1681070975.6355035 2662.04 3336
1681070975.6369874 2668.05 3342
1681070975.6384394 2672.60 3348
1681070975.639732 2676.59 3354
1681070975.6410973 2679.00 3360
1681070975.6426501 2683.27 3367
1681070975.6439724 2688.75 3374
1681070975.6453176 2692.90 3380
1681070975.6466086 2699.47 3386
1681070975.647903 2703.50 3392
1681070975.6492124 2707.48 3398
1681070975.650503 2710.14 3404
1681070975.7174444 2714.98 3411
1681070975.7190075 2720.09 3418
1681070975.7203596 2724.28 3424
1681070975.7216995 2730.85 3430
1681070975.7232668 2735.00 3436
1681070975.7247002 2738.99 3442
1681070975.726198 2741.76 3448
1681070975.727534 2747.24 3456
1681070975.728878 2752.20 3462
1681070975.7301295 2756.83 3468
1681070975.7314441 2763.36 3474
1681070975.7328546 2767.43 3480
1681070975.734069 2771.25 3485
1681070975.7353096 2774.07 3492
1681070975.8028634 2779.79 3500
1681070975.8044329 2784.51 3506
1681070975.805858 2789.42 3512
1681070975.8072188 2795.22 3518
1681070975.8088372 2799.25 3524
1681070975.8101895 2802.55 3530
1681070975.81149 2805.86 3536
1681070975.812819 2811.45 3544
1681070975.814114 2815.77 3550
1681070975.815404 2821.20 3556
1681070975.816791 2826.24 3562
1681070975.8180966 2830.23 3568
1681070975.8193867 2832.85 3574
1681070975.886098 2836.79 3580
1681070975.8876398 2842.35 3588
1681070975.888995 2846.62 3594
1681070975.8903143 2852.46 3600
1681070975.891695 2857.10 3606
1681070975.8932118 2861.08 3612
1681070975.8945258 2863.70 3618
1681070975.895821 2867.77 3624
1681070975.897179 2873.09 3632
1681070975.8985136 2877.40 3638
1681070975.8998175 2883.88 3644
1681070975.9011354 2887.95 3650
1681070975.9024324 2891.94 3656
1681070975.90372 2894.64 3662
1681070975.9714286 2899.27 3668
1681070975.9730804 2904.35 3676
1681070975.974624 2908.74 3682
1681070975.9760315 2915.43 3688
1681070975.9774473 2919.62 3694
1681070975.9790065 2923.64 3699
1681070975.980402 2926.18 3706
1681070975.981799 2931.38 3713
1681070975.9831567 2936.17 3720
1681070975.9845686 2940.84 3726
1681070975.985948 2946.81 3732
1681070975.987301 2950.87 3738
1681070975.9887142 2954.30 3743
1681070976.0549142 2957.24 3750
1681070976.0566442 2962.84 3757
1681070976.0581388 2966.95 3764
1681070976.0598662 2972.06 3770
1681070976.0614343 2977.46 3776
1681070976.0629296 2981.49 3782
1681070976.0642695 2984.31 3788
1681070976.0655794 2988.14 3794
1681070976.0668828 2994.02 3801
1681070976.0682015 2998.45 3808
1681070976.069508 3004.21 3814
1681070976.0708096 3009.33 3820
1681070976.072139 3013.31 3826
1681070976.1389022 3016.17 3832
1681070976.1405857 3020.24 3838
1681070976.1420574 3026.00 3845
1681070976.1434526 3030.43 3852
1681070976.144889 3036.44 3858
1681070976.146254 3040.91 3864
1681070976.1475306 3044.90 3870
1681070976.1488402 3047.43 3876
1681070976.1500957 3051.62 3883
1681070976.1513329 3057.10 3889
1681070976.1526542 3061.41 3896
1681070976.154055 3067.78 3902
1681070976.155313 3071.89 3908
1681070976.1566591 3075.87 3914
1681070976.2242084 3078.73 3920
1681070976.2260568 3083.57 3927
1681070976.2273974 3088.80 3933
1681070976.2287276 3093.40 3940
1681070976.2300365 3100.25 3946
1681070976.2313354 3104.39 3952
1681070976.232665 3108.38 3958
1681070976.2339747 3111.20 3964
1681070976.235277 3116.08 3971
1681070976.2368615 3120.79 3977
1681070976.2382457 3125.14 3984
1681070976.2395601 3131.63 3990
1681070976.2409294 3135.69 3996
1681070976.3075984 3139.44 4001
1681070976.3092122 3142.42 4008
1681070976.310544 3148.02 4015
1681070976.3118763 3152.57 4021
1681070976.3132272 3157.57 4028
1681070976.3145247 3163.17 4034
1681070976.3158135 3167.16 4040
1681070976.317122 3169.85 4046
1681070976.3186483 3173.52 4052
1681070976.3200922 3178.96 4059
1681070976.3214371 3183.23 4065
1681070976.3227835 3188.71 4072
1681070976.3241234 3193.74 4078
1681070976.3254585 3197.77 4084
1681070976.3928897 3199.62 4090
1681070976.3943303 3203.61 4097
1681070976.3957434 3209.21 4103
1681070976.397154 3213.28 4109
1681070976.3985257 3219.36 4116
1681070976.4000459 3223.55 4122
1681070976.4015 3227.54 4128
1681070976.4028897 3229.92 4134
1681070976.4042912 3234.51 4141
1681070976.4056904 3239.71 4147
1681070976.407071 3244.14 4153
1681070976.4084935 3250.74 4160
1681070976.409908 3254.81 4166
1681070976.4762902 3258.84 4172
1681070976.4778469 3261.90 4178
1681070976.479186 3267.10 4185
1681070976.4805446 3272.74 4191
1681070976.481867 3277.45 4197
1681070976.4831803 3284.70 4204
1681070976.4845407 3289.41 4210
1681070976.4858513 3293.36 4216
1681070976.4871576 3296.79 4222
1681070976.4885104 3301.78 4229
1681070976.4898314 3307.50 4235
1681070976.491134 3312.42 4241
1681070976.492469 3319.06 4248
1681070976.560243 3324.14 4254
1681070976.561803 3328.13 4260
1681070976.563143 3331.95 4267
1681070976.564486 3336.55 4273
1681070976.5661085 3342.71 4279
1681070976.5675323 3348.11 4285
1681070976.5689054 3354.47 4292
1681070976.5702283 3359.95 4298
1681070976.5715387 3363.94 4304
1681070976.5728672 3367.89 4311
1681070976.5741765 3371.91 4317
1681070976.5760393 3378.48 4323
1681070976.5775933 3384.28 4329
1681070976.578939 3390.20 4336
1681070976.645619 3396.17 4342
1681070976.6469767 3400.15 4348
1681070976.6483305 3404.14 4355
1681070976.6496627 3408.17 4361
1681070976.6509743 3414.82 4367
1681070976.6522884 3420.74 4373
1681070976.653604 3425.93 4380
1681070976.6549113 3432.50 4386
1681070976.6562212 3436.53 4392
1681070976.6578217 3440.48 4399
1681070976.659336 3444.42 4405
1681070976.6606884 3450.39 4411
1681070976.6619952 3455.22 4417
1681070976.728932 3459.77 4423
1681070976.7306035 3467.10 4430
1681070976.7319276 3471.25 4436
1681070976.733259 3475.20 4443
1681070976.7345607 3479.07 4449
1681070976.7358565 3484.31 4455
1681070976.737193 3490.47 4461
1681070976.7385218 3495.54 4468
1681070976.7402017 3502.59 4474
1681070976.7415621 3507.23 4481
1681070976.7429028 3511.21 4487
1681070976.7442398 3514.88 4493
1681070976.7455554 3519.51 4499
1681070976.7468538 3525.43 4505
1681070976.8143237 3530.75 4512
1681070976.8156884 3537.24 4518
1681070976.8170404 3542.43 4525
1681070976.8184838 3546.42 4531
1681070976.8197832 3550.17 4537
1681070976.821125 3554.32 4543
1681070976.8227923 3560.64 4549
1681070976.824161 3566.24 4556
1681070976.8254952 3572.57 4562
1681070976.8268044 3578.25 4569
1681070976.8281534 3582.23 4575
1681070976.8294587 3586.10 4581
1681070976.8307636 3590.17 4587
1681070976.8977473 3596.86 4593
1681070976.8993185 3602.54 4600
1681070976.900674 3608.18 4606
1681070976.901984 3614.54 4613
1681070976.9033816 3618.49 4619
1681070976.9050207 3622.28 4625
1681070976.906352 3626.34 4631
1681070976.9077015 3632.55 4637
1681070976.9090478 3638.15 4644
1681070976.9103642 3643.26 4651
1681070976.9116833 3650.11 4657
1681070976.913021 3654.18 4663
1681070976.914499 3658.05 4669
1681070976.9817646 3662.03 4675
1681070976.98335 3667.84 4681
1681070976.9847157 3673.56 4688
1681070976.986159 3678.35 4695
1681070976.9874768 3685.40 4701
1681070976.9888117 3689.47 4707
1681070976.9901094 3693.42 4713
1681070976.9914093 3697.32 4719
1681070976.992727 3702.52 4725
1681070976.9940197 3708.28 4732
1681070976.9953067 3712.91 4739
1681070976.9966078 3719.88 4745
1681070976.9979203 3724.39 4751
1681070976.9991362 3728.34 4757
1681070977.0669835 3731.81 4763
1681070977.0685873 3736.72 4769
1681070977.0701005 3742.32 4776
1681070977.0714447 3747.03 4783
1681070977.0728536 3753.88 4789
1681070977.0743015 3758.84 4795
1681070977.0758443 3762.86 4801
1681070977.0771797 3766.45 4807
1681070977.0784707 3771.16 4813
1681070977.0799427 3776.80 4820
1681070977.0814142 3781.60 4827
1681070977.0826576 3788.16 4833
1681070977.0838606 3793.16 4839
1681070977.1505487 3797.14 4845
1681070977.1520984 3800.45 4851
1681070977.1534815 3804.84 4857
1681070977.1548204 3810.92 4864
1681070977.1561399 3816.20 4871
1681070977.1574397 3822.79 4877
1681070977.159043 3827.88 4883
1681070977.1604478 3831.87 4889
1681070977.1618853 3835.25 4895
1681070977.163436 3839.28 4901
1681070977.1648123 3845.61 4908
1681070977.1661298 3850.68 4915
1681070977.1674478 3856.92 4921
1681070977.168771 3862.40 4927
1681070977.2356842 3866.39 4933
1681070977.2371395 3869.90 4939
1681070977.2385116 3873.88 4945
1681070977.2399087 3880.21 4952
1681070977.2414298 3885.08 4959
1681070977.2430947 3890.68 4965
1681070977.244667 3896.76 4971
1681070977.2460396 3900.75 4977
1681070977.2473981 3904.62 4983
1681070977.2487192 3908.65 4989
1681070977.2499647 3915.30 4997
1681070977.2512004 3920.53 5003
1681070977.2524612 3926.05 5009
1681070977.319144 3932.58 5015
1681070977.3207357 3936.56 5021
1681070977.322055 3940.11 5027
1681070977.3233478 3944.14 5033
1681070977.3247786 3950.66 5040
1681070977.3262198 3955.62 5047
1681070977.3275294 3960.61 5053
1681070977.3288743 3965.97 5059
1681070977.3301907 3969.52 5063
1681070977.3314967 3970.97 5068
1681070977.3329494 3970.97 5068
1681070977.334294 3970.97 5068
1681070977.3355992 3971.05 5089
1681070977.336894 3971.05 5089
1681070977.4045765 3971.05 5089
1681070977.4060597 3971.05 5089
1681070977.4074914 3971.09 5111
1681070977.4092023 3971.13 5120
1681070977.4106758 3971.13 5120
1681070977.4121013 3971.13 5120
1681070977.4135616 3971.13 5120
1681070977.4150565 3971.13 5120
1681070977.4165165 3971.13 5120
1681070977.4179158 3971.13 5120
1681070977.4192092 3971.13 5120
1681070977.4205272 3971.13 5120
1681070977.4218385 3971.13 5120
1681070977.4883738 3971.13 5120
1681070977.4898272 3971.13 5120
1681070977.4911962 3971.17 5193
1681070977.492576 3971.17 5193
1681070977.4939187 3971.17 5193
1681070977.495267 3971.17 5193
1681070977.496642 3971.17 5193
1681070977.4979632 3971.17 5193
1681070977.4992845 3971.17 5193
1681070977.5006497 3971.21 5238
1681070977.5020406 3971.21 5238
1681070977.5030453 3971.21 5238
1681070977.5039427 3971.21 5238
1681070977.571833 3971.21 5238
1681070977.5734472 3971.21 5238
1681070977.5748339 3971.21 5238
1681070977.5762289 3971.21 5238
1681070977.5777287 3971.21 5238
1681070977.579071 3971.21 5238
1681070977.5803921 3971.21 5238
1681070977.5817034 3971.21 5238
1681070977.5831718 3971.21 5238
1681070977.5845075 3971.21 5238
1681070977.585816 3971.21 5238
1681070977.5871103 3971.21 5238
1681070977.5885043 3971.21 5238
1681070977.58975 3971.21 5238
1681070977.6571317 3971.25 5349
1681070977.6585164 3971.25 5349
1681070977.6598704 3971.25 5349
1681070977.6612518 3971.25 5349
1681070977.6625836 3971.25 5349
1681070977.663899 3971.25 5349
1681070977.665244 3971.25 5349
1681070977.666588 3971.25 5349
1681070977.6678822 3971.25 5349
1681070977.6691453 3971.25 5349
1681070977.670375 3971.25 5349
1681070977.671607 3971.25 5349
1681070977.67286 3971.25 5349
1681070977.7405672 3971.25 5349
1681070977.742443 3971.25 5349
1681070977.7437873 3971.25 5349
1681070977.7451646 3971.25 5349
1681070977.746489 3971.25 5349
1681070977.7479594 3971.25 5349
1681070977.749489 3971.25 5349
1681070977.7508512 3971.25 5349
1681070977.7521827 3971.25 5349
1681070977.753506 3971.25 5349
1681070977.7548041 3971.25 5349
1681070977.75612 3971.25 5349
1681070977.7573571 3971.25 5349
1681070977.7588618 3971.25 5349
1681070977.8259287 3971.25 5349
1681070977.827279 3971.25 5349
1681070977.828622 3971.25 5349
1681070977.830134 3971.25 5349
1681070977.8316402 3971.25 5349
1681070977.8329937 3971.25 5349
1681070977.8342977 3971.25 5349
1681070977.8356 3971.25 5349
1681070977.8369253 3971.25 5349
1681070977.8382218 3971.25 5349
1681070977.8394766 3971.25 5349
1681070977.8407748 3971.25 5349
1681070977.8421023 3971.25 5349
1681070977.9098604 3971.25 5349
1681070977.9112637 3971.25 5349
1681070977.9126933 3971.25 5349
1681070977.9140337 3971.25 5349
1681070977.9154139 3971.25 5349
1681070977.9168034 3971.25 5349
1681070977.9181216 3971.25 5349
1681070977.9194386 3971.25 5349
1681070977.9208183 3971.25 5349
1681070977.922142 3971.25 5349
1681070977.9235277 3971.25 5349
1681070977.9251392 3971.25 5349
1681070977.9264314 3971.25 5349
1681070977.9933088 3971.25 5349
1681070977.9949248 3971.25 5349
1681070977.996323 3971.25 5349
1681070977.9976938 3971.25 5349
1681070977.999041 3971.25 5349
1681070978.000397 3971.25 5349
1681070978.0017421 3971.25 5349
1681070978.0030684 3971.25 5349
1681070978.0044112 3971.25 5349
1681070978.0058398 3971.25 5349
1681070978.0070462 3971.25 5349
1681070978.0082688 3971.25 5349
1681070978.009485 3971.25 5349
1681070978.0106776 3971.25 5349
1681070978.0786242 3971.25 5349
1681070978.0801787 3971.25 5349
1681070978.0816004 3971.25 5349
1681070978.082936 3971.25 5349
1681070978.0842981 3971.25 5349
1681070978.08567 3971.25 5349
1681070978.0870605 3971.25 5349
1681070978.08846 3971.25 5349
1681070978.0897682 3971.25 5349
1681070978.0910666 3971.25 5349
1681070978.0923727 3971.25 5349
1681070978.0936685 3971.25 5349
1681070978.094976 3971.25 5349
1681070978.162053 3971.25 5349
1681070978.1637251 3971.25 5349
1681070978.1652393 3971.25 5349
1681070978.1666505 3971.25 5349
1681070978.168016 3971.25 5349
1681070978.1693907 3971.25 5349
1681070978.1708124 3971.25 5349
1681070978.1722 3971.25 5349
1681070978.173495 3971.25 5349
1681070978.1747859 3971.25 5349
1681070978.1761441 3971.25 5349
1681070978.1775675 3971.25 5349
1681070978.1789145 3971.25 5349
1681070978.1802013 3971.25 5349
1681070978.2474196 3971.25 5349
1681070978.249067 3971.25 5349
1681070978.2505744 3971.25 5349
1681070978.2519329 3971.25 5349
1681070978.2533135 3971.25 5349
1681070978.254647 3971.25 5349
1681070978.2559652 3971.25 5349
1681070978.2573411 3971.25 5349
1681070978.258676 3971.25 5349
1681070978.2599885 3971.25 5349
1681070978.261391 3971.25 5349
1681070978.262735 3971.25 5349
1681070978.264075 3971.25 5349
1681070978.331505 3971.25 5349
1681070978.3331013 3971.25 5349
1681070978.3346128 3971.25 5349
1681070978.3360195 3971.25 5349
1681070978.337474 3971.25 5349
1681070978.3388178 3971.25 5349
1681070978.340175 3971.25 5349
1681070978.3415294 3971.25 5349
1681070978.3428643 3971.25 5349
1681070978.3442023 3971.25 5349
1681070978.3455703 3971.25 5349
1681070978.3468924 3971.25 5349
1681070978.3482404 3971.25 5349
1681070978.414847 3971.25 5349
1681070978.4166005 3971.25 5349
1681070978.4179375 3971.25 5349
1681070978.4192417 3971.25 5349
1681070978.4205656 3971.25 5349
1681070978.421888 3971.25 5349
1681070978.4231842 3971.25 5349
1681070978.424508 3971.25 5349
1681070978.4258122 3971.25 5349
1681070978.4271035 3971.25 5349
1681070978.4286022 3971.25 5349
1681070978.4299178 3971.25 5349
1681070978.4312167 3971.25 5349
1681070978.432536 3971.25 5349
1681070978.5002213 3971.25 5349
1681070978.5017283 3971.25 5349
1681070978.5031734 3971.25 5349
1681070978.5046203 3971.25 5349
1681070978.506047 3971.25 5349
1681070978.5073998 3971.25 5349
1681070978.5091245 3971.25 5349
1681070978.5106926 3971.25 5349
1681070978.5121782 3971.25 5349
1681070978.513501 3971.25 5349
1681070978.5147967 3971.25 5349
1681070978.5160913 3971.25 5349
1681070978.5174198 3971.25 5349
1681070978.5836115 3971.25 5349
1681070978.585223 3971.25 5349
1681070978.5864697 3971.25 5349
1681070978.5877044 3971.25 5349
1681070978.5889843 3971.25 5349
1681070978.5902402 3971.25 5349
1681070978.5915666 3971.25 5349
1681070978.592812 3971.25 5349
1681070978.594132 3971.25 5349
1681070978.595343 3971.25 5349
1681070978.596579 3971.25 5349
1681070978.5977833 3971.25 5349
1681070978.5989718 3971.25 5349
1681070978.6001875 3971.25 5349
1681070978.668751 3971.25 5349
1681070978.6701076 3971.25 5349
1681070978.6714137 3971.25 5349
1681070978.6727624 3971.25 5349
1681070978.6743157 3971.25 5349
1681070978.6756704 3971.25 5349
1681070978.6769965 3971.25 5349
1681070978.678307 3971.25 5349
1681070978.679528 3971.25 5349
1681070978.6807635 3971.25 5349
1681070978.6819558 3971.25 5349
1681070978.6831393 3971.25 5349
1681070978.6843603 3971.25 5349
1681070978.7528462 3971.25 5349
1681070978.7542067 3971.25 5349
1681070978.755512 3971.25 5349
1681070978.7569962 3971.25 5349
1681070978.7584438 3971.25 5349
1681070978.7597563 3971.25 5349
1681070978.7610815 3971.25 5349
1681070978.7623167 3971.25 5349
1681070978.7635047 3971.25 5349
1681070978.7647254 3971.25 5349
1681070978.7659283 3971.25 5349
1681070978.7671711 3971.25 5349
1681070978.7683911 3971.25 5349
1681070978.836258 3971.25 5349
1681070978.8379788 3971.25 5349
1681070978.8393562 3971.25 5349
1681070978.8406987 3971.25 5349
1681070978.8419971 3971.25 5349
1681070978.8432858 3971.25 5349
1681070978.844578 3971.25 5349
1681070978.8458588 3971.25 5349
1681070978.8471441 3971.25 5349
1681070978.8484309 3971.25 5349
1681070978.849716 3971.25 5349
1681070978.8510141 3971.25 5349
1681070978.8523304 3971.25 5349
1681070978.85363 3971.25 5349
1681070978.9214728 3971.25 5349
1681070978.922816 3971.25 5349
1681070978.9244478 3971.25 5349
1681070978.92584 3971.25 5349
1681070978.9271812 3971.25 5349
1681070978.9285321 3971.25 5349
1681070978.9300976 3971.25 5349
1681070978.9315264 3971.25 5349
1681070978.9329207 3971.25 5349
1681070978.9342215 3971.25 5349
1681070978.9355154 3971.25 5349
1681070978.9368358 3971.25 5349
1681070978.9381456 3971.25 5349
1681070979.0048928 3971.25 5349
1681070979.006476 3971.25 5349
1681070979.0080874 3971.25 5349
1681070979.009464 3971.25 5349
1681070979.0107758 3971.25 5349
1681070979.012152 3971.25 5349
1681070979.0134733 3971.25 5349
1681070979.014779 3971.25 5349
1681070979.016078 3971.25 5349
1681070979.0174046 3971.25 5349
1681070979.0186977 3971.25 5349
1681070979.0199974 3971.25 5349
1681070979.0213237 3971.25 5349
1681070979.0227458 3971.25 5349
1681070979.0905342 3971.25 5349
1681070979.0919104 3971.25 5349
1681070979.0934088 3971.25 5349
1681070979.094732 3971.25 5349
1681070979.0960412 3971.25 5349
1681070979.097365 3971.25 5349
1681070979.098659 3971.25 5349
1681070979.0998497 3971.25 5349
1681070979.1010692 3971.25 5349
1681070979.1023707 3971.25 5349
1681070979.103658 3971.25 5349
1681070979.104915 3971.25 5349
1681070979.1061256 3971.25 5349
1681070979.173719 3971.25 5349
1681070979.1752756 3971.25 5349
1681070979.1766465 3971.25 5349
1681070979.17796 3971.25 5349
1681070979.1792655 3971.25 5349
1681070979.1805959 3971.25 5349
1681070979.181894 3971.25 5349
1681070979.1831882 3971.25 5349
1681070979.1844985 3971.25 5349
1681070979.185794 3971.25 5349
1681070979.1871295 3971.25 5349
1681070979.1889477 3971.25 5349
1681070979.1908715 3971.25 5349
1681070979.25766 3971.25 5349
1681070979.2594235 3971.25 5349
1681070979.2610078 3971.25 5349
1681070979.2624671 3971.25 5349
1681070979.26383 3971.25 5349
1681070979.2652235 3971.25 5349
1681070979.2665963 3971.25 5349
1681070979.2679384 3971.25 5349
1681070979.2693172 3971.25 5349
1681070979.270646 3971.25 5349
1681070979.2719595 3971.25 5349
1681070979.2733097 3971.25 5349
1681070979.2746463 3971.25 5349
1681070979.2759607 3971.25 5349
1681070979.3429585 3971.25 5349
1681070979.344454 3971.25 5349
1681070979.3457887 3971.25 5349
1681070979.3470829 3971.25 5349
1681070979.3486753 3971.25 5349
1681070979.3501496 3971.25 5349
1681070979.351462 3971.25 5349
1681070979.3527935 3971.25 5349
1681070979.3540995 3971.25 5349
1681070979.3553987 3971.25 5349
1681070979.3567204 3971.25 5349
1681070979.3583612 3971.25 5349
1681070979.3599098 3971.25 5349
1681070979.4264393 3971.25 5349
1681070979.4282136 3971.25 5349
1681070979.4296966 3971.25 5349
1681070979.4313378 3971.25 5349
1681070979.432895 3971.25 5349
1681070979.4342065 3971.25 5349
1681070979.435588 3971.25 5349
1681070979.436928 3971.25 5349
1681070979.4382205 3971.25 5349
1681070979.4395716 3971.25 5349
1681070979.441183 3971.25 5349
1681070979.4429922 3971.25 5349
1681070979.444385 3971.25 5349
1681070979.4457052 3971.25 5349
1681070979.5118146 3971.25 5349
1681070979.513221 3971.25 5349
1681070979.5145319 3971.25 5349
1681070979.5176141 3971.25 5349
1681070979.5189528 3971.25 5349
1681070979.5202706 3971.25 5349
1681070979.521576 3971.25 5349
1681070979.522878 3971.25 5349
1681070979.5241926 3971.25 5349
1681070979.5254924 3971.25 5349
1681070979.5267725 3971.25 5349
1681070979.5280564 3971.25 5349
1681070979.5293567 3971.25 5349
1681070979.5950997 3971.25 5349
1681070979.5967066 3971.25 5349
1681070979.598038 3971.25 5349
1681070979.5993474 3971.25 5349
1681070979.6006553 3971.25 5349
1681070979.6019533 3971.25 5349
1681070979.6032398 3971.25 5349
1681070979.604747 3971.25 5349
1681070979.606118 3971.25 5349
1681070979.6076574 3971.25 5349
1681070979.609015 3971.25 5349
1681070979.6104183 3971.25 5349
1681070979.6117904 3971.25 5349
1681070979.6791635 3971.25 5349
1681070979.6808474 3971.25 5349
1681070979.6821907 3971.25 5349
1681070979.6834931 3971.25 5349
1681070979.6848092 3971.25 5349
1681070979.686239 3971.25 5349
1681070979.6878428 3971.25 5349
1681070979.6893053 3971.25 5349
1681070979.6906831 3971.25 5349
1681070979.6923413 3971.25 5349
1681070979.693758 3971.25 5349
1681070979.695082 3971.25 5349
1681070979.696404 3971.25 5349
1681070979.697706 3971.25 5349
1681070979.7645125 3971.25 5349
1681070979.7659574 3971.25 5349
1681070979.767273 3971.25 5349
1681070979.7685928 3971.25 5349
1681070979.7706635 3971.25 5349
1681070979.7723606 3971.25 5349
1681070979.7737145 3971.25 5349
1681070979.7750287 3971.25 5349
1681070979.7763317 3971.25 5349
1681070979.7776246 3971.25 5349
1681070979.7789137 3971.25 5349
1681070979.7802181 3971.25 5349
1681070979.7815137 3971.25 5349
1681070979.8479044 3971.25 5349
1681070979.8495147 3971.25 5349
1681070979.8508434 3971.25 5349
1681070979.852233 3971.25 5349
1681070979.8539267 3971.25 5349
1681070979.8554468 3971.25 5349
1681070979.85682 3971.25 5349
1681070979.8581836 3971.25 5349
1681070979.859524 3971.25 5349
1681070979.860938 3971.25 5349
1681070979.8622875 3971.25 5349
1681070979.863825 3971.25 5349
1681070979.865227 3971.25 5349
1681070979.8665912 3971.25 5349
1681070979.9332516 3971.25 5349
1681070979.934749 3971.25 5349
1681070979.9361608 3971.25 5349
1681070979.9375327 3971.25 5349
1681070979.9389074 3971.25 5349
1681070979.9403014 3971.25 5349
1681070979.9416978 3971.25 5349
1681070979.9430497 3971.25 5349
1681070979.9444156 3971.25 5349
1681070979.9459798 3971.25 5349
1681070979.9473526 3971.25 5349
1681070979.9487731 3971.25 5349
1681070979.950131 3971.25 5349
1681070980.0165207 3971.25 5349
1681070980.0181856 3971.25 5349
1681070980.0196748 3971.25 5349
1681070980.0211806 3971.25 5349
1681070980.0225675 3971.25 5349
1681070980.0238853 3971.25 5349
1681070980.0252461 3971.25 5349
1681070980.0265622 3971.25 5349
1681070980.0279248 3971.25 5349
1681070980.0292857 3971.25 5349
1681070980.0306165 3971.25 5349
1681070980.0319386 3971.25 5349
1681070980.033293 3971.25 5349
1681070980.1005561 3971.25 5349
1681070980.1021657 3971.25 5349
1681070980.1035202 3971.25 5349
1681070980.1049073 3971.25 5349
1681070980.1062338 3971.25 5349
1681070980.1075983 3971.25 5349
1681070980.1089995 3971.25 5349
1681070980.110354 3971.25 5349
1681070980.111701 3971.25 5349
1681070980.1130729 3971.25 5349
1681070980.1143966 3971.25 5349
1681070980.1157365 3971.25 5349
1681070980.1170886 3971.25 5349
1681070980.1184063 3971.25 5349
1681070980.1858432 3971.25 5349
1681070980.187237 3971.25 5349
1681070980.1886356 3971.25 5349
1681070980.1900325 3971.25 5349
1681070980.1914225 3971.25 5349
1681070980.1928065 3971.25 5349
1681070980.1941376 3971.25 5349
1681070980.1954591 3971.25 5349
1681070980.1968114 3971.25 5349
1681070980.19813 3971.25 5349
1681070980.1994486 3971.25 5349
1681070980.200812 3971.25 5349
1681070980.2021403 3971.25 5349
1681070980.269318 3971.25 5349
1681070980.2710495 3971.25 5349
1681070980.272418 3971.25 5349
1681070980.273739 3971.25 5349
1681070980.2750337 3971.25 5349
1681070980.276473 3971.25 5349
1681070980.2778485 3971.25 5349
1681070980.2791388 3971.25 5349
1681070980.2804952 3971.25 5349
1681070980.282226 3971.25 5349
1681070980.2840466 3971.25 5349
1681070980.285441 3971.25 5349
1681070980.2868383 3971.25 5349
1681070980.28825 3971.25 5349
1681070980.3546474 3971.25 5349
1681070980.3560803 3971.25 5349
1681070980.3578277 3971.25 5349
1681070980.3592336 3971.25 5349
1681070980.3605614 3971.25 5349
1681070980.3618615 3971.25 5349
1681070980.3631613 3971.25 5349
1681070980.3647268 3971.25 5349
1681070980.3661695 3971.25 5349
1681070980.367472 3971.25 5349
1681070980.3687885 3971.25 5349
1681070980.3700871 3971.25 5349
1681070980.3713877 3971.25 5349
1681070980.4379933 3971.25 5349
1681070980.4396794 3971.25 5349
1681070980.4412708 3971.25 5349
1681070980.442592 3971.25 5349
1681070980.443903 3971.25 5349
1681070980.44522 3971.25 5349
1681070980.4467793 3971.25 5349
1681070980.4482374 3971.25 5349
1681070980.4495432 3971.25 5349
1681070980.4508398 3971.25 5349
1681070980.4521403 3971.25 5349
1681070980.4534345 3971.25 5349
1681070980.4547207 3971.25 5349
1681070980.4560103 3971.25 5349
1681070980.5232713 3971.25 5349
1681070980.52475 3971.25 5349
1681070980.5261102 3971.25 5349
1681070980.5274632 3971.25 5349
1681070980.5288477 3971.25 5349
1681070980.530178 3971.25 5349
1681070980.5314946 3971.25 5349
1681070980.532865 3971.25 5349
1681070980.5341876 3971.25 5349
1681070980.5354936 3971.25 5349
1681070980.5368612 3971.25 5349
1681070980.5382297 3971.25 5349
1681070980.539634 3971.25 5349
1681070980.6075122 3971.25 5349
1681070980.6090815 3971.25 5349
1681070980.6104975 3971.25 5349
1681070980.6119561 3971.25 5349
1681070980.6132946 3971.25 5349
1681070980.6145918 3971.25 5349
1681070980.6158886 3971.25 5349
1681070980.617217 3971.25 5349
1681070980.6185124 3971.25 5349
1681070980.6198049 3971.25 5349
1681070980.6211638 3971.25 5349
1681070980.622601 3971.25 5349
1681070980.6246898 3971.25 5349
1681070980.6907947 3971.25 5349
1681070980.6937866 3971.25 5349
1681070980.6964688 3971.25 5349
1681070980.6991491 3971.25 5349
1681070980.7018242 3971.25 5349
1681070980.7059786 3971.25 5349
1681070980.7100449 3971.25 5349
1681070980.7119503 3971.25 5349
1681070980.7136924 3971.25 5349
1681070980.7152927 3971.25 5349
1681070980.7166927 3971.25 5349
1681070980.717877 3971.25 5349
1681070980.718967 3971.25 5349
1681070980.720059 3971.25 5349
1681070980.7756078 3971.25 5349
1681070980.7765281 3971.25 5349
1681070980.7773645 3971.25 5349
1681070980.778187 3971.25 5349
1681070980.7790022 3971.25 5349
1681070980.779808 3971.25 5349
1681070980.780631 3971.25 5349
1681070980.7814398 3971.25 5349
1681070980.7822478 3971.25 5349
1681070980.7831888 3971.25 5349
1681070980.7840316 3971.25 5349
1681070980.784875 3971.25 5349
1681070980.7856863 3971.25 5349
1681070980.8594673 3971.25 5349
1681070980.861391 3971.25 5349
1681070980.862747 3971.25 5349
1681070980.8640544 3971.25 5349
1681070980.8653748 3971.25 5349
1681070980.866679 3971.25 5349
1681070980.8679721 3971.25 5349
1681070980.8692918 3971.25 5349
1681070980.8705792 3971.25 5349
1681070980.8718772 3971.25 5349
1681070980.8731968 3971.25 5349
1681070980.8745017 3971.25 5349
1681070980.8758087 3971.25 5349
1681070980.8771412 3971.25 5349
1681070980.9446979 3971.25 5349
1681070980.9460492 3971.25 5349
1681070980.9473603 3971.25 5349
1681070980.9486854 3971.25 5349
1681070980.9499664 3971.25 5349
1681070980.9512491 3971.25 5349
1681070980.9525437 3971.25 5349
1681070980.9538212 3971.25 5349
1681070980.9550035 3971.25 5349
1681070980.956191 3971.25 5349
1681070980.957384 3971.25 5349
1681070980.958571 3971.25 5349
1681070980.9597597 3971.25 5349
1681070981.028883 3971.25 5349
1681070981.0303316 3971.25 5349
1681070981.0316944 3971.25 5349
1681070981.0330641 3971.25 5349
1681070981.0344071 3971.25 5349
1681070981.035746 3971.25 5349
1681070981.0371132 3971.25 5349
1681070981.038461 3971.25 5349
1681070981.039831 3971.25 5349
1681070981.0412917 3971.25 5349
1681070981.04263 3971.25 5349
1681070981.0439248 3971.25 5349
1681070981.0452542 3971.41 8798
1681070981.1122055 3971.41 8798
1681070981.1138284 3971.41 8798
1681070981.1152215 3971.41 8798
1681070981.116624 3971.41 8798
1681070981.117956 3971.41 8798
1681070981.1192777 3971.41 8798
1681070981.1206267 3971.41 8798
1681070981.1219995 3971.41 8798
1681070981.1233702 3971.41 8798
1681070981.1247618 3971.41 8798
1681070981.1260908 3971.41 8798
1681070981.1274128 3971.41 8798
1681070981.1287968 3971.41 8798
1681070981.130129 3971.41 8798
1681070981.1974015 3971.41 8798
1681070981.1987529 3971.41 8798
1681070981.2000775 3971.41 8798
1681070981.201415 3971.41 8798
1681070981.2027187 3971.41 8798
1681070981.2040133 3971.41 8798
1681070981.2055666 3971.41 8798
1681070981.2072842 3971.41 8798
1681070981.20866 3971.41 8798
1681070981.2099917 3971.41 8798
1681070981.211293 3971.41 8798
1681070981.2126255 3971.41 8798
1681070981.2139196 3971.41 8798
1681070981.28094 3971.41 8798
1681070981.2827077 3971.41 8798
1681070981.2840745 3971.41 8798
1681070981.2855089 3971.41 8798
1681070981.2868798 3971.41 8798
1681070981.2882304 3971.41 8798
1681070981.2896066 3971.41 8798
1681070981.2909575 3971.41 8798
1681070981.2923083 3971.41 8798
1681070981.2936525 3971.41 8798
1681070981.2949727 3971.41 8798
1681070981.296329 3971.41 8798
1681070981.2976735 3971.41 8798
1681070981.2990534 3971.41 8798
1681070981.366152 3971.41 8798
1681070981.3676066 3971.41 8798
1681070981.3689682 3971.41 8798
1681070981.3705688 3971.41 8798
1681070981.3718956 3971.41 8798
1681070981.37332 3971.41 8798
1681070981.3747246 3971.41 8798
1681070981.3761418 3971.41 8798
1681070981.3774574 3971.41 8798
1681070981.378762 3971.41 8798
1681070981.380206 3971.41 8798
1681070981.3816383 3971.41 8798
1681070981.3829458 3971.41 9141
1681070981.4501996 3971.45 9141
1681070981.4518287 3971.45 9141
1681070981.45325 3971.45 9141
1681070981.454569 3971.45 9141
1681070981.4558654 3971.45 9141
1681070981.457281 3971.45 9141
1681070981.4585783 3971.45 9141
1681070981.459872 3971.45 9141
1681070981.4611783 3971.45 9141
1681070981.4627783 3971.45 9141
1681070981.4642558 3971.45 9141
1681070981.4655952 3971.45 9141
1681070981.4669137 3971.45 9141
1681070981.533677 3971.45 9141
1681070981.5352194 3971.45 9141
1681070981.5365772 3971.45 9141
1681070981.5379994 3971.45 9141
1681070981.5394516 3971.45 9141
1681070981.5408218 3971.45 9141
1681070981.542122 3971.45 9141
1681070981.543415 3971.45 9141
1681070981.5451152 3971.45 9141
1681070981.546456 3971.45 9141
1681070981.5477648 3971.45 9141
1681070981.549094 3971.45 9141
1681070981.5505033 3971.45 9141
1681070981.5518475 3971.45 9141
1681070981.6190243 3971.45 9141
1681070981.620532 3971.45 9141
1681070981.6219592 3971.45 9141
1681070981.6233613 3971.45 9141
1681070981.624809 3971.45 9141
1681070981.6262789 3971.45 9141
1681070981.6277192 3971.45 9141
1681070981.629075 3971.45 9141
1681070981.6303816 3971.45 9141
1681070981.6318862 3971.45 9141
1681070981.6333241 3971.45 9141
1681070981.6346269 3971.45 9141
1681070981.6359186 3971.45 9141
1681070981.702367 3971.45 9141
1681070981.7040389 3971.45 9141
1681070981.7054996 3971.45 9141
1681070981.7071939 3971.45 9141
1681070981.7086048 3971.45 9141
1681070981.7102315 3971.45 9141
1681070981.711713 3971.45 9141
1681070981.713167 3971.45 9141
1681070981.7145305 3971.45 9141
1681070981.7158265 3971.45 9141
1681070981.717152 3971.45 9141
1681070981.7184496 3971.45 9141
1681070981.7197428 3971.45 9141
1681070981.721085 3971.45 9141
1681070981.7876945 3971.45 9141
1681070981.78921 3971.45 9141
1681070981.7907455 3971.45 9141
1681070981.792356 3971.45 9141
1681070981.794597 3971.45 9141
1681070981.7962098 3971.45 9141
1681070981.7975278 3971.45 9141
1681070981.7988353 3971.45 9141
1681070981.800154 3971.45 9141
1681070981.8014712 3971.45 9141
1681070981.8028445 3971.45 9141
1681070981.8042057 3971.45 9141
1681070981.8055193 3971.45 9141
1681070981.8717232 3971.45 9141
1681070981.8733544 3971.45 9141
1681070981.8747466 3971.45 9141
1681070981.8760915 3971.45 9141
1681070981.877447 3971.45 9141
1681070981.8787816 3971.45 9141
1681070981.8801026 3971.45 9141
1681070981.8814692 3971.45 9141
1681070981.8828166 3971.45 9141
1681070981.8841813 3971.45 9141
1681070981.8855271 3971.45 9141
1681070981.88687 3971.45 9141
1681070981.888216 3971.45 9141
1681070981.95516 3971.45 9141
1681070981.957133 3971.45 9141
1681070981.9588099 3971.45 9141
1681070981.9602227 3971.45 9141
1681070981.9617634 3971.45 9141
1681070981.9632106 3971.45 9141
1681070981.9646475 3971.45 9141
1681070981.9660122 3971.45 9141
1681070981.9673593 3971.45 9141
1681070981.9689324 3971.45 9141
1681070981.9702969 3971.45 9141
1681070981.9715977 3971.45 9141
1681070981.9729273 3971.45 9141
1681070981.9742265 3971.45 9141
1681070982.0405724 3971.45 9141
1681070982.0420537 3971.45 9141
1681070982.043378 3971.45 9141
1681070982.0448186 3971.45 9141
1681070982.046115 3971.45 9141
1681070982.0474074 3971.45 9141
1681070982.0487125 3971.45 9141
1681070982.049991 3971.45 9141
1681070982.0513906 3971.45 9141
1681070982.052703 3971.45 9141
1681070982.053993 3971.45 9141
1681070982.0553014 3971.45 9141
1681070982.0566463 3971.45 9141
1681070982.1237833 3971.45 9141
1681070982.1249518 3971.45 9141
1681070982.125934 3971.45 9141
1681070982.1268778 3971.45 9141
1681070982.1278114 3971.45 9141
1681070982.1287081 3971.45 9141
1681070982.1294181 3971.45 9141
1681070982.1301343 3971.45 9141
1681070982.1308444 3971.45 9141
1681070982.1315694 3971.45 9141
1681070982.1323557 3971.45 9141
1681070982.1330848 3971.45 9141
1681070982.1337645 3971.45 9141
1681070982.134347 3971.45 9141
1681070982.209049 3971.45 9141
1681070982.210394 3971.45 9141
1681070982.2117028 3971.45 9141
1681070982.2130256 3971.45 9141
1681070982.2143571 3971.45 9141
1681070982.2157438 3971.45 9141
1681070982.2171323 3971.45 9141
1681070982.218432 3971.45 9141
1681070982.219724 3971.45 9141
1681070982.2210429 3971.45 9141
1681070982.2224977 3971.45 9141
1681070982.2238994 3971.45 9141
1681070982.2252421 3971.45 9141
1681070982.2924914 3971.45 9141
1681070982.2940462 3971.45 9141
1681070982.2953928 3971.45 9141
1681070982.2967613 3971.45 9141
1681070982.298092 3971.45 9141
1681070982.2994647 3971.45 9141
1681070982.300812 3971.45 9141
1681070982.302119 3971.45 9141
1681070982.3034217 3971.45 9141
1681070982.3047607 3971.45 9141
1681070982.306317 3971.45 9141
1681070982.3076591 3971.45 9141
1681070982.3090286 3971.45 9141
1681070982.3767438 3971.45 9141
1681070982.378307 3971.45 9141
1681070982.379656 3971.45 9141
1681070982.3810816 3971.45 9141
1681070982.3824134 3971.45 9141
1681070982.3837233 3971.45 9141
1681070982.3850656 3971.45 9141
1681070982.3864205 3971.45 9141
1681070982.3877423 3971.45 9141
1681070982.3892548 3971.45 9141
1681070982.3906786 3971.45 9141
1681070982.3920586 3971.45 9141
1681070982.3934186 3971.45 9141
1681070982.4609668 3971.45 9141
1681070982.4625628 3971.45 9141
1681070982.463944 3971.45 9141
1681070982.465337 3971.45 9141
1681070982.4666998 3971.45 9141
1681070982.4680984 3971.45 9141
1681070982.4694335 3971.45 9141
1681070982.4707391 3971.45 9141
1681070982.4721756 3971.45 9141
1681070982.4737883 3971.45 9141
1681070982.475149 3971.45 9141
1681070982.4765255 3971.45 9141
1681070982.4778662 3971.45 9141
1681070982.5451503 3971.45 9141
1681070982.5462244 3971.45 9141
1681070982.5471401 3971.45 9141
1681070982.5480433 3971.45 9141
1681070982.5491312 3971.45 9141
1681070982.5502472 3971.45 9141
1681070982.5513866 3971.45 9141
1681070982.5525687 3971.45 9141
1681070982.5537958 3971.45 9141
1681070982.5549345 3971.45 9141
1681070982.5560648 3971.45 9141
1681070982.557232 3971.45 9141
1681070982.5583549 3971.45 9141
1681070982.629628 3971.45 9141
1681070982.6312432 3971.45 9141
1681070982.632677 3971.45 9141
1681070982.6340497 3971.45 9141
1681070982.6354065 3971.45 9141
1681070982.6367898 3971.45 9141
1681070982.6381433 3971.45 9141
1681070982.6394815 3971.45 9141
1681070982.640863 3971.45 9141
1681070982.6421986 3971.45 9141
1681070982.6435297 3971.45 9141
1681070982.6449106 3971.45 9141
1681070982.6462498 3971.45 9141
1681070982.7138512 3971.45 9141
1681070982.7154539 3971.45 9141
1681070982.7168615 3971.45 9141
1681070982.7181954 3971.45 9141
1681070982.719504 3971.45 9141
1681070982.7208567 3971.45 9141
1681070982.722191 3971.45 9141
1681070982.7235062 3971.45 9141
1681070982.724864 3971.45 9141
1681070982.7261791 3971.45 9141
1681070982.727499 3971.45 9141
1681070982.7288597 3971.45 9141
1681070982.7302434 3971.45 9141
1681070982.79804 3971.45 9141
1681070982.799638 3971.45 9141
1681070982.8010309 3971.45 9141
1681070982.8023498 3971.45 9141
1681070982.8036604 3971.45 9141
1681070982.804994 3971.45 9141
1681070982.8063087 3971.45 9141
1681070982.8076198 3971.45 9141
1681070982.8089712 3971.45 9141
1681070982.8103085 3971.45 9141
1681070982.8116279 3971.45 9141
1681070982.8129957 3971.45 9141
1681070982.8143055 3971.45 9141
1681070982.8822715 3971.45 9141
1681070982.8838942 3971.45 9141
1681070982.8853471 3971.45 9141
1681070982.8866663 3971.45 9141
1681070982.8879817 3971.45 9141
1681070982.889345 3971.45 9141
1681070982.8907716 3971.45 9141
1681070982.892134 3971.45 9141
1681070982.8934772 3971.45 9141
1681070982.8948023 3971.45 9141
1681070982.8961504 3971.45 9141
1681070982.8974812 3971.45 9141
1681070982.8988068 3971.45 9141
1681070982.966556 3971.45 9141
1681070982.9681766 3971.45 9141
1681070982.9695425 3971.45 9141
1681070982.970874 3971.45 9141
1681070982.9722493 3971.45 9141
1681070982.9736795 3971.45 9141
1681070982.975012 3971.45 9141
1681070982.9763525 3971.45 9141
1681070982.977688 3971.45 9141
1681070982.9790215 3971.45 9141
1681070982.980359 3971.45 9141
1681070982.9816954 3971.45 9141
1681070982.983015 3971.45 9141
1681070982.9842927 3971.45 9141
1681070983.0519385 3971.45 9141
1681070983.0533473 3971.45 9141
1681070983.054698 3971.45 9141
1681070983.0562027 3971.45 9141
1681070983.0578752 3971.45 9141
1681070983.0593493 3971.45 9141
1681070983.0607173 3971.45 9141
1681070983.0620368 3971.45 9141
1681070983.0633414 3971.45 9141
1681070983.0646887 3971.45 9141
1681070983.065996 3971.45 9141
1681070983.0673323 3971.45 9141
1681070983.068943 3971.45 9141
1681070983.136419 3971.45 9141
1681070983.1379614 3971.45 9141
1681070983.1395755 3971.45 9141
1681070983.141146 3971.45 9141
1681070983.142467 3971.45 9141
1681070983.143782 3971.45 9141
1681070983.145123 3971.45 9141
1681070983.1464436 3971.45 9141
1681070983.1477852 3971.45 9141
1681070983.1491494 3971.45 9141
1681070983.150816 3971.45 9141
1681070983.152182 3971.45 9141
1681070983.1535132 3971.45 9141
1681070983.2206535 3971.45 9141
1681070983.2223318 3971.45 9141
1681070983.2238083 3971.45 9141
1681070983.225187 3971.45 9141
1681070983.2265685 3971.45 9141
1681070983.2280016 3971.45 9141
1681070983.2294073 3971.45 9141
1681070983.230735 3971.45 9141
1681070983.232179 3971.45 9141
1681070983.2335823 3971.45 9141
1681070983.2349029 3971.45 9141
1681070983.2361462 3971.45 9141
1681070983.2374303 3971.45 9141
1681070983.3048623 3971.45 9141
1681070983.3064268 3971.45 9141
1681070983.3078108 3971.45 9141
1681070983.309201 3971.45 9141
1681070983.310556 3971.45 9141
1681070983.3118937 3971.45 9141
1681070983.3132484 3971.45 9141
1681070983.3148384 3971.45 9141
1681070983.3162856 3971.45 9141
1681070983.3176417 3971.45 9141
1681070983.3189673 3971.45 9141
1681070983.32032 3971.45 9141
1681070983.3217509 3971.45 9141
1681070983.389219 3971.45 9141
1681070983.3907545 3971.45 9141
1681070983.3922465 3971.45 9141
1681070983.393613 3971.45 9141
1681070983.3949199 3971.45 9141
1681070983.3962467 3971.45 9141
1681070983.3975616 3971.45 9141
1681070983.399245 3971.45 9141
1681070983.400655 3971.45 9141
1681070983.401998 3971.45 9141
1681070983.4033318 3971.45 9141
1681070983.4046936 3971.45 9141
1681070983.4063163 3971.45 9141
1681070983.4735475 3971.45 9141
1681070983.4751117 3971.45 9141
1681070983.4766912 3971.45 9141
1681070983.47809 3971.45 9141
1681070983.4795148 3971.45 9141
1681070983.4810984 3971.45 9141
1681070983.48255 3971.45 9141
1681070983.4839425 3971.45 9141
1681070983.485366 3971.45 9141
1681070983.4868174 3971.45 9141
1681070983.4882731 3971.45 9141
1681070983.4898117 3971.45 9141
1681070983.49121 3971.45 9141
1681070983.5575826 3971.45 9141
1681070983.5589964 3971.45 9141
1681070983.5604162 3971.45 9141
1681070983.5618155 3971.45 9141
1681070983.5631814 3971.45 9141
1681070983.5646062 3971.45 9141
1681070983.5659916 3971.45 9141
1681070983.5673697 3971.45 9141
1681070983.5687623 3971.45 9141
1681070983.5700715 3971.45 9141
1681070983.571432 3971.45 9141
1681070983.5729008 3971.45 9141
1681070983.5742528 3971.45 9141
1681070983.6419451 3971.45 9141
1681070983.6435273 3971.45 9141
1681070983.6451335 3971.45 9141
1681070983.6466768 3971.45 9141
1681070983.6480813 3971.45 9141
1681070983.64951 3971.45 9141
1681070983.6509058 3971.45 9141
1681070983.6523058 3971.45 9141
1681070983.653752 3971.45 9141
1681070983.6551266 3971.45 9141
1681070983.6565516 3971.45 9141
1681070983.657943 3971.45 9141
1681070983.6593235 3971.45 9141
1681070983.7262108 3971.45 9141
1681070983.7278013 3971.45 9141
1681070983.7292502 3971.45 9141
1681070983.7306776 3971.45 9141
1681070983.73204 3971.45 9141
1681070983.7334282 3971.45 9141
1681070983.734807 3971.45 9141
1681070983.7361827 3971.45 9141
1681070983.7378325 3971.45 9141
1681070983.7396436 3971.45 9141
1681070983.741086 3971.45 9141
1681070983.7424622 3971.45 9141
1681070983.7438698 3971.45 9141
1681070983.810426 3971.45 9141
1681070983.8118575 3971.45 9141
1681070983.813288 3971.45 9141
1681070983.8146758 3971.45 9141
1681070983.8160458 3971.45 9141
1681070983.8174424 3971.45 9141
1681070983.818831 3971.45 9141
1681070983.820249 3971.45 9141
1681070983.8216617 3971.45 9141
1681070983.8233864 3971.45 9141
1681070983.8248746 3971.45 9141
1681070983.8262608 3971.45 9141
1681070983.8276725 3971.45 9141
1681070983.89413 3971.45 9141
1681070983.8957145 3971.45 9141
1681070983.8970747 3971.45 9141
1681070983.8983848 3971.45 9141
1681070983.8996887 3971.45 9141
1681070983.9010198 3971.45 9141
1681070983.902475 3971.45 9141
1681070983.9040246 3971.45 9141
1681070983.9055254 3971.45 9141
1681070983.9068596 3971.45 9141
1681070983.9081886 3971.45 9141
1681070983.909506 3971.45 9141
1681070983.910814 3971.45 9141
1681070983.9783475 3971.45 9141
1681070983.9799044 3971.45 9141
1681070983.9812715 3971.45 9141
1681070983.9825864 3971.45 9141
1681070983.9839106 3971.45 9141
1681070983.985376 3971.45 9141
1681070983.9869592 3971.45 9141
1681070983.988337 3971.45 9141
1681070983.9896688 3971.45 9141
1681070983.990996 3971.45 9141
1681070983.9923284 3971.45 9141
1681070983.9935677 3971.45 9141
1681070983.9947774 3971.45 9141
1681070984.0626755 3971.45 9141
1681070984.0643048 3971.45 9141
1681070984.0656774 3971.45 9141
1681070984.0673547 3971.45 9141
1681070984.0687425 3971.45 9141
1681070984.070069 3971.45 9141
1681070984.0713873 3971.45 9141
1681070984.072722 3971.45 9141
1681070984.0740309 3971.45 9141
1681070984.0753317 3971.45 9141
1681070984.076656 3971.45 9141
1681070984.078269 3971.45 9141
1681070984.0796409 3971.45 9141
1681070984.146966 3971.45 9141
1681070984.1487908 3971.45 9141
1681070984.1501408 3971.45 9141
1681070984.151466 3971.45 9141
1681070984.1528895 3971.45 9141
1681070984.1543417 3971.45 9141
1681070984.1567345 3971.45 9141
1681070984.1591067 3971.45 9141
1681070984.1605916 3971.45 9141
1681070984.1619294 3971.45 9141
1681070984.1632688 3971.45 9141
1681070984.1646764 3971.45 9141
1681070984.166093 3971.45 9141
