1681070229.9180467 0.00 0
1681070230.0382783 0.00 0
1681070230.0396729 0.00 0
1681070230.040959 0.00 0
1681070230.0422518 0.00 0
1681070230.0434816 0.00 0
1681070230.044741 0.00 0
1681070230.0459557 0.00 0
1681070230.0471702 0.00 0
1681070230.0484192 0.00 0
1681070230.0496497 0.00 0
1681070230.0508683 0.00 0
1681070230.05217 0.44 97
1681070230.0536885 3.90 103
1681070230.0550814 7.40 108
1681070230.0564117 10.94 113
1681070230.0576952 14.52 119
1681070230.1223738 18.22 124
1681070230.12377 21.80 131
1681070230.1251576 23.85 136
1681070230.1264966 26.78 142
1681070230.1278412 30.40 147
1681070230.1292 35.47 153
1681070230.1305187 42.42 158
1681070230.1318576 49.06 164
1681070230.1332374 55.97 169
1681070230.1349087 62.69 176
1681070230.1363006 69.69 181
1681070230.137672 76.64 187
1681070230.139043 83.60 192
1681070230.1403687 90.24 198
1681070230.1415994 97.27 203
1681070230.2060518 104.27 209
1681070230.2078142 111.27 215
1681070230.2092419 118.43 221
1681070230.2106133 125.34 227
1681070230.211995 132.50 232
1681070230.2134538 139.70 238
1681070230.2151055 146.61 244
1681070230.2164772 153.81 249
1681070230.21784 160.41 256
1681070230.21916 167.52 261
1681070230.2205245 173.71 267
1681070230.221877 180.95 273
1681070230.2232044 187.71 278
1681070230.2245505 194.62 284
1681070230.2259116 201.13 290
1681070230.291102 207.53 295
1681070230.292542 214.04 302
1681070230.293931 220.15 308
1681070230.2952766 226.34 313
1681070230.296634 233.42 319
1681070230.297987 238.73 325
1681070230.2993145 242.91 330
1681070230.300663 248.26 336
1681070230.3020058 254.01 343
1681070230.3033404 259.19 348
1681070230.3046963 265.15 354
1681070230.3060565 271.38 359
1681070230.307393 275.16 365
1681070230.3086708 279.02 371
1681070230.3745024 284.05 376
1681070230.376176 289.52 382
1681070230.3775747 294.27 389
1681070230.3789628 300.22 394
1681070230.38038 305.81 400
1681070230.381786 309.59 406
1681070230.3831408 313.74 411
1681070230.384521 318.52 417
1681070230.3859434 324.23 423
1681070230.3872917 329.78 429
1681070230.388641 335.34 435
1681070230.38998 339.84 440
1681070230.3912065 343.62 446
1681070230.3924577 349.05 452
1681070230.3936853 353.92 457
1681070230.4597747 359.59 463
1681070230.4613261 365.38 470
1681070230.4628518 369.52 475
1681070230.4642239 373.22 481
1681070230.4655893 378.98 487
1681070230.4669552 383.44 492
1681070230.468344 388.71 498
1681070230.469692 393.90 504
1681070230.4711509 398.32 509
1681070230.4725308 402.39 516
1681070230.4739451 406.33 522
1681070230.4753032 410.07 527
1681070230.4766736 413.73 533
1681070230.4780767 417.95 538
1681070230.5431154 421.73 544
1681070230.544938 425.96 550
1681070230.546442 429.66 556
1681070230.5479565 433.24 562
1681070230.5494153 437.14 568
1681070230.5507903 441.28 573
1681070230.5521538 445.54 579
1681070230.5536087 449.24 585
1681070230.5550065 452.86 590
1681070230.5563936 456.69 596
1681070230.5577872 460.91 603
1681070230.5591366 464.97 608
1681070230.560508 468.67 614
1681070230.561883 472.37 619
1681070230.5632014 476.47 625
1681070230.6283128 480.42 631
1681070230.6298852 484.64 636
1681070230.631328 488.34 643
1681070230.632759 491.92 649
1681070230.634235 496.22 654
1681070230.6356304 499.96 660
1681070230.6371548 504.11 666
1681070230.6385198 507.77 671
1681070230.6399257 511.47 677
1681070230.6413295 515.73 684
1681070230.6426783 519.47 689
1681070230.6444426 523.13 695
1681070230.6458461 526.83 701
1681070230.6471875 530.49 706
1681070230.6497588 534.68 712
1681070230.7140496 538.70 717
1681070230.716576 541.72 723
1681070230.7190895 545.38 730
1681070230.7220364 549.52 735
1681070230.7245526 553.30 741
1681070230.7270756 556.52 747
1681070230.729054 560.18 752
1681070230.7303107 563.72 758
1681070230.7315454 567.74 764
1681070230.7328515 571.44 770
1681070230.7343888 574.21 776
1681070230.7356765 577.79 782
1681070230.736863 581.90 787
1681070230.7377877 585.64 793
1681070230.7961018 588.61 798
1681070230.798084 592.19 804
1681070230.7997844 595.85 811
1681070230.8012004 599.96 816
1681070230.80273 603.78 822
1681070230.8042026 606.75 828
1681070230.8054874 610.33 833
1681070230.8067563 614.44 839
1681070230.8079925 618.06 845
1681070230.8092477 621.19 850
1681070230.810478 624.61 857
1681070230.811943 628.23 863
1681070230.8133352 632.42 868
1681070230.8145785 636.12 874
1681070230.81583 638.93 879
1681070230.8813584 642.43 885
1681070230.8828197 646.45 891
1681070230.8844662 650.11 897
1681070230.8861568 653.17 903
1681070230.8878772 656.71 909
1681070230.8892784 659.97 914
1681070230.8906307 663.47 920
1681070230.8919766 666.93 926
1681070230.8933458 669.66 931
1681070230.8946955 672.92 937
1681070230.8960476 676.82 944
1681070230.8974009 680.28 949
1681070230.898975 682.53 955
1681070230.9005027 686.11 960
1681070230.9646811 689.34 966
1681070230.9664915 692.91 972
1681070230.9679263 695.89 976
1681070230.969313 696.41 984
1681070230.970648 698.14 988
1681070230.971998 700.27 995
1681070230.9733744 703.81 1001
1681070230.9747581 705.82 1005
1681070230.9761498 707.87 1013
1681070230.977563 710.77 1019
1681070230.9790025 714.91 1026
1681070230.9803941 717.53 1030
1681070230.9817917 719.62 1038
1681070230.9831479 722.31 1044
1681070231.0487654 726.21 1050
1681070231.0503688 729.27 1054
1681070231.051789 731.16 1062
1681070231.0532022 733.62 1069
1681070231.0546887 737.40 1075
1681070231.0562415 740.33 1079
1681070231.0576508 742.14 1087
1681070231.0590374 745.64 1093
1681070231.0604358 749.91 1099
1681070231.0618358 753.28 1105
1681070231.063188 756.98 1112
1681070231.0646114 760.81 1118
1681070231.0660322 765.23 1124
1681070231.0674422 768.89 1130
1681070231.1333103 772.75 1136
1681070231.135119 776.57 1142
1681070231.1371148 780.96 1147
1681070231.1385999 784.70 1154
1681070231.1399996 788.48 1160
1681070231.1414113 792.42 1166
1681070231.1427934 796.68 1172
1681070231.1442044 800.58 1178
1681070231.1455986 804.37 1184
1681070231.1469972 808.67 1190
1681070231.1484141 812.41 1197
1681070231.1498425 816.11 1203
1681070231.1512847 819.93 1209
1681070231.1527128 824.36 1215
1681070231.2182565 827.94 1221
1681070231.2197952 831.80 1227
1681070231.2213356 835.74 1233
1681070231.2228746 840.20 1240
1681070231.2243128 843.58 1246
1681070231.2257042 847.52 1252
1681070231.2270849 851.91 1258
1681070231.2284753 855.73 1264
1681070231.2298744 859.59 1270
1681070231.2312417 863.49 1276
1681070231.232622 867.84 1283
1681070231.2340055 871.13 1289
1681070231.235338 874.92 1295
1681070231.2367709 879.30 1301
1681070231.3026423 882.56 1307
1681070231.3043427 886.46 1313
1681070231.3063927 890.44 1319
1681070231.3087335 894.70 1326
1681070231.3112192 898.08 1332
1681070231.3146634 901.99 1338
1681070231.3192728 906.37 1344
1681070231.3221836 909.67 1350
1681070231.3250284 913.49 1356
1681070231.327736 917.63 1362
1681070231.3304565 921.69 1369
1681070231.3333852 925.47 1375
1681070231.3364098 929.38 1381
1681070231.339455 933.48 1387
1681070231.387486 937.18 1393
1681070231.3899271 940.88 1398
1681070231.3923233 945.30 1404
1681070231.3945 949.04 1411
1681070231.3967023 952.66 1417
1681070231.3989081 957.13 1423
1681070231.401111 960.79 1429
1681070231.4032722 964.45 1435
1681070231.4056606 968.91 1441
1681070231.407655 972.62 1447
1681070231.40906 976.36 1454
1681070231.4101546 980.78 1460
1681070231.411116 984.56 1466
1681070231.4702764 988.22 1472
1681070231.471415 992.48 1478
1681070231.472539 996.19 1484
1681070231.4737918 999.93 1490
1681070231.4750152 1004.23 1497
1681070231.4762197 1008.13 1503
1681070231.4774215 1012.60 1510
1681070231.478583 1016.50 1516
1681070231.4797392 1020.40 1522
1681070231.4809208 1024.94 1528
1681070231.4821124 1028.88 1534
1681070231.483271 1032.73 1541
1681070231.4844472 1037.15 1547
1681070231.485596 1041.05 1554
1681070231.555694 1044.82 1560
1681070231.557697 1049.28 1566
1681070231.559256 1053.10 1572
1681070231.5608425 1057.39 1579
1681070231.5623562 1061.29 1585
1681070231.5639014 1065.14 1591
1681070231.5653872 1069.48 1598
1681070231.5668247 1073.30 1604
1681070231.56837 1077.51 1610
1681070231.5701606 1081.49 1616
1681070231.571624 1085.35 1623
1681070231.573077 1089.56 1629
1681070231.5744655 1093.42 1635
1681070231.6390991 1097.43 1642
1681070231.6409385 1101.13 1648
1681070231.6424847 1105.10 1654
1681070231.64404 1109.52 1660
1681070231.645526 1113.14 1667
1681070231.646919 1117.11 1673
1681070231.6483061 1121.09 1679
1681070231.6496832 1124.98 1686
1681070231.65107 1129.32 1692
1681070231.6524718 1133.26 1698
1681070231.653888 1137.19 1704
1681070231.6552682 1141.33 1711
1681070231.6566613 1145.27 1717
1681070231.6580563 1149.60 1723
1681070231.7243135 1153.10 1730
1681070231.7258284 1157.03 1736
1681070231.7272341 1160.57 1742
1681070231.7286382 1164.54 1748
1681070231.7300363 1168.88 1755
1681070231.7314222 1172.33 1761
1681070231.7328327 1176.59 1767
1681070231.7342036 1179.96 1774
1681070231.7355785 1183.86 1780
1681070231.737001 1188.04 1786
1681070231.7384021 1191.49 1793
1681070231.7398007 1195.79 1799
1681070231.7411997 1199.56 1805
1681070231.8076031 1203.54 1811
1681070231.8093863 1207.19 1818
1681070231.810851 1211.13 1824
1681070231.8123546 1215.59 1830
1681070231.8138323 1218.92 1837
1681070231.8152192 1223.06 1843
1681070231.816641 1226.07 1849
1681070231.8180618 1229.48 1855
1681070231.8194664 1233.34 1862
1681070231.8209324 1236.87 1868
1681070231.8223593 1241.13 1873
1681070231.8237946 1244.02 1881
1681070231.825228 1247.76 1887
1681070231.8917634 1250.97 1893
1681070231.8935785 1254.54 1899
1681070231.8951588 1258.80 1906
1681070231.896711 1261.85 1912
1681070231.8981228 1266.07 1918
1681070231.8995085 1269.52 1925
1681070231.9009287 1273.26 1931
1681070231.902318 1276.91 1937
1681070231.9040487 1280.73 1943
1681070231.9054894 1284.83 1950
1681070231.906894 1287.80 1956
1681070231.908302 1292.01 1963
1681070231.9097047 1294.42 1968
1681070231.9110851 1297.48 1975
1681070231.9771388 1300.21 1981
1681070231.9787924 1303.50 1987
1681070231.980244 1306.35 1994
1681070231.9818192 1309.08 2000
1681070231.9832153 1313.50 2007
1681070231.98465 1316.35 2013
1681070231.986367 1319.73 2019
1681070231.9878275 1322.94 2025
1681070231.9892604 1325.71 2031
1681070231.9906366 1329.16 2038
1681070231.992033 1332.38 2044
1681070231.9934328 1336.63 2050
1681070231.9948432 1338.92 2057
1681070232.060408 1342.50 2063
1681070232.0620668 1345.43 2069
1681070232.063477 1348.24 2075
1681070232.0649946 1351.61 2082
1681070232.0664525 1354.38 2088
1681070232.067899 1358.68 2094
1681070232.0693607 1360.97 2101
1681070232.0707302 1365.03 2107
1681070232.072128 1367.76 2113
1681070232.0735428 1370.69 2119
1681070232.0749474 1373.50 2126
1681070232.0763454 1376.87 2132
1681070232.0777228 1380.33 2139
1681070232.0791116 1383.26 2145
1681070232.145762 1387.08 2151
1681070232.14731 1389.81 2157
1681070232.1489024 1393.70 2163
1681070232.1504369 1395.99 2170
1681070232.1519785 1399.53 2177
1681070232.1534162 1402.66 2183
1681070232.1548553 1405.79 2189
1681070232.1562603 1408.68 2195
1681070232.1576662 1410.69 2201
1681070232.159062 1414.59 2207
1681070232.1604939 1417.32 2214
1681070232.161916 1420.97 2220
1681070232.1633122 1423.06 2226
1681070232.2292378 1425.75 2233
1681070232.2310443 1428.12 2239
1681070232.2329884 1430.57 2245
1681070232.2344413 1433.34 2251
1681070232.236167 1435.63 2257
1681070232.2376199 1439.25 2263
1681070232.2390277 1441.37 2271
1681070232.2404265 1445.23 2277
1681070232.2418354 1448.00 2282
1681070232.2432048 1450.93 2289
1681070232.2448347 1453.22 2295
1681070232.2463818 1455.83 2301
1681070232.2478068 1458.28 2309
1681070232.3130913 1461.21 2315
1681070232.3147874 1464.67 2319
1681070232.316239 1467.04 2327
1681070232.3176663 1471.09 2333
1681070232.3191447 1473.86 2339
1681070232.320606 1477.28 2347
1681070232.3220403 1480.05 2353
1681070232.3234382 1483.18 2359
1681070232.3249109 1486.23 2365
1681070232.326309 1488.80 2371
1681070232.3276997 1492.62 2377
1681070232.3291562 1494.67 2383
1681070232.3305533 1498.28 2390
1681070232.331891 1500.29 2397
1681070232.3989153 1504.09 2403
1681070232.4015434 1506.72 2408
1681070232.4040666 1509.49 2415
1681070232.4065964 1512.42 2421
1681070232.409108 1515.55 2427
1681070232.4115746 1518.12 2435
1681070232.413984 1520.29 2441
1681070232.4158204 1524.03 2446
1681070232.4176488 1525.91 2453
1681070232.4192734 1529.93 2458
1681070232.4206462 1531.78 2465
1681070232.4220247 1535.19 2471
1681070232.4233716 1537.88 2478
1681070232.4817789 1540.37 2485
1681070232.4832656 1542.70 2491
1681070232.484716 1545.07 2497
1681070232.4861424 1547.96 2503
1681070232.4875226 1549.85 2509
1681070232.4889002 1553.58 2515
1681070232.4901793 1556.19 2523
1681070232.491454 1560.09 2529
1681070232.492831 1562.18 2534
1681070232.494158 1565.19 2541
1681070232.495484 1567.92 2547
1681070232.4968815 1570.77 2553
1681070232.4981992 1572.58 2560
1681070232.499522 1575.39 2567
1681070232.5672479 1578.97 2573
1681070232.5690064 1581.38 2579
1681070232.5706575 1585.27 2584
1681070232.5722075 1587.60 2591
1681070232.5737238 1591.25 2597
1681070232.5751245 1593.74 2604
1681070232.5765362 1597.04 2611
1681070232.5779302 1600.13 2617
1681070232.5793016 1603.06 2623
1681070232.5807016 1605.31 2629
1681070232.5820951 1607.64 2635
1681070232.5834713 1610.93 2641
1681070232.585077 1612.50 2648
1681070232.6505437 1616.52 2654
1681070232.6523745 1618.56 2660
1681070232.6538498 1621.82 2667
1681070232.655343 1624.75 2673
1681070232.6568742 1627.60 2679
1681070232.6582646 1629.93 2685
1681070232.659786 1632.22 2692
1681070232.6613173 1635.75 2698
1681070232.662815 1638.08 2705
1681070232.6642122 1641.86 2710
1681070232.665615 1643.02 2717
1681070232.6670039 1646.60 2723
1681070232.6686776 1648.20 2729
1681070232.7345984 1651.38 2736
1681070232.736554 1653.67 2742
1681070232.7380686 1655.71 2749
1681070232.7394717 1658.04 2755
1681070232.7409093 1660.85 2761
1681070232.7422879 1663.59 2767
1681070232.7436688 1665.31 2774
1681070232.7450988 1668.57 2780
1681070232.746484 1670.29 2787
1681070232.747868 1673.55 2793
1681070232.7492776 1675.55 2797
1681070232.750648 1678.48 2805
1681070232.752133 1681.34 2811
1681070232.753639 1683.51 2818
1681070232.8199458 1685.75 2824
1681070232.8214712 1688.04 2831
1681070232.8228297 1690.65 2837
1681070232.824261 1692.54 2843
1681070232.8256724 1696.16 2849
1681070232.8270595 1698.77 2855
1681070232.8284624 1702.42 2862
1681070232.8298562 1704.35 2868
1681070232.8312335 1707.36 2875
1681070232.8328338 1710.05 2880
1681070232.834398 1712.30 2887
1681070232.835898 1714.67 2893
1681070232.837338 1716.76 2899
1681070232.9032185 1719.61 2906
1681070232.904987 1721.34 2912
1681070232.9065704 1724.59 2917
1681070232.908291 1726.52 2925
1681070232.9097621 1730.25 2931
1681070232.9111338 1732.62 2937
1681070232.9125466 1735.83 2944
1681070232.9139512 1738.41 2950
1681070232.9152994 1741.10 2956
1681070232.916693 1743.14 2963
1681070232.9180164 1745.92 2969
1681070232.9193337 1749.37 2975
1681070232.9206848 1751.46 2981
1681070232.9220097 1754.71 2988
1681070232.9885473 1755.84 2994
1681070232.9901683 1759.21 3000
1681070232.9916472 1760.94 3005
1681070232.9931152 1763.51 3013
1681070232.994535 1766.28 3019
1681070232.996223 1769.21 3025
1681070232.9977937 1771.50 3032
1681070232.999252 1774.75 3038
1681070233.0007198 1778.33 3043
1681070233.0024767 1780.01 3051
1681070233.003937 1783.91 3056
1681070233.0053673 1785.11 3063
1681070233.006776 1788.33 3069
1681070233.0719252 1790.21 3076
1681070233.0736697 1793.43 3082
1681070233.0751157 1796.04 3088
1681070233.0766664 1798.93 3095
1681070233.0780897 1801.38 3101
1681070233.0794756 1803.31 3107
1681070233.0809464 1806.08 3111
1681070233.082339 1807.20 3120
1681070233.0837128 1811.18 3126
1681070233.0851488 1813.02 3132
1681070233.0865242 1816.36 3138
1681070233.0878196 1819.05 3144
1681070233.0891142 1821.42 3151
1681070233.0904682 1823.95 3158
1681070233.1575308 1826.96 3164
1681070233.159075 1830.58 3170
1681070233.1605308 1833.23 3176
1681070233.161869 1836.72 3181
1681070233.163187 1838.41 3189
1681070233.164528 1842.22 3195
1681070233.1658518 1844.75 3201
1681070233.1671748 1847.52 3208
1681070233.1685047 1850.50 3214
1681070233.1698265 1853.43 3220
1681070233.1712587 1856.16 3227
1681070233.1726494 1859.09 3233
1681070233.1739986 1862.82 3238
1681070233.241256 1864.95 3246
1681070233.24275 1868.81 3252
1681070233.244202 1870.70 3258
1681070233.2455473 1873.87 3264
1681070233.2469778 1876.00 3270
1681070233.2483022 1878.65 3277
1681070233.2496152 1880.90 3283
1681070233.2510319 1883.35 3290
1681070233.2524116 1886.24 3296
1681070233.2537649 1888.69 3302
1681070233.2551045 1892.22 3307
1681070233.256454 1893.91 3314
1681070233.2577877 1897.68 3321
1681070233.3246765 1900.01 3326
1681070233.3262987 1903.23 3334
1681070233.3276405 1905.40 3340
1681070233.329011 1908.25 3346
1681070233.330334 1910.82 3352
1681070233.3316846 1913.59 3358
1681070233.333159 1916.84 3365
1681070233.334501 1919.49 3372
1681070233.3358064 1923.07 3377
1681070233.3371518 1925.23 3384
1681070233.3384721 1929.05 3390
1681070233.3397944 1930.58 3396
1681070233.3411207 1933.67 3402
1681070233.342336 1935.84 3408
1681070233.4100795 1938.17 3416
1681070233.4115882 1940.26 3421
1681070233.4130924 1942.22 3428
1681070233.4144175 1944.95 3434
1681070233.4158587 1946.92 3440
1681070233.4171906 1950.05 3445
1681070233.418505 1951.86 3453
1681070233.4201672 1955.80 3460
1681070233.4219973 1957.69 3466
1681070233.4233384 1961.10 3472
1681070233.4246924 1963.83 3478
1681070233.4260194 1966.36 3484
1681070233.4273386 1968.73 3490
1681070233.493273 1971.06 3497
1681070233.49486 1973.71 3504
1681070233.496254 1975.48 3510
1681070233.4976008 1979.21 3516
1681070233.4993505 1981.06 3522
1681070233.5010998 1984.79 3528
1681070233.502885 1986.68 3534
1681070233.50426 1989.61 3542
1681070233.5056052 1992.22 3547
1681070233.5069284 1994.39 3554
1681070233.5082603 1997.40 3560
1681070233.5095015 1999.77 3566
1681070233.5107195 2002.87 3572
1681070233.5119312 2004.55 3578
1681070233.577982 2008.37 3585
1681070233.5790272 2009.69 3592
1681070233.5797772 2013.47 3598
1681070233.5807397 2016.16 3604
1681070233.581479 2019.53 3610
1681070233.582424 2021.86 3616
1681070233.583128 2024.15 3623
1681070233.5838354 2026.16 3630
1681070233.5845551 2028.81 3636
1681070233.5852504 2031.94 3640
1681070233.5859396 2033.71 3648
1681070233.5866318 2037.69 3654
1681070233.5873303 2038.97 3660
1681070233.6627834 2041.82 3666
1681070233.6641884 2044.23 3674
1681070233.6655202 2047.49 3680
1681070233.6668406 2050.34 3686
1681070233.668289 2052.60 3692
1681070233.6697445 2055.10 3698
1681070233.6710095 2057.03 3704
1681070233.672351 2060.74 3709
1681070233.6736734 2062.83 3718
1681070233.674979 2066.82 3724
1681070233.6762147 2069.48 3729
1681070233.6774457 2072.82 3736
1681070233.6786695 2075.84 3742
1681070233.746118 2078.78 3748
1681070233.7477367 2081.97 3755
1681070233.7492476 2084.50 3762
1681070233.750682 2087.69 3766
1681070233.7521229 2089.22 3774
1681070233.7535238 2093.08 3780
1681070233.7549233 2094.98 3786
1681070233.7563202 2098.40 3792
1681070233.7577095 2100.46 3798
1681070233.7592697 2103.11 3806
1681070233.7606955 2105.41 3812
1681070233.7620962 2108.39 3818
1681070233.7634497 2110.89 3824
1681070233.764844 2113.59 3830
1681070233.8314855 2117.38 3836
1681070233.8331041 2119.91 3843
1681070233.8345935 2123.78 3849
1681070233.8362055 2125.39 3854
1681070233.8377626 2128.25 3862
1681070233.8393002 2131.19 3868
1681070233.840771 2134.21 3874
1681070233.8421729 2136.15 3880
1681070233.8435571 2138.20 3887
1681070233.8450274 2141.38 3894
1681070233.8464217 2143.00 3900
1681070233.8477948 2146.26 3905
1681070233.8492122 2147.47 3912
1681070233.91476 2151.05 3918
1681070233.9163914 2153.07 3922
1681070233.9177585 2155.77 3931
1681070233.9191782 2157.98 3937
1681070233.9208457 2160.12 3944
1681070233.922636 2162.65 3950
1681070233.9240654 2165.51 3956
1681070233.925445 2168.13 3962
1681070233.9267716 2169.82 3969
1681070233.9280913 2173.01 3975
1681070233.9294684 2175.26 3982
1681070233.9307096 2178.73 3988
1681070233.9321554 2180.10 3992
1681070233.9337184 2182.63 4000
1681070234.0001943 2185.25 4006
1681070234.0017996 2188.07 4013
1681070234.0035944 2190.89 4019
1681070234.0051734 2193.67 4026
1681070234.0065079 2196.25 4032
1681070234.007831 2198.83 4038
1681070234.0091639 2202.41 4043
1681070234.0104876 2204.31 4050
1681070234.0118272 2208.01 4057
1681070234.013361 2210.39 4063
1681070234.0148582 2213.65 4070
1681070234.016124 2215.91 4075
1681070234.0173688 2218.28 4082
1681070234.0841744 2220.94 4088
1681070234.086229 2223.76 4094
1681070234.0876195 2226.91 4101
1681070234.0889914 2228.56 4107
1681070234.09032 2232.34 4113
1681070234.0916467 2234.72 4120
1681070234.092991 2238.47 4126
1681070234.0943065 2240.92 4131
1681070234.0956206 2244.15 4139
1681070234.0969582 2246.93 4145
1681070234.0984275 2249.42 4151
1681070234.0998185 2252.32 4158
1681070234.1010997 2254.74 4164
1681070234.1675358 2258.25 4170
1681070234.1691706 2259.78 4176
1681070234.1706142 2263.20 4182
1681070234.1720457 2264.45 4189
1681070234.173404 2267.79 4195
1681070234.1747696 2269.48 4201
1681070234.1760948 2272.06 4208
1681070234.177446 2274.20 4213
1681070234.1789434 2276.33 4220
1681070234.1803231 2278.47 4227
1681070234.1816669 2280.60 4233
1681070234.1829088 2283.26 4239
1681070234.1842303 2285.03 4246
1681070234.1855755 2288.66 4251
1681070234.2528257 2290.15 4258
1681070234.2541978 2294.10 4264
1681070234.2555423 2296.72 4270
1681070234.2569063 2299.90 4277
1681070234.2582998 2302.15 4283
1681070234.2599144 2305.01 4290
1681070234.2613358 2308.12 4296
1681070234.2626615 2310.90 4302
1681070234.26409 2314.56 4308
1681070234.2655907 2316.98 4315
1681070234.267008 2320.77 4321
1681070234.2683654 2323.58 4327
1681070234.2696602 2327.21 4334
1681070234.336276 2328.74 4338
1681070234.3378372 2331.40 4346
1681070234.3391988 2334.22 4353
1681070234.3405497 2337.04 4359
1681070234.3418677 2339.86 4365
1681070234.3431761 2342.88 4371
1681070234.344497 2346.63 4376
1681070234.3458037 2348.80 4384
1681070234.3470926 2352.71 4390
1681070234.3483763 2355.41 4397
1681070234.349689 2358.75 4403
1681070234.3509853 2360.61 4409
1681070234.3522072 2363.79 4415
1681070234.3534315 2366.29 4422
1681070234.4216938 2368.98 4428
1681070234.423274 2371.48 4434
1681070234.4248638 2373.37 4441
1681070234.4263158 2376.56 4446
1681070234.4278631 2377.89 4453
1681070234.4292636 2381.39 4459
1681070234.430618 2382.72 4466
1681070234.4319842 2385.82 4471
1681070234.433364 2388.08 4477
1681070234.4348586 2391.22 4485
1681070234.4364336 2393.23 4491
1681070234.437895 2395.29 4497
1681070234.4392717 2398.07 4503
1681070234.5056107 2400.28 4510
1681070234.5071535 2403.55 4516
1681070234.5085785 2405.64 4523
1681070234.5099819 2409.23 4529
1681070234.5113487 2410.84 4535
1681070234.5127609 2414.10 4541
1681070234.5141296 2416.40 4547
1681070234.5155473 2419.58 4554
1681070234.51709 2421.84 4560
1681070234.518713 2424.05 4567
1681070234.5201395 2426.83 4573
1681070234.5215287 2429.97 4579
1681070234.5229104 2433.20 4585
1681070234.588951 2435.37 4591
1681070234.59055 2438.75 4597
1681070234.5921924 2440.20 4604
1681070234.5936923 2443.59 4610
1681070234.5951643 2445.92 4617
1681070234.5968184 2449.19 4623
1681070234.5982492 2451.56 4629
1681070234.5997357 2453.70 4635
1681070234.601216 2456.32 4642
1681070234.6026073 2458.78 4648
1681070234.6040103 2461.92 4655
1681070234.60538 2463.49 4661
1681070234.606778 2467.23 4667
1681070234.6080883 2469.73 4673
1681070234.6741457 2473.36 4679
1681070234.675609 2476.02 4685
1681070234.6770663 2479.28 4692
1681070234.6785092 2482.14 4699
1681070234.6799743 2485.20 4705
1681070234.6813989 2487.78 4711
1681070234.682795 2489.83 4717
1681070234.6842027 2493.46 4722
1681070234.6856084 2495.76 4730
1681070234.6869366 2499.78 4736
1681070234.688242 2501.39 4743
1681070234.6895416 2504.46 4749
1681070234.6908507 2506.47 4754
1681070234.7576144 2509.09 4761
1681070234.7592723 2511.83 4767
1681070234.7607424 2514.65 4774
1681070234.762201 2517.27 4781
1681070234.7635899 2519.24 4787
1681070234.7650259 2522.50 4791
1681070234.766404 2523.59 4799
1681070234.7678168 2527.18 4805
1681070234.7691092 2529.11 4811
1681070234.770386 2532.53 4817
1681070234.7716546 2534.47 4824
1681070234.7730093 2537.17 4831
1681070234.7742827 2539.74 4837
1681070234.7755628 2542.04 4843
1681070234.843172 2544.86 4849
1681070234.8446913 2548.20 4855
1681070234.8461003 2551.87 4861
1681070234.8474805 2554.57 4869
1681070234.8489 2558.84 4875
1681070234.8502982 2561.62 4881
1681070234.8516808 2565.65 4887
1681070234.8530855 2568.51 4893
1681070234.854465 2571.69 4899
1681070234.8561428 2574.91 4907
1681070234.8575397 2578.01 4913
1681070234.8589303 2580.91 4919
1681070234.860313 2583.85 4925
1681070234.9262373 2587.96 4931
1681070234.9278824 2590.58 4937
1681070234.9293222 2594.77 4943
1681070234.9307275 2597.31 4951
1681070234.9321344 2601.30 4957
1681070234.933517 2604.76 4963
1681070234.9348965 2608.51 4969
1681070234.9362903 2611.97 4975
1681070234.937658 2615.40 4981
1681070234.9390574 2618.14 4987
1681070234.9404569 2621.48 4995
1681070234.9418573 2625.14 5001
1681070234.9431877 2627.80 5007
1681070235.0103447 2631.55 5013
1681070235.012151 2633.77 5019
1681070235.0137157 2637.71 5025
1681070235.0152633 2640.53 5031
1681070235.016732 2644.56 5039
1681070235.0181515 2647.02 5045
1681070235.0195785 2649.56 5050
1681070235.0210621 2651.17 5057
1681070235.022424 2654.43 5062
1681070235.0239396 2655.88 5068
1681070235.0253437 2656.73 5075
1681070235.0267205 2657.33 5080
1681070235.0281003 2657.33 5087
1681070235.0295055 2657.53 5095
1681070235.0957475 2657.61 5095
1681070235.0973384 2657.65 5105
1681070235.098778 2657.69 5110
1681070235.100163 2657.73 5115
1681070235.1015444 2657.73 5126
1681070235.1030233 2657.81 5131
1681070235.1044366 2657.81 5131
1681070235.1058407 2657.85 5142
1681070235.1072044 2657.85 5142
1681070235.1085355 2657.85 5142
1681070235.1098142 2657.90 5158
1681070235.111061 2657.90 5158
1681070235.1123374 2657.98 5175
1681070235.1791506 2658.02 5175
1681070235.180975 2658.02 5189
1681070235.1824765 2658.06 5189
1681070235.1840487 2658.10 5198
1681070235.1855564 2658.14 5204
1681070235.1870363 2658.14 5214
1681070235.1885357 2658.18 5214
1681070235.1899648 2658.18 5226
1681070235.191326 2658.22 5226
1681070235.192696 2658.26 5235
1681070235.1940725 2658.30 5245
1681070235.1954308 2658.34 5245
1681070235.1968236 2658.38 5258
1681070235.1981788 2658.46 5262
1681070235.2643886 2658.50 5269
1681070235.2658553 2658.50 5269
1681070235.267388 2658.54 5277
1681070235.26895 2658.54 5289
1681070235.270341 2658.58 5289
1681070235.2717412 2658.62 5298
1681070235.2731218 2658.66 5308
1681070235.2744422 2658.70 5314
1681070235.275823 2658.74 5321
1681070235.277214 2658.78 5321
1681070235.2785807 2658.82 5329
1681070235.2799656 2658.86 5337
1681070235.2813492 2658.86 5337
1681070235.34774 2658.90 5351
1681070235.3495636 2658.90 5359
1681070235.3512218 2658.94 5364
1681070235.3527164 2659.02 5369
1681070235.3541214 2659.06 5376
1681070235.355504 2659.06 5383
1681070235.3572328 2659.10 5383
1681070235.3587353 2659.14 5391
1681070235.3602202 2659.22 5401
1681070235.3616161 2659.22 5401
1681070235.3630168 2659.22 5414
1681070235.3644173 2659.26 5414
1681070235.3658097 2659.31 5428
1681070235.431843 2659.35 5433
1681070235.4335794 2659.43 5440
1681070235.4351864 2659.47 5447
1681070235.4367518 2659.51 5447
1681070235.4386292 2659.55 5457
1681070235.4400985 2659.55 5457
1681070235.441515 2659.59 5468
1681070235.4429116 2659.59 5468
1681070235.4443035 2659.63 5479
1681070235.4456782 2659.67 5486
1681070235.4470065 2659.71 5497
1681070235.448383 2659.75 5497
1681070235.4499197 2659.79 5505
1681070235.451293 2659.83 5511
1681070235.51723 2659.83 5522
1681070235.5191998 2659.87 5522
1681070235.5207994 2659.91 5531
1681070235.5223305 2659.91 5531
1681070235.523857 2659.95 5543
1681070235.5253801 2659.99 5552
1681070235.52688 2660.03 5557
1681070235.5282567 2660.07 5563
1681070235.529626 2660.11 5570
1681070235.5312746 2660.15 5576
1681070235.532813 2660.15 5576
1681070235.53422 2660.19 5587
1681070235.5356393 2660.19 5598
1681070235.6005394 2660.23 5598
1681070235.602194 2660.23 5610
1681070235.6035974 2660.27 5610
1681070235.605037 2660.31 5618
1681070235.6064074 2660.35 5629
1681070235.6077654 2660.39 5629
1681070235.6091821 2660.43 5637
1681070235.610695 2660.47 5643
1681070235.6123283 2660.47 5654
1681070235.6137261 2660.51 5654
1681070235.615121 2660.55 5665
1681070235.616549 2660.55 5665
1681070235.617977 2660.59 5678
1681070235.619245 2660.63 5686
1681070235.6857736 2660.67 5691
1681070235.687339 2660.76 5697
1681070235.688795 2660.76 5705
1681070235.6901853 2660.80 5705
1681070235.6915467 2660.84 5711
1681070235.6929505 2660.84 5724
1681070235.6946497 2660.88 5724
1681070235.6960635 2660.92 5734
1681070235.6974945 2660.92 5734
1681070235.6988876 2660.96 5747
1681070235.700282 2660.96 5747
1681070235.7016597 2661.00 5756
1681070235.7030442 2661.04 5765
1681070235.7689834 2661.08 5771
1681070235.7695599 2661.12 5778
1681070235.770055 2661.12 5778
1681070235.7704945 2661.16 5790
1681070235.7709458 2661.16 5790
1681070235.771388 2661.20 5801
1681070235.7718565 2661.20 5801
1681070235.7723446 2661.24 5817
1681070235.7728438 2661.24 5817
1681070235.7733507 2661.28 5826
1681070235.7738717 2661.32 5835
1681070235.774526 2661.36 5841
1681070235.7751434 2661.36 5849
1681070235.853249 2661.40 5849
1681070235.855082 2661.44 5858
1681070235.857034 2661.44 5858
1681070235.8586278 2661.48 5870
1681070235.8601859 2661.48 5870
1681070235.8616433 2661.52 5882
1681070235.8631651 2661.52 5882
1681070235.864641 2661.56 5896
1681070235.866048 2661.56 5905
1681070235.867415 2661.64 5910
1681070235.8688536 2661.68 5914
1681070235.8705256 2661.72 5920
1681070235.8719335 2661.76 5928
1681070235.8733468 2661.76 5928
1681070235.93847 2661.80 5941
1681070235.940047 2661.80 5941
1681070235.9416616 2661.84 5954
1681070235.9432046 2661.84 5954
1681070235.9448757 2661.84 5954
1681070235.9463925 2661.88 5971
1681070235.947794 2661.92 5980
1681070235.9492006 2661.92 5980
1681070235.950586 2661.96 5989
1681070235.9519837 2662.00 5996
1681070235.9534218 2662.04 6004
1681070235.9548337 2662.04 6012
1681070235.9562387 2662.08 6012
1681070236.022017 2662.08 6012
1681070236.0238025 2662.12 6028
1681070236.025382 2662.12 6028
1681070236.0268934 2662.12 6028
1681070236.0283656 2662.17 6046
1681070236.0297513 2662.17 6046
1681070236.031116 2662.25 6062
1681070236.0326228 2662.29 6067
1681070236.0342855 2662.29 6076
1681070236.035682 2662.33 6076
1681070236.037116 2662.37 6086
1681070236.0384874 2662.37 6094
1681070236.0398638 2662.41 6094
1681070236.0412471 2662.45 6105
1681070236.1071243 2662.45 6105
1681070236.1085947 2662.45 6105
1681070236.1099958 2662.49 6121
1681070236.1113598 2662.49 6121
1681070236.112791 2662.53 6136
1681070236.1141517 2662.53 6136
1681070236.1157 2662.57 6150
1681070236.1171243 2662.57 6157
1681070236.1185007 2662.61 6157
1681070236.1199229 2662.65 6167
1681070236.1214125 2662.69 6175
1681070236.1228075 2662.69 6175
1681070236.124199 2662.73 6187
1681070236.1906304 2662.73 6187
1681070236.1922896 2662.73 6201
1681070236.193699 2662.77 6201
1681070236.1950102 2662.77 6201
1681070236.196286 2662.81 6216
1681070236.197545 2662.81 6216
1681070236.198838 2662.85 6231
1681070236.2001271 2662.85 6239
1681070236.2013967 2662.89 6239
1681070236.2026532 2662.93 6249
1681070236.203927 2662.93 6257
1681070236.2051997 2662.97 6257
1681070236.206475 2663.01 6268
1681070236.2077315 2663.01 6268
1681070236.275941 2663.05 6279
1681070236.2779694 2663.05 6279
1681070236.2795286 2663.09 6292
1681070236.2810788 2663.09 6292
1681070236.2824535 2663.09 6292
1681070236.2838516 2663.13 6313
1681070236.2852511 2663.13 6313
1681070236.2866206 2663.17 6323
1681070236.2880142 2663.17 6323
1681070236.2894776 2663.21 6334
1681070236.2911642 2663.25 6342
1681070236.292573 2663.25 6342
1681070236.2939594 2663.29 6353
1681070236.359909 2663.29 6365
1681070236.361363 2663.33 6365
1681070236.3628066 2663.33 6365
1681070236.364196 2663.37 6378
1681070236.3655748 2663.41 6385
1681070236.367012 2663.45 6393
1681070236.368602 2663.45 6393
1681070236.370022 2663.45 6393
1681070236.371721 2663.49 6411
1681070236.3731997 2663.49 6411
1681070236.374586 2663.53 6425
1681070236.3759155 2663.53 6433
1681070236.377257 2663.58 6433
1681070236.4433658 2663.62 6445
1681070236.445021 2663.62 6454
1681070236.446413 2663.66 6454
1681070236.4479094 2663.66 6454
1681070236.4493337 2663.70 6467
1681070236.451006 2663.70 6467
1681070236.4524913 2663.74 6482
1681070236.4539015 2663.74 6482
1681070236.4552689 2663.74 6482
1681070236.4566505 2663.78 6500
1681070236.4580333 2663.78 6500
1681070236.459394 2663.78 6515
1681070236.4607947 2663.82 6515
1681070236.4621327 2663.86 6525
1681070236.5287402 2663.86 6534
1681070236.5303013 2663.90 6534
1681070236.5318315 2663.90 6547
1681070236.5333192 2663.94 6547
1681070236.5346835 2663.98 6558
1681070236.536055 2663.98 6558
1681070236.5374794 2664.02 6569
1681070236.5391562 2664.02 6569
1681070236.5405755 2664.02 6585
1681070236.5419815 2664.06 6585
1681070236.543351 2664.06 6585
1681070236.5447447 2664.06 6585
1681070236.5461323 2664.10 6605
1681070236.612131 2664.10 6605
1681070236.61391 2664.10 6622
1681070236.6154432 2664.14 6622
1681070236.617001 2664.18 6633
1681070236.6183724 2664.18 6633
1681070236.6201248 2664.22 6646
1681070236.621516 2664.22 6646
1681070236.6228974 2664.26 6660
1681070236.6243076 2664.26 6660
1681070236.6256797 2664.30 6671
1681070236.6270518 2664.30 6671
1681070236.6284683 2664.34 6684
1681070236.6298833 2664.34 6684
1681070236.63124 2664.34 6684
1681070236.6972964 2664.38 6700
1681070236.6987062 2664.38 6700
1681070236.700303 2664.38 6700
1681070236.7016885 2664.38 6700
1681070236.703075 2664.42 6727
1681070236.704484 2664.42 6727
1681070236.7059011 2664.46 6739
1681070236.7072144 2664.46 6739
1681070236.7085245 2664.46 6739
1681070236.7098196 2664.50 6757
1681070236.7110693 2664.50 6767
1681070236.7123485 2664.54 6767
1681070236.7137423 2664.54 6779
1681070236.7813833 2664.58 6779
1681070236.7828274 2664.58 6779
1681070236.7843497 2664.58 6798
1681070236.7857842 2664.62 6798
1681070236.787156 2664.66 6810
1681070236.7885375 2664.66 6810
1681070236.7899203 2664.66 6810
1681070236.7912924 2664.66 6830
1681070236.7926643 2664.70 6830
1681070236.7940364 2664.70 6830
1681070236.7953844 2664.70 6830
1681070236.7967498 2664.74 6853
1681070236.7981286 2664.74 6853
1681070236.8648334 2664.74 6853
1681070236.8664563 2664.78 6873
1681070236.867999 2664.78 6873
1681070236.8694615 2664.82 6886
1681070236.870877 2664.82 6886
1681070236.8723497 2664.82 6886
1681070236.8738143 2664.86 6902
1681070236.8751857 2664.86 6902
1681070236.8765988 2664.86 6918
1681070236.878015 2664.94 6924
1681070236.8794124 2664.94 6924
1681070236.8808682 2664.98 6932
1681070236.8822422 2664.98 6932
1681070236.8836095 2664.98 6932
1681070236.9501004 2665.03 6952
1681070236.9516048 2665.03 6952
1681070236.9530969 2665.03 6952
1681070236.954499 2665.03 6952
1681070236.9559135 2665.07 6979
1681070236.9573278 2665.07 6979
1681070236.958716 2665.07 6979
1681070236.9602587 2665.07 6979
1681070236.9617298 2665.11 7002
1681070236.963141 2665.11 7002
1681070236.9645565 2665.15 7017
1681070236.9659815 2665.15 7017
1681070236.9673648 2665.15 7017
1681070237.0334768 2665.19 7035
1681070237.03522 2665.19 7035
1681070237.0367887 2665.19 7035
1681070237.0382833 2665.23 7053
1681070237.0396676 2665.23 7053
1681070237.0410638 2665.27 7068
1681070237.0424283 2665.27 7068
1681070237.0438848 2665.27 7068
1681070237.0453007 2665.27 7068
1681070237.0466623 2665.27 7095
1681070237.0480416 2665.31 7095
1681070237.0494385 2665.31 7095
1681070237.0509083 2665.31 7095
1681070237.052315 2665.31 7119
1681070237.1187632 2665.35 7119
1681070237.1203356 2665.35 7119
1681070237.1217403 2665.35 7119
1681070237.123442 2665.35 7119
1681070237.124618 2665.35 7151
1681070237.1255968 2665.39 7151
1681070237.1265707 2665.39 7151
1681070237.1275442 2665.39 7151
1681070237.1285343 2665.39 7151
1681070237.1295023 2665.43 7177
1681070237.1304686 2665.43 7177
1681070237.1314511 2665.43 7194
1681070237.132438 2665.47 7194
1681070237.2027197 2665.47 7194
1681070237.2042005 2665.47 7194
1681070237.207634 2665.51 7216
1681070237.2091029 2665.51 7216
1681070237.210487 2665.51 7216
1681070237.2118697 2665.55 7236
1681070237.213256 2665.55 7236
1681070237.2146199 2665.55 7236
1681070237.216009 2665.59 7255
1681070237.2177465 2665.59 7255
1681070237.2191699 2665.59 7255
1681070237.2205718 2665.59 7255
1681070237.2219756 2665.59 7255
1681070237.2862723 2665.63 7286
1681070237.2881927 2665.63 7286
1681070237.2896717 2665.63 7286
1681070237.2910728 2665.63 7286
1681070237.2925253 2665.63 7286
1681070237.2939174 2665.63 7286
1681070237.2952747 2665.63 7286
1681070237.2966504 2665.63 7286
1681070237.2980306 2665.67 7335
1681070237.2993472 2665.67 7335
1681070237.3010485 2665.67 7335
1681070237.3025134 2665.71 7357
1681070237.3039165 2665.71 7357
1681070237.3052018 2665.71 7357
1681070237.371487 2665.71 7357
1681070237.3729618 2665.71 7357
1681070237.3743439 2665.71 7391
1681070237.3757174 2665.75 7391
1681070237.377107 2665.75 7391
1681070237.3784645 2665.75 7391
1681070237.379836 2665.79 7409
1681070237.381549 2665.79 7409
1681070237.3829684 2665.79 7409
1681070237.384266 2665.83 7433
1681070237.3855457 2665.83 7433
1681070237.3868241 2665.83 7433
1681070237.388072 2665.83 7433
1681070237.455055 2665.83 7433
1681070237.4569564 2665.83 7433
1681070237.458411 2665.87 7470
1681070237.4598784 2665.87 7470
1681070237.4613938 2665.87 7470
1681070237.46285 2665.87 7470
1681070237.4643128 2665.87 7470
1681070237.4657397 2665.87 7470
1681070237.467175 2665.87 7470
1681070237.4686234 2665.87 7470
1681070237.4700851 2665.87 7470
1681070237.4715111 2665.91 7524
1681070237.4730053 2665.91 7524
1681070237.474424 2665.91 7524
1681070237.5403373 2665.91 7524
1681070237.541922 2665.91 7524
1681070237.5433104 2665.91 7524
1681070237.5450728 2665.91 7524
1681070237.5464613 2665.91 7524
1681070237.5478485 2665.91 7524
1681070237.5492513 2665.91 7524
1681070237.5506158 2665.91 7524
1681070237.5519888 2665.91 7524
1681070237.5534089 2665.91 7524
1681070237.5547767 2665.91 7524
1681070237.5562015 2665.91 7524
1681070237.557879 2665.91 7524
1681070237.624352 2665.91 7524
1681070237.6259427 2665.91 7524
1681070237.6274438 2665.91 7524
1681070237.628982 2665.91 7524
1681070237.630465 2665.91 7524
1681070237.631916 2665.91 7524
1681070237.6334858 2665.91 7524
1681070237.6349554 2665.91 7524
1681070237.6364098 2665.91 7524
1681070237.637786 2665.95 7685
1681070237.6391592 2665.95 7685
1681070237.6409256 2665.95 7685
1681070237.6423159 2665.95 7685
1681070237.7076561 2665.95 7685
1681070237.7094777 2665.95 7685
1681070237.7110262 2665.95 7685
1681070237.7125113 2665.95 7685
1681070237.7139032 2665.95 7685
1681070237.7152648 2665.95 7685
1681070237.7167497 2665.95 7685
1681070237.7182992 2665.95 7685
1681070237.7196727 2665.95 7685
1681070237.7213573 2665.95 7685
1681070237.7228296 2665.95 7685
1681070237.72424 2665.95 7685
1681070237.725618 2665.95 7685
1681070237.727006 2665.95 7685
1681070237.7930205 2665.95 7685
1681070237.7944415 2665.95 7685
1681070237.795795 2665.95 7685
1681070237.7972312 2665.95 7685
1681070237.7986245 2665.95 7685
1681070237.800146 2665.95 7685
1681070237.8016198 2665.95 7685
1681070237.8030694 2665.95 7685
1681070237.8043728 2665.95 7685
1681070237.8056526 2665.95 7685
1681070237.8069553 2665.95 7685
1681070237.808262 2665.95 7685
1681070237.8095505 2665.95 7685
1681070237.876355 2665.95 7685
1681070237.878129 2665.95 7685
1681070237.879675 2665.95 7685
1681070237.88124 2665.95 7685
1681070237.8828537 2665.95 7685
1681070237.8845289 2665.95 7685
1681070237.8860493 2665.95 7685
1681070237.8874347 2665.95 7685
1681070237.8888748 2665.95 7685
1681070237.890237 2665.95 7685
1681070237.8915877 2665.95 7685
1681070237.8930032 2665.95 7685
1681070237.8943677 2665.95 7685
1681070237.8957572 2665.95 7685
1681070237.9616466 2665.95 7685
1681070237.9632356 2665.95 7685
1681070237.9648614 2665.95 7685
1681070237.9663835 2665.95 7685
1681070237.9679177 2665.95 7685
1681070237.969437 2665.95 7685
1681070237.9708824 2665.95 7685
1681070237.9723399 2665.95 7685
1681070237.973811 2665.95 7685
1681070237.9751964 2665.95 7685
1681070237.9766057 2665.95 7685
1681070237.9780452 2665.95 7685
1681070237.979418 2665.95 7685
1681070238.0450706 2665.95 7685
1681070238.0468636 2665.95 7685
1681070238.0483696 2665.95 7685
1681070238.0497532 2665.95 7685
1681070238.0511246 2665.95 7685
1681070238.052512 2665.95 7685
1681070238.0539 2665.95 7685
1681070238.0552464 2665.95 7685
1681070238.0566435 2665.95 7685
1681070238.0581021 2665.95 7685
1681070238.0594819 2665.95 7685
1681070238.0609033 2665.95 7685
1681070238.062264 2665.95 7685
1681070238.129134 2665.95 7685
1681070238.130816 2665.95 7685
1681070238.1322484 2665.95 7685
1681070238.1336455 2665.95 7685
1681070238.1350462 2665.95 7685
1681070238.1364336 2665.95 7685
1681070238.1378002 2665.95 7685
1681070238.1392858 2665.95 7685
1681070238.1406887 2665.95 7685
1681070238.1420338 2665.95 7685
1681070238.1433978 2665.95 7685
1681070238.1448133 2665.95 7685
1681070238.1461718 2665.95 7685
1681070238.1474934 2665.95 7685
1681070238.214278 2665.95 7685
1681070238.215716 2665.95 7685
1681070238.217177 2665.95 7685
1681070238.2185767 2665.95 7685
1681070238.2199485 2665.95 7685
1681070238.2213914 2665.95 7685
1681070238.2228029 2665.95 7685
1681070238.2242124 2665.95 7685
1681070238.2255933 2665.95 7685
1681070238.2269886 2665.95 7685
1681070238.2283664 2665.95 7685
1681070238.2296484 2665.95 7685
1681070238.2309823 2665.95 7685
1681070238.297831 2665.95 7685
1681070238.2994409 2665.95 7685
1681070238.300979 2665.95 7685
1681070238.3023784 2665.95 7685
1681070238.3037462 2665.95 7685
1681070238.3051538 2665.95 7685
1681070238.306515 2665.95 7685
1681070238.3079062 2665.95 7685
1681070238.3091786 2665.95 7685
1681070238.3104293 2665.95 7685
1681070238.311684 2665.95 7685
1681070238.312986 2665.95 7685
1681070238.3142326 2665.95 7685
1681070238.3154886 2665.95 7685
1681070238.3831482 2665.95 7685
1681070238.384893 2665.95 7685
1681070238.386369 2665.95 7685
1681070238.3879228 2665.95 7685
1681070238.3893845 2665.95 7685
1681070238.39077 2665.95 7685
1681070238.3921862 2665.95 7685
1681070238.3935766 2665.95 7685
1681070238.3949738 2665.95 7685
1681070238.3963783 2665.95 7685
1681070238.3977766 2665.95 7685
1681070238.3991618 2665.95 7685
1681070238.400596 2665.95 7685
1681070238.46648 2665.95 7685
1681070238.4683795 2665.95 7685
1681070238.4699717 2665.95 7685
1681070238.4713743 2665.95 7685
1681070238.4727874 2665.95 7685
1681070238.4741895 2665.95 7685
1681070238.475567 2665.95 7685
1681070238.4769878 2665.95 7685
1681070238.4783576 2665.95 7685
1681070238.4798548 2665.95 7685
1681070238.4812858 2665.95 7685
1681070238.482662 2665.95 7685
1681070238.4840717 2665.95 7685
1681070238.5504231 2665.95 7685
1681070238.5520768 2665.95 7685
1681070238.5535357 2665.95 7685
1681070238.5549524 2665.95 7685
1681070238.5563693 2665.95 7685
1681070238.5577714 2665.95 7685
1681070238.5591588 2665.95 7685
1681070238.5606194 2665.95 7685
1681070238.5620832 2665.95 7685
1681070238.563467 2665.95 7685
1681070238.5648975 2665.95 7685
1681070238.5662763 2665.95 7685
1681070238.567658 2665.95 7685
1681070238.568963 2665.95 7685
1681070238.6357567 2665.95 7685
1681070238.6372337 2665.95 7685
1681070238.6386173 2665.95 7685
1681070238.6400023 2665.95 7685
1681070238.6414065 2665.95 7685
1681070238.6427605 2665.95 7685
1681070238.6442873 2665.95 7685
1681070238.645944 2665.95 7685
1681070238.647364 2665.95 7685
1681070238.6488056 2665.95 7685
1681070238.6505492 2665.95 7685
1681070238.6519632 2665.95 7685
1681070238.6533303 2665.95 7685
1681070238.719216 2665.95 7685
1681070238.7210336 2665.95 7685
1681070238.7225776 2665.95 7685
1681070238.7241495 2665.95 7685
1681070238.7256927 2665.95 7685
1681070238.7270894 2665.95 7685
1681070238.7284925 2665.95 7685
1681070238.7298882 2665.95 7685
1681070238.7312405 2665.95 7685
1681070238.7327292 2665.95 7685
1681070238.7342267 2665.95 7685
1681070238.7355983 2665.95 7685
1681070238.7370174 2665.95 7685
1681070238.7383971 2665.95 7685
1681070238.8045146 2665.95 7685
1681070238.8060195 2665.95 7685
1681070238.807411 2665.95 7685
1681070238.808863 2665.95 7685
1681070238.8102348 2665.95 7685
1681070238.811613 2665.95 7685
1681070238.813048 2665.95 7685
1681070238.814421 2665.95 7685
1681070238.8157833 2665.95 7685
1681070238.817398 2665.95 7685
1681070238.8188455 2665.99 8871
1681070238.8202717 2665.99 8871
1681070238.8216197 2665.99 8871
1681070238.8879075 2665.99 8871
1681070238.8896184 2665.99 8871
1681070238.891057 2665.99 8871
1681070238.8924654 2665.99 8871
1681070238.8938732 2665.99 8871
1681070238.895236 2665.99 8871
1681070238.8966246 2665.99 8871
1681070238.898055 2665.99 8871
1681070238.8994627 2665.99 8871
1681070238.9009252 2665.99 8871
1681070238.9022505 2665.99 8871
1681070238.9036422 2665.99 8871
1681070238.90499 2665.99 8871
1681070238.9719381 2665.99 8871
1681070238.9736407 2665.99 8871
1681070238.9750562 2665.99 8871
1681070238.97646 2665.99 8871
1681070238.977864 2665.99 8871
1681070238.9792473 2665.99 8871
1681070238.9806595 2665.99 8871
1681070238.9820895 2665.99 8871
1681070238.98366 2665.99 8871
1681070238.9851348 2665.99 8871
1681070238.986502 2665.99 8871
1681070238.9878898 2665.99 8871
1681070238.9892764 2665.99 8871
1681070238.990676 2665.99 8871
1681070239.0572262 2665.99 8871
1681070239.0586457 2665.99 8871
1681070239.0600486 2665.99 8871
1681070239.0614638 2665.99 8871
1681070239.0628393 2665.99 8871
1681070239.0642169 2665.99 8871
1681070239.065818 2665.99 8871
1681070239.067324 2665.99 8871
1681070239.0687516 2665.99 8871
1681070239.0701246 2665.99 8871
1681070239.071493 2665.99 8871
1681070239.0729074 2665.99 8871
1681070239.074268 2665.99 8871
1681070239.1405714 2665.99 8871
1681070239.1421928 2665.99 8871
1681070239.143593 2665.99 8871
1681070239.145024 2665.99 8871
1681070239.1463869 2665.99 8871
1681070239.1477447 2665.99 8871
1681070239.1493142 2665.99 8871
1681070239.1508372 2665.99 8871
1681070239.1522536 2665.99 8871
1681070239.15363 2665.99 8871
1681070239.1550345 2665.99 8871
1681070239.1564362 2665.99 8871
1681070239.15782 2665.99 8871
1681070239.1591763 2665.99 8871
1681070239.2259972 2665.99 8871
1681070239.2274191 2665.99 8871
1681070239.2290125 2665.99 8871
1681070239.2307544 2665.99 8871
1681070239.2322261 2665.99 8871
1681070239.2340045 2665.99 8871
1681070239.2354565 2665.99 8871
1681070239.2369044 2665.99 8871
1681070239.2382748 2665.99 8871
1681070239.239642 2665.99 8871
1681070239.241435 2665.99 8871
1681070239.2429814 2665.99 8871
1681070239.244332 2665.99 8871
1681070239.3095014 2665.99 8871
1681070239.3112595 2665.99 8871
1681070239.3127065 2665.99 8871
1681070239.314095 2665.99 8871
1681070239.3154607 2665.99 8871
1681070239.317263 2665.99 8871
1681070239.3191361 2665.99 8871
1681070239.3213704 2665.99 8871
1681070239.3229358 2665.99 8871
1681070239.324359 2665.99 8871
1681070239.3257265 2665.99 8871
1681070239.3271003 2665.99 8871
1681070239.3284817 2665.99 8871
1681070239.329772 2665.99 8871
1681070239.3945193 2665.99 8871
1681070239.3960035 2665.99 8871
1681070239.397446 2665.99 8871
1681070239.3988607 2665.99 8871
1681070239.4003422 2665.99 8871
1681070239.4018273 2665.99 8871
1681070239.403217 2665.99 8871
1681070239.4046288 2665.99 8871
1681070239.4060304 2665.99 8871
1681070239.4073844 2665.99 8871
1681070239.4087749 2665.99 8871
1681070239.4101076 2665.99 8871
1681070239.4115016 2665.99 8871
1681070239.478734 2665.99 8871
1681070239.4801927 2665.99 8871
1681070239.4815865 2665.99 8871
1681070239.4830105 2665.99 8871
1681070239.4846232 2665.99 8871
1681070239.4860866 2665.99 8871
1681070239.4874446 2665.99 8871
1681070239.488857 2665.99 8871
1681070239.4902802 2665.99 8871
1681070239.491739 2665.99 8871
1681070239.4931753 2665.99 8871
1681070239.4945476 2665.99 8871
1681070239.4959228 2665.99 8871
1681070239.56218 2665.99 8871
1681070239.5638502 2665.99 8871
1681070239.5654476 2665.99 8871
1681070239.5669148 2665.99 8871
1681070239.5683165 2665.99 8871
1681070239.5697522 2665.99 8871
1681070239.571255 2665.99 8871
1681070239.5726848 2665.99 8871
1681070239.5740778 2665.99 8871
1681070239.575433 2665.99 8871
1681070239.5768392 2665.99 8871
1681070239.5782125 2665.99 8871
1681070239.5797203 2665.99 8871
1681070239.581133 2665.99 8871
1681070239.647277 2665.99 8871
1681070239.648985 2665.99 8871
1681070239.6508439 2665.99 8871
1681070239.6522577 2665.99 8871
1681070239.653555 2665.99 8871
1681070239.6548417 2665.99 8871
1681070239.6560895 2665.99 8871
1681070239.6573632 2665.99 8871
1681070239.6586125 2665.99 8871
1681070239.6598883 2665.99 8871
1681070239.6611617 2665.99 8871
1681070239.6624136 2665.99 8871
1681070239.6639178 2665.99 8871
1681070239.7307577 2665.99 8871
1681070239.7326 2665.99 8871
1681070239.7342966 2665.99 8871
1681070239.7358377 2665.99 8871
1681070239.7373412 2665.99 8871
1681070239.7387097 2665.99 8871
1681070239.7400973 2665.99 8871
1681070239.7414951 2665.99 8871
1681070239.7428725 2665.99 8871
1681070239.7445366 2665.99 8871
1681070239.7460415 2665.99 8871
1681070239.7474303 2665.99 8871
1681070239.7488823 2665.99 8871
1681070239.7505352 2665.99 8871
1681070239.816356 2665.99 8871
1681070239.8179648 2665.99 8871
1681070239.8193526 2665.99 8871
1681070239.820749 2665.99 8871
1681070239.822118 2665.99 8871
1681070239.8236697 2665.99 8871
1681070239.8252597 2665.99 8871
1681070239.8266304 2665.99 8871
1681070239.8280473 2665.99 8871
1681070239.8294241 2665.99 8871
1681070239.8307793 2665.99 8871
1681070239.8321579 2665.99 8871
1681070239.8338637 2665.99 8871
1681070239.900016 2665.99 8871
1681070239.9014702 2665.99 8871
1681070239.902874 2665.99 8871
1681070239.9044719 2665.99 8871
1681070239.906288 2665.99 8871
1681070239.9077592 2665.99 8871
1681070239.9091024 2665.99 8871
1681070239.9103706 2665.99 8871
1681070239.9116275 2665.99 8871
1681070239.9129467 2665.99 8871
1681070239.9142 2665.99 8871
1681070239.9154677 2665.99 8871
1681070239.9167855 2665.99 8871
1681070239.9834485 2665.99 8871
1681070239.9852633 2665.99 8871
1681070239.9867103 2665.99 8871
1681070239.988196 2665.99 8871
1681070239.989623 2665.99 8871
1681070239.9910667 2666.03 10015
1681070239.9924972 2666.03 10015
1681070239.9939425 2666.03 10015
1681070239.9953547 2666.03 10015
1681070239.9967968 2666.03 10015
1681070239.9982593 2666.03 10015
1681070239.999674 2666.03 10015
1681070240.0011427 2666.03 10015
1681070240.0678616 2666.03 10015
1681070240.0696456 2666.03 10015
1681070240.0711713 2666.03 10015
1681070240.072769 2666.03 10015
1681070240.0742338 2666.03 10015
1681070240.0756462 2666.03 10015
1681070240.077122 2666.03 10015
1681070240.0785275 2666.03 10015
1681070240.0799863 2666.03 10015
1681070240.081445 2666.03 10015
1681070240.0828948 2666.03 10015
1681070240.084358 2666.03 10015
1681070240.085787 2666.03 10015
1681070240.1530228 2666.03 10015
1681070240.1545696 2666.03 10015
1681070240.1559994 2666.03 10015
1681070240.1574373 2666.03 10015
1681070240.1588511 2666.03 10015
1681070240.160261 2666.03 10015
1681070240.161688 2666.03 10015
1681070240.1631355 2666.03 10015
1681070240.1646025 2666.03 10015
1681070240.166173 2666.03 10015
1681070240.1676903 2666.03 10015
1681070240.1691537 2666.03 10015
1681070240.1705701 2666.03 10015
1681070240.2374444 2666.03 10015
1681070240.2389052 2666.03 10015
1681070240.24034 2666.03 10015
1681070240.2417498 2666.03 10015
1681070240.2431555 2666.03 10015
1681070240.2446501 2666.03 10015
1681070240.246154 2666.03 10015
1681070240.247561 2666.03 10015
1681070240.2492313 2666.03 10015
1681070240.250688 2666.03 10015
1681070240.2520163 2666.03 10015
1681070240.2533364 2666.03 10015
1681070240.3206196 2666.03 10015
1681070240.3225803 2666.03 10015
1681070240.3240192 2666.03 10015
1681070240.3254628 2666.03 10015
1681070240.3269413 2666.03 10015
1681070240.3283844 2666.03 10015
1681070240.3297896 2666.03 10015
1681070240.3312016 2666.03 10015
1681070240.3327549 2666.03 10015
1681070240.3342788 2666.03 10015
1681070240.3356683 2666.03 10015
1681070240.3370388 2666.03 10015
1681070240.338328 2666.03 10015
1681070240.4052877 2666.03 10015
1681070240.4082959 2666.03 10015
1681070240.4110763 2666.03 10015
1681070240.4138405 2666.03 10015
1681070240.416711 2666.03 10015
1681070240.419529 2666.03 10015
1681070240.4223573 2666.03 10015
1681070240.4251873 2666.03 10015
1681070240.4279885 2666.03 10015
1681070240.430811 2666.03 10015
1681070240.4342577 2666.03 10015
1681070240.4371054 2666.03 10015
1681070240.4398746 2666.03 10015
1681070240.4898934 2666.03 10015
1681070240.4910605 2666.03 10015
1681070240.4923558 2666.03 10015
1681070240.4936812 2666.03 10015
1681070240.4950256 2666.03 10015
1681070240.4963195 2666.03 10015
1681070240.497612 2666.03 10015
1681070240.4993289 2666.03 10015
1681070240.5010257 2666.03 10015
1681070240.5027955 2666.03 10015
1681070240.504121 2666.03 10015
1681070240.50513 2666.03 10015
1681070240.5061605 2666.03 10015
1681070240.5746691 2666.03 10015
1681070240.5761743 2666.03 10015
1681070240.5776012 2666.03 10015
1681070240.5790267 2666.03 10015
1681070240.5807686 2666.03 10015
1681070240.5822208 2666.03 10015
1681070240.583649 2666.03 10015
1681070240.5851252 2666.03 10015
1681070240.5865278 2666.03 10015
1681070240.5879378 2666.03 10015
1681070240.5893402 2666.03 10015
1681070240.590622 2666.03 10015
1681070240.6579049 2666.03 10015
1681070240.659697 2666.03 10015
1681070240.6613102 2666.03 10015
1681070240.6627424 2666.03 10015
1681070240.6641924 2666.03 10015
1681070240.665622 2666.03 10015
1681070240.6670833 2666.03 10015
1681070240.6685243 2666.03 10015
1681070240.6699195 2666.03 10015
1681070240.6713598 2666.03 10015
1681070240.672797 2666.03 10015
1681070240.6742322 2666.03 10015
1681070240.6756525 2666.03 10015
1681070240.7430565 2666.03 10015
1681070240.7446353 2666.03 10015
1681070240.7460892 2666.03 10015
1681070240.7475 2666.03 10015
1681070240.7490559 2666.03 10015
1681070240.7505848 2666.03 10015
1681070240.7520015 2666.03 10015
1681070240.7534328 2666.03 10015
1681070240.7548416 2666.03 10015
1681070240.7562542 2666.03 10015
1681070240.7576556 2666.03 10015
1681070240.7590733 2666.03 10015
1681070240.760484 2666.03 10015
1681070240.8274705 2666.03 10015
1681070240.8291397 2666.03 10015
1681070240.8306606 2666.03 10015
1681070240.8322735 2666.03 10015
1681070240.8337684 2666.03 10015
1681070240.8351798 2666.03 10015
1681070240.836687 2666.03 10015
1681070240.8381164 2666.03 10015
1681070240.8394625 2666.03 10015
1681070240.8409011 2666.03 10015
1681070240.8422263 2666.03 10015
1681070240.8436198 2666.03 10015
1681070240.9106638 2666.03 10015
1681070240.9123483 2666.03 10015
1681070240.9137802 2666.03 10015
1681070240.9151928 2666.03 10015
1681070240.9168246 2666.03 10015
1681070240.9184158 2666.03 10015
1681070240.919839 2666.03 10015
1681070240.921264 2666.03 10015
1681070240.9226565 2666.03 10015
1681070240.924056 2666.03 10015
1681070240.9255033 2666.03 10015
1681070240.9269154 2666.03 10015
1681070240.92833 2666.03 10015
1681070240.9951549 2666.03 10015
1681070240.9969795 2666.03 10015
1681070240.9984734 2666.03 10015
1681070240.9999409 2666.03 10015
1681070241.001379 2666.03 10015
1681070241.0027673 2666.03 10015
1681070241.004468 2666.03 10015
1681070241.0059738 2666.03 10015
1681070241.0073755 2666.03 10015
1681070241.0088031 2666.03 10015
1681070241.010212 2666.03 10015
1681070241.011604 2666.03 10015
1681070241.0130503 2666.03 10015
1681070241.080277 2666.03 10015
1681070241.0819001 2666.03 10015
1681070241.0834 2666.03 10015
1681070241.084873 2666.03 10015
1681070241.0863705 2666.03 10015
1681070241.0877976 2666.03 10015
1681070241.0892534 2666.03 10015
1681070241.0906355 2666.03 10015
1681070241.0920322 2666.03 10015
1681070241.0934832 2666.03 10015
1681070241.0949037 2666.03 10015
1681070241.0963519 2666.03 10015
1681070241.0977511 2666.03 10015
1681070241.1648521 2666.03 10015
1681070241.1664345 2666.03 10015
1681070241.1678932 2666.03 10015
1681070241.169357 2666.03 10015
1681070241.1707623 2666.03 10015
1681070241.1722343 2666.03 10015
1681070241.1736548 2666.03 10015
1681070241.175073 2666.03 10015
1681070241.1765056 2666.03 10015
1681070241.1779466 2666.03 10015
1681070241.1792376 2666.03 10015
1681070241.18053 2666.03 10015
1681070241.2480724 2666.03 10015
1681070241.250086 2666.03 10015
1681070241.25151 2666.03 10015
1681070241.2529633 2666.03 10015
1681070241.2543628 2666.03 10015
1681070241.2557607 2666.03 10015
1681070241.257229 2666.03 10015
1681070241.2586274 2666.03 10015
1681070241.2602248 2666.03 10015
1681070241.2616467 2666.03 10015
1681070241.2630734 2666.03 10015
1681070241.2645135 2666.03 10015
1681070241.2659376 2666.03 10015
1681070241.3329732 2666.03 10015
1681070241.3343701 2666.03 10015
1681070241.335722 2666.03 10015
1681070241.337083 2666.03 10015
1681070241.3384118 2666.03 10015
1681070241.3397484 2666.03 10015
1681070241.3411784 2666.03 10015
1681070241.342568 2666.03 10015
1681070241.3439379 2666.03 10015
1681070241.3453383 2666.03 10015
1681070241.3466454 2666.03 10015
1681070241.3478904 2666.03 10015
1681070241.349295 2666.03 10015
1681070241.4174697 2666.03 10015
1681070241.4189737 2666.03 10015
1681070241.4205518 2666.03 10015
1681070241.4222834 2666.03 10015
1681070241.4236562 2666.03 10015
1681070241.4250917 2666.03 10015
1681070241.4264743 2666.03 10015
1681070241.4278443 2666.03 10015
1681070241.4292343 2666.03 10015
1681070241.4306202 2666.03 10015
1681070241.43198 2666.03 10015
1681070241.4334753 2666.03 10015
1681070241.5007029 2666.03 10015
1681070241.502632 2666.03 10015
1681070241.5042706 2666.03 10015
1681070241.5058336 2666.03 10015
1681070241.5073369 2666.03 10015
1681070241.5088468 2666.03 10015
1681070241.510273 2666.03 10015
1681070241.5116832 2666.03 10015
1681070241.513149 2666.03 10015
1681070241.514845 2666.03 10015
1681070241.5164347 2666.03 10015
1681070241.5178123 2666.03 10015
1681070241.519168 2666.03 10015
1681070241.5851712 2666.03 10015
1681070241.5872977 2666.03 10015
1681070241.588868 2666.03 10015
1681070241.5902474 2666.03 10015
1681070241.5916028 2666.03 10015
1681070241.5929797 2666.03 10015
1681070241.5943182 2666.03 10015
1681070241.5956557 2666.03 10015
1681070241.5970175 2666.03 10015
1681070241.5986931 2666.03 10015
1681070241.600079 2666.03 10015
1681070241.6014516 2666.03 10015
1681070241.6028352 2666.03 10015
1681070241.67043 2666.03 10015
1681070241.6720717 2666.03 10015
1681070241.6735487 2666.03 10015
1681070241.6749997 2666.03 10015
1681070241.6764324 2666.03 10015
1681070241.677855 2666.03 10015
1681070241.6793907 2666.03 10015
1681070241.6811879 2666.03 10015
1681070241.6827831 2666.03 10015
1681070241.6841693 2666.03 10015
1681070241.685554 2666.03 10015
1681070241.6869185 2666.03 10015
1681070241.6883016 2666.03 10015
1681070241.7546732 2666.03 10015
1681070241.7560709 2666.03 10015
1681070241.7574694 2666.03 10015
1681070241.7589605 2666.03 10015
1681070241.7603226 2666.03 10015
1681070241.7616796 2666.03 10015
1681070241.763019 2666.03 10015
1681070241.764385 2666.03 10015
1681070241.7661483 2666.03 10015
1681070241.7675424 2666.03 10015
1681070241.7689223 2666.03 10015
1681070241.7702801 2666.03 10015
1681070241.8380003 2666.03 10015
1681070241.8396196 2666.03 10015
1681070241.8410215 2666.03 10015
1681070241.842388 2666.03 10015
1681070241.8437421 2666.03 10015
1681070241.84514 2666.03 10015
1681070241.8465047 2666.03 10015
1681070241.8479745 2666.03 10015
1681070241.8494484 2666.03 10015
1681070241.8508103 2666.03 10015
1681070241.8521774 2666.03 10015
1681070241.8535314 2666.03 10015
1681070241.854878 2666.03 10015
1681070241.922442 2666.03 10015
1681070241.9241397 2666.03 10015
1681070241.9256165 2666.03 10015
1681070241.9269636 2666.03 10015
1681070241.9283645 2666.03 10015
1681070241.929726 2666.03 10015
1681070241.9310946 2666.03 10015
1681070241.9324687 2666.03 10015
1681070241.9338214 2666.03 10015
1681070241.93516 2666.03 10015
1681070241.936523 2666.03 10015
1681070241.9378753 2666.03 10015
1681070241.9392247 2666.03 10015
1681070242.0075407 2666.03 10015
1681070242.0091894 2666.03 10015
1681070242.0109687 2666.03 10015
1681070242.0124364 2666.03 10015
1681070242.0138633 2666.03 10015
1681070242.0152664 2666.03 10015
1681070242.0166857 2666.03 10015
1681070242.018103 2666.03 10015
1681070242.0194862 2666.03 10015
1681070242.0209212 2666.03 10015
1681070242.0222867 2666.03 10015
1681070242.0236478 2666.03 10015
1681070242.0906198 2666.03 10015
1681070242.0923452 2666.03 10015
1681070242.0937946 2666.03 10015
1681070242.0952322 2666.03 10015
1681070242.0968664 2666.03 10015
1681070242.0984783 2666.03 10015
1681070242.0999222 2666.03 10015
1681070242.1013772 2666.03 10015
1681070242.1027834 2666.03 10015
1681070242.104245 2666.03 10015
1681070242.105654 2666.03 10015
1681070242.1071048 2666.03 10015
1681070242.10851 2666.03 10015
1681070242.17522 2666.03 10015
1681070242.1768718 2666.03 10015
1681070242.1782813 2666.03 10015
1681070242.179695 2666.03 10015
1681070242.1811874 2666.03 10015
1681070242.1830492 2666.03 10015
1681070242.1844735 2666.03 10015
1681070242.185905 2666.03 10015
1681070242.1873186 2666.03 10015
1681070242.1887286 2666.03 10015
1681070242.1901462 2666.03 10015
1681070242.1915383 2666.03 10015
1681070242.1929746 2666.03 10015
1681070242.2602913 2666.03 10015
1681070242.2617648 2666.03 10015
1681070242.2635036 2666.03 10015
1681070242.2650342 2666.03 10015
1681070242.266466 2666.03 10015
1681070242.2678964 2666.03 10015
1681070242.269318 2666.03 10015
1681070242.2707164 2666.03 10015
1681070242.2721384 2666.03 10015
1681070242.273528 2666.03 10015
1681070242.2749403 2666.03 10015
1681070242.276667 2666.03 10015
1681070242.2781157 2666.03 10015
1681070242.3446395 2666.03 10015
1681070242.3461087 2666.03 10015
1681070242.3475242 2666.03 10015
1681070242.3490443 2666.03 10015
1681070242.3504536 2666.03 10015
1681070242.3518655 2666.03 10015
1681070242.3532748 2666.03 10015
1681070242.3546593 2666.03 10015
1681070242.3560596 2666.03 10015
1681070242.3580706 2666.03 10015
1681070242.3596454 2666.03 10015
1681070242.3611488 2666.03 10015
1681070242.4279554 2666.03 10015
1681070242.429631 2666.03 10015
1681070242.431097 2666.03 10015
1681070242.4325423 2666.03 10015
1681070242.433968 2666.03 10015
1681070242.4353602 2666.03 10015
1681070242.437082 2666.03 10015
1681070242.4392967 2666.03 10015
1681070242.441553 2666.03 10015
1681070242.4434288 2666.03 10015
1681070242.4454386 2666.03 10015
1681070242.4472253 2666.03 10015
1681070242.4492729 2666.03 10015
