1681768121.8822362 46.86710739135742 0.013925217092037201 -0.014307952485978603 -1.0085196495056152
1681768121.894219 46.875205993652344 0.013931081630289555 -0.013921947218477726 -1.0095016956329346
1681768121.9101965 46.87921142578125 0.013735823333263397 -0.013884450308978558 -1.008626937866211
1681768121.923263 46.8883171081543 0.015244191512465477 -0.013617589138448238 -1.0087529420852661
1681768121.9352877 46.900150299072266 0.015444275923073292 -0.014841482974588871 -1.011131763458252
1681768121.9481997 46.90816116333008 0.013732546009123325 -0.014732194133102894 -1.0076143741607666
1681768121.962255 46.92008590698242 0.06215362995862961 -0.01057844515889883 -0.9989226460456848
1681768121.9622917 46.92399978637695 0.08916500955820084 -0.0023228854406625032 -1.0142172574996948
1681768121.9771953 46.92891311645508 0.11437031626701355 0.0006829376216046512 -1.0258424282073975
1681768121.9901562 46.93492126464844 0.15069405734539032 0.007253427989780903 -1.0650192499160767
1681768122.0031893 46.989173889160156 0.265993595123291 0.028198491781949997 -1.0368093252182007
1681768122.0162182 47.001007080078125 0.2745091915130615 0.02849665842950344 -1.0536456108093262
1681768122.01626 47.00501251220703 0.28551366925239563 0.03128999099135399 -1.0747047662734985
1681768122.0291882 47.01393508911133 0.285005658864975 0.02724308893084526 -1.0757646560668945
1681768122.0421627 47.023765563964844 0.2727148234844208 0.018721921369433403 -1.063798189163208
1681768122.0702353 47.039695739746094 0.24015648663043976 0.017202986404299736 -1.0276331901550293
1681768122.0831158 47.04761505126953 0.22950534522533417 0.01599627360701561 -1.0186175107955933
1681768122.0971463 47.060359954833984 0.23484426736831665 0.006242289207875729 -1.0174638032913208
1681768122.0971735 47.064273834228516 0.23071396350860596 0.002207617973908782 -1.0129010677337646
1681768122.1101778 47.074195861816406 0.22495655715465546 -0.008384731598198414 -1.0040864944458008
1681768122.1412194 47.126808166503906 0.24423691630363464 -0.06514617055654526 -0.9310249090194702
1681768122.1662006 47.14155578613281 0.2539893686771393 -0.062164030969142914 -0.9255797266960144
1681768122.1812284 47.15338897705078 0.27149397134780884 -0.059657879173755646 -0.9307646155357361
1681768122.1812553 47.15921401977539 0.283084899187088 -0.05084723234176636 -0.9394193887710571
1681768122.1952295 47.16731643676758 0.2996872663497925 -0.04099944606423378 -0.9460127353668213
1681768122.2071893 47.17814636230469 0.29572629928588867 -0.04582683742046356 -0.9438516497612
1681768122.222279 47.182064056396484 0.29390498995780945 -0.04452841356396675 -0.9431018233299255
1681768122.2363293 47.19189453125 0.30313146114349365 -0.03870468959212303 -0.9400629997253418
1681768122.2493775 47.238590240478516 0.3002234697341919 -0.006812443025410175 -0.9652763605117798
1681768122.2633388 47.248512268066406 0.2953047752380371 0.005066405050456524 -0.9674243927001953
1681768122.2633996 47.25352096557617 0.28845900297164917 0.0060689509846270084 -0.9694957733154297
1681768122.2763565 47.26344299316406 0.2760534882545471 0.008223764598369598 -0.9695730209350586
1681768122.2905052 47.2713623046875 0.2621516287326813 0.013730723410844803 -0.9759252071380615
1681768122.302424 47.28128433227539 0.25596436858177185 0.022014571353793144 -0.9880611896514893
1681768122.3173618 47.28528594970703 0.253288596868515 0.023005573078989983 -0.9901586771011353
1681768122.3303337 47.29420852661133 0.24901752173900604 0.020579665899276733 -0.9934098124504089
1681768122.3433135 47.30613327026367 0.24731062352657318 0.026640884578227997 -0.9961360096931458
1681768122.3613105 47.31405258178711 0.24533557891845703 0.03145361691713333 -1.0038188695907593
1681768122.3614094 47.32006072998047 0.24024340510368347 0.02616208605468273 -1.0067157745361328
1681768122.3753145 47.364662170410156 0.2391459345817566 0.016302596777677536 -1.040737509727478
1681768122.3883052 47.37258529663086 0.24010343849658966 0.011050740256905556 -1.0390342473983765
1681768122.403399 47.383506774902344 0.2418595403432846 0.015254002064466476 -1.035754919052124
1681768122.4163158 47.387420654296875 0.24040690064430237 0.01707010343670845 -1.0341455936431885
1681768122.4293573 47.39543151855469 0.2347462922334671 0.013916492462158203 -1.0287097692489624
1681768122.4443033 47.40544509887695 0.2284517139196396 0.006349568720906973 -1.0290197134017944
1681768122.4443927 47.409358978271484 0.22498030960559845 0.0025894269347190857 -1.0305507183074951
1681768122.4582512 47.45214080810547 0.20044298470020294 0.0022865247447043657 -1.006609559059143
1681768122.4713757 47.46306610107422 0.18426817655563354 0.010185837745666504 -0.9955267906188965
1681768122.4854007 47.47298812866211 0.17946995794773102 0.012407977133989334 -1.0014572143554688
1681768122.4983306 47.48291015625 0.16893333196640015 0.0006308871670626104 -1.0017166137695312
1681768122.5262916 47.49783706665039 0.16189108788967133 0.009544474072754383 -1.0174332857131958
1681768122.5393543 47.50775909423828 0.14971047639846802 0.017991362139582634 -1.0205458402633667
1681768122.539456 47.51376724243164 0.1401129961013794 0.015997735783457756 -1.0255411863327026
1681768122.551323 47.52368927001953 0.12606088817119598 0.004923281259834766 -1.0120317935943604
1681768122.5643249 47.53361129760742 0.12393346428871155 0.005079071503132582 -1.0167670249938965
1681768122.577328 47.53861999511719 0.12337063252925873 0.004809851758182049 -1.020555019378662
1681768122.590278 47.54671859741211 0.12488032877445221 0.010442685335874557 -1.0333460569381714
1681768122.6043594 47.59196090698242 0.10916315019130707 0.0028486549854278564 -0.9846932888031006
1681768122.6173134 47.60197448730469 0.11008615046739578 -0.009139351546764374 -0.9876571297645569
1681768122.630333 47.613807678222656 0.11620627343654633 -0.006828857585787773 -0.9922034740447998
1681768122.6303926 47.61872100830078 0.1199573203921318 -0.0040401434525847435 -0.9872059226036072
1681768122.644319 47.630645751953125 0.12767702341079712 -0.0066067217849195 -0.998806893825531
1681768122.6572518 47.63856506347656 0.11117527633905411 -0.011785686016082764 -0.9759289622306824
1681768122.6713324 47.64257049560547 0.10589078813791275 -0.01383611187338829 -0.96434485912323
1681768122.6843338 47.65440368652344 0.0988868772983551 -0.024848714470863342 -0.9645043611526489
1681768122.6973252 47.66523742675781 0.0966893807053566 -0.02257159911096096 -0.9813399314880371
1681768122.7102757 47.676979064941406 0.09769625961780548 -0.024766262620687485 -0.9934099912643433
1681768122.7242498 47.688812255859375 0.09267314523458481 -0.033739153295755386 -1.0090590715408325
1681768122.738391 47.69281768798828 0.09105115383863449 -0.03349331393837929 -1.0085539817810059
1681768122.751387 47.703834533691406 0.07889358699321747 -0.036660086363554 -1.0009660720825195
1681768122.7642984 47.74834442138672 0.07066068798303604 -0.01468051876872778 -1.0082457065582275
1681768122.7792764 47.75826644897461 0.06536617130041122 -0.019328944385051727 -1.0001535415649414
1681768122.77936 47.762271881103516 0.06619694083929062 -0.02249247021973133 -1.0021449327468872
1681768122.7923265 47.774105072021484 0.06565411388874054 -0.008537400513887405 -0.9962316751480103
1681768122.8063657 47.78493881225586 0.0719345360994339 0.010488410480320454 -0.9848799705505371
1681768122.833338 47.800777435302734 0.07350784540176392 -0.012539999559521675 -1.0070821046829224
1681768122.8473263 47.810699462890625 0.0740155577659607 -0.00948311761021614 -0.9920384287834167
1681768122.8604155 47.821624755859375 0.08028177917003632 0.0007376808789558709 -0.9998764991760254
1681768122.860537 47.825538635253906 0.07882236689329147 -1.1052819900214672e-05 -0.9926319718360901
1681768122.8733037 47.837371826171875 0.07549013942480087 0.00433272123336792 -0.9696746468544006
1681768122.9203024 47.89799499511719 0.09625474363565445 0.010569176636636257 -1.0261485576629639
1681768122.9343536 47.906917572021484 0.0848015770316124 0.00906919315457344 -1.0241109132766724
1681768122.946285 47.916839599609375 0.08088849484920502 0.01376506220549345 -1.0277986526489258
1681768122.9603522 47.92485046386719 0.08324777334928513 0.021366901695728302 -1.0298659801483154
1681768122.960481 47.92876434326172 0.08277949690818787 0.030204059556126595 -1.0386391878128052
1681768122.9743233 47.93868637084961 0.06980490684509277 0.032606735825538635 -1.0427112579345703
1681768123.001409 47.95161056518555 0.06435087323188782 0.022482063621282578 -1.0475232601165771
1681768123.015272 48.00040054321289 0.0415726937353611 -0.009459195658564568 -1.0434015989303589
1681768123.0293667 48.0084114074707 0.046811506152153015 -0.01337952446192503 -1.055260419845581
1681768123.0422847 48.022247314453125 0.04556281119585037 -0.011840579099953175 -1.043569803237915
1681768123.0552952 48.03517532348633 0.03529104217886925 -0.0061229681596159935 -1.0169025659561157
1681768123.0684032 48.043094635009766 0.036162424832582474 -0.002732305321842432 -1.0155298709869385
1681768123.0833302 48.04710006713867 0.0362451933324337 -0.011011475697159767 -1.017000436782837
1681768123.096316 48.05711364746094 0.03597529977560043 -0.009900596924126148 -1.0090875625610352
1681768123.1083617 48.0996208190918 0.03559308126568794 -0.029413210228085518 -0.9633995890617371
1681768123.1232646 48.108543395996094 0.058779794722795486 -0.034230876713991165 -0.9895540475845337
1681768123.1233382 48.11445999145508 0.06356047093868256 -0.03125227987766266 -0.991655707359314
1681768123.136257 48.124290466308594 0.06083788722753525 -0.025840869173407555 -0.9914654493331909
1681768123.148309 48.13621520996094 0.05017029494047165 -0.02974252961575985 -0.9721426963806152
1681768123.1631722 48.14713668823242 0.04655047878623009 -0.040839143097400665 -0.9783610701560974
1681768123.1771233 48.15114212036133 0.043855320662260056 -0.04095068573951721 -0.9697049260139465
1681768123.1891863 48.16297912597656 0.055320773273706436 -0.020235160365700722 -0.9732504487037659
1681768123.2022626 48.17098617553711 0.05301403999328613 -0.025318896397948265 -0.9813581705093384
1681768123.202303 48.176902770996094 0.04843821004033089 -0.016256321221590042 -0.9816743731498718
1681768123.215355 48.187828063964844 0.046972304582595825 -0.0018252916634082794 -0.9687678217887878
1681768123.2283585 48.2203254699707 0.037784840911626816 0.006686854641884565 -0.9950814843177795
1681768123.241392 48.22933578491211 0.029686259105801582 0.012045739218592644 -1.0037143230438232
1681768123.2553346 48.239166259765625 0.026267187669873238 0.012501209042966366 -1.0171836614608765
1681768123.2554357 48.24508285522461 0.02550291270017624 0.010760268196463585 -1.0212922096252441
1681768123.2823215 48.25309371948242 0.025303928181529045 0.014834762550890446 -1.0213078260421753
1681768123.2963626 48.26301574707031 0.02666320465505123 0.013134435750544071 -1.0282517671585083
1681768123.2964246 48.2679328918457 0.024279164150357246 0.01125780213624239 -1.034722924232483
1681768123.3083265 48.27976608276367 0.02352381870150566 0.018562408164143562 -1.0284343957901
1681768123.3223727 48.291690826416016 0.033830560743808746 0.00499503780156374 -1.0494933128356934
1681768123.3364966 48.301612854003906 0.03415133059024811 0.0033030780032277107 -1.037618637084961
1681768123.3503432 48.30561828613281 0.037616148591041565 0.005631214939057827 -1.0401408672332764
1681768123.363347 48.31854248046875 0.031770773231983185 0.0034363719169050455 -1.040111780166626
1681768123.3763282 48.36323928833008 0.026747766882181168 -0.019835615530610085 -1.037405252456665
1681768123.390424 48.371337890625 0.01669207029044628 -0.015211252495646477 -1.0283687114715576
1681768123.4033494 48.38117218017578 0.013643860816955566 -0.015059318393468857 -1.0315709114074707
1681768123.4034436 48.38517761230469 0.009683781303465366 -0.011442406103014946 -1.0341321229934692
1681768123.4163156 48.39409637451172 0.009544958360493183 -0.016355210915207863 -1.0463680028915405
1681768123.4443088 48.408023834228516 -0.0006948348600417376 -0.019336514174938202 -1.052678108215332
1681768123.4573457 48.41994857788086 -0.016275905072689056 -0.014803399331867695 -1.0415680408477783
1681768123.4712112 48.430870056152344 -0.006123148836195469 -0.0337485708296299 -1.0481162071228027
1681768123.4843197 48.4407958984375 -0.0005867190193384886 -0.03260882571339607 -1.0339457988739014
1681768123.484363 48.446712493896484 0.00988772138953209 -0.031743373721838 -1.0450125932693481
1681768123.5131493 48.502967834472656 0.03129011392593384 -0.03235357999801636 -0.9589785933494568
1681768123.5292804 48.50688171386719 0.03156512230634689 -0.03648668900132179 -0.9521225690841675
1681768123.542225 48.515708923339844 0.03798644244670868 -0.031915564090013504 -0.9655575156211853
1681768123.5542154 48.52763366699219 0.04310297593474388 -0.03373270854353905 -0.9718144536018372
1681768123.568302 48.535552978515625 0.0409303642809391 -0.02527586743235588 -0.9777076244354248
1681768123.5683606 48.54146957397461 0.03580905869603157 -0.025732779875397682 -0.9759437441825867
1681768123.582344 48.55239486694336 0.012182237580418587 -0.0259262602776289 -0.9795843362808228
1681768123.6092057 48.56231689453125 0.012177152559161186 -0.006615673191845417 -0.9887935519218445
1681768123.6092546 48.568233489990234 0.015591142699122429 -0.0019303879234939814 -0.9974175691604614
1681768123.6232018 48.61101531982422 0.0004906048998236656 0.008239742368459702 -0.9915193915367126
1681768123.62326 48.61702346801758 0.013905390165746212 0.003597860923036933 -1.0099756717681885
1681768123.635325 48.62885665893555 0.01658892072737217 0.0004289558855816722 -0.9996887445449829
1681768123.648219 48.637779235839844 0.015894662588834763 -0.015154879540205002 -1.0204099416732788
1681768123.6622348 48.64760971069336 0.008516105823218822 -0.016878820955753326 -1.0074596405029297
1681768123.675213 48.657623291015625 0.010827881284058094 0.005707569420337677 -1.0069403648376465
1681768123.689194 48.66162872314453 0.011513295583426952 0.003986987750977278 -1.008571982383728
1681768123.7031949 48.66954803466797 0.011316031217575073 -0.006614046636968851 -1.0330864191055298
1681768123.716262 48.68046951293945 0.007742736488580704 -0.02761821448802948 -1.0377923250198364
1681768123.7162962 48.68638610839844 0.008984651416540146 -0.021005520597100258 -1.043673038482666
1681768123.7292807 48.69831085205078 0.00309053179807961 -0.006626465357840061 -1.039496898651123
1681768123.7582452 48.71014404296875 0.009301215410232544 -0.010203022509813309 -1.0410540103912354
1681768123.7582998 48.715152740478516 0.011555667035281658 -0.014611592516303062 -1.0422918796539307
1681768123.773574 48.76557922363281 0.03812900930643082 -0.03122975490987301 -1.0078362226486206
1681768123.7862287 48.77349853515625 0.04285505414009094 -0.02655663713812828 -1.0063667297363281
1681768123.7982044 48.783424377441406 0.04393671080470085 -0.020499637350440025 -0.993992805480957
1681768123.8132563 48.79334259033203 0.05530023202300072 -0.012800227850675583 -1.000078797340393
1681768123.8132882 48.800262451171875 0.04853254556655884 -0.018006617203354836 -0.9925291538238525
1681768123.839273 48.81218719482422 0.0473947636783123 -0.014205927960574627 -0.980546236038208
1681768123.8543184 48.82210922241211 0.04191843420267105 -0.023835740983486176 -0.978794276714325
1681768123.8544176 48.82811737060547 0.042167890816926956 -0.0181205403059721 -0.9653709530830383
1681768123.8673482 48.83694839477539 0.04451237618923187 0.005619090050458908 -0.9615657925605774
1681768123.879273 48.84687042236328 0.034811828285455704 0.0018414582591503859 -0.9791845679283142
1681768123.8922305 48.858795166015625 0.029337888583540916 -0.014094499871134758 -0.9910316467285156
1681768123.904361 48.86280059814453 0.02586795948445797 -0.016485199332237244 -1.0016953945159912
1681768123.9152906 48.872718811035156 0.02836831659078598 -0.007289892993867397 -1.0152016878128052
1681768123.928297 48.91413879394531 0.01757846772670746 -0.01382594183087349 -1.0313295125961304
1681768123.9424758 48.926883697509766 0.02218789793550968 -0.00010075315367430449 -1.0203688144683838
1681768123.9543295 48.94272232055664 0.03193879500031471 -0.004404879175126553 -1.0063822269439697
1681768123.9662423 48.95264434814453 0.03517797216773033 -0.009576522745192051 -0.9933081865310669
1681768123.994302 48.969573974609375 0.0494852215051651 0.009423465467989445 -0.9672769904136658
1681768124.007352 48.981407165527344 0.056757766753435135 0.012767961248755455 -0.975772500038147
1681768124.0203135 48.99333190917969 0.043822839856147766 0.0030082084704190493 -0.9701008200645447
1681768124.0354505 49.00425720214844 0.051206596195697784 0.0039531392976641655 -0.9851373434066772
1681768124.0355375 49.01017379760742 0.04555968567728996 0.011943040415644646 -0.9784945249557495
1681768124.0486686 49.01408767700195 0.04484144598245621 0.018588948994874954 -0.9860886931419373
1681768124.0613077 49.01809310913086 0.04082728177309036 0.023842057213187218 -0.9913371205329895
1681768124.0762784 49.028106689453125 0.02323490008711815 0.008202241733670235 -0.9947518706321716
1681768124.0763395 49.06669998168945 0.01741127111017704 -0.014865465462207794 -1.0517570972442627
1681768124.0883873 49.076622009277344 -0.004174059256911278 -0.02846580557525158 -1.0261034965515137
1681768124.101412 49.08745574951172 0.008764825761318207 -0.030810633674263954 -1.0343884229660034
1681768124.1152813 49.097286224365234 0.006793716922402382 -0.014148582704365253 -1.0228691101074219
1681768124.1564553 49.12596130371094 0.011000837199389935 -0.017103735357522964 -1.0196747779846191
1681768124.156568 49.13187789916992 0.025501074269413948 -0.009666933678090572 -1.036397933959961
1681768124.1684852 49.143802642822266 0.018363088369369507 0.012255133129656315 -1.0221779346466064
1681768124.1823523 49.155635833740234 0.018997685983777046 0.012751446105539799 -1.0461370944976807
1681768124.1952705 49.16464614868164 0.004051799885928631 -9.444425813853741e-05 -1.0428880453109741
1681768124.2093675 49.16856002807617 0.010291199199855328 -0.0023233462125062943 -1.0486905574798584
1681768124.2233212 49.17848205566406 0.01697692461311817 0.005031469278037548 -1.0539803504943848
1681768124.237362 49.225181579589844 0.017918940633535385 -0.00042768626008182764 -1.0270185470581055
1681768124.2523432 49.23501205444336 0.019696291536092758 -0.011321352794766426 -0.9998998045921326
1681768124.265407 49.25175857543945 0.023087043315172195 -0.002875529695302248 -0.9780300855636597
1681768124.2783494 49.261680603027344 0.03583216667175293 -0.0024613388814032078 -0.964705765247345
1681768124.293361 49.2676887512207 0.038650717586278915 -0.004776619840413332 -0.9667518734931946
1681768124.30638 49.27560806274414 0.04081207513809204 -0.012318207882344723 -0.9626747369766235
1681768124.3193321 49.28653335571289 0.037579260766506195 -0.0005395845510065556 -0.9622389674186707
1681768124.332341 49.296363830566406 0.025931527838110924 0.0008987379260361195 -0.9755530953407288
1681768124.346476 49.30437469482422 0.017500149086117744 -0.012564025819301605 -0.9730048179626465
1681768124.3466032 49.3102912902832 0.019930582493543625 -0.009726515039801598 -0.9942721724510193
1681768124.3724802 49.320213317871094 0.005840109195560217 -0.028747642412781715 -1.0042744874954224
1681768124.3863664 49.3736457824707 -0.0050104837864637375 -0.051294729113578796 -1.0505070686340332
1681768124.4003549 49.383567810058594 -0.01213463768362999 -0.049147456884384155 -1.0315337181091309
1681768124.400448 49.38948440551758 -0.008702821098268032 -0.05609053373336792 -1.0159718990325928
1681768124.412362 49.399314880371094 0.009661623276770115 -0.04878777265548706 -1.025669813156128
1681768124.4254286 49.410057067871094 0.013483397662639618 -0.04058661311864853 -0.9991478323936462
1681768124.4533343 49.42780685424805 0.023975178599357605 -0.031377628445625305 -0.9727808833122253
1681768124.466386 49.439640045166016 0.03993584215641022 -0.021997394040226936 -0.9635146260261536
1681768124.4803572 49.45047378540039 0.05119866132736206 -0.010386749170720577 -0.9478122591972351
1681768124.4932904 49.46831512451172 0.04296363890171051 -0.00950192753225565 -0.940370500087738
1681768124.5223331 49.478145599365234 0.04328741505742073 -0.017119063064455986 -0.956341028213501
1681768124.5224233 49.482242584228516 0.047459911555051804 -0.025290286168456078 -0.9714765548706055
1681768124.5343237 49.495079040527344 0.03702471777796745 -0.026835644617676735 -0.9863744974136353
1681768124.547334 49.50490951538086 0.028338052332401276 -0.023142533376812935 -1.0090417861938477
1681768124.5603657 49.514923095703125 0.014218688011169434 -0.03112650290131569 -1.0152184963226318
1681768124.5743322 49.52083969116211 0.006322152446955442 -0.032572247087955475 -1.020585536956787
1681768124.58842 49.57636642456055 -0.0004502609372138977 -0.002313317032530904 -1.0316368341445923
1681768124.6016386 49.58628845214844 0.010375112295150757 -0.002637550700455904 -1.0298389196395874
1681768124.6155095 49.59821319580078 0.021168427541851997 -0.007385880220681429 -1.0323009490966797
1681768124.630396 49.60704040527344 -0.0021837332751601934 -0.00312316813506186 -1.0292245149612427
1681768124.6305175 49.61295700073242 0.0002930202754214406 -0.008022005669772625 -1.0292936563491821
1681768124.6564345 49.624794006347656 0.005015983246266842 -0.020499927923083305 -1.0353038311004639
1681768124.6713529 49.634803771972656 0.015967706218361855 -0.02258039265871048 -1.0463896989822388
1681768124.6714392 49.64072036743164 0.011925836093723774 -0.024353178218007088 -1.0529793500900269
1681768124.684622 49.65164566040039 -0.0057128919288516045 -0.02933841198682785 -1.0608272552490234
1681768124.696314 49.661476135253906 -0.007780356798321009 -0.053874582052230835 -1.0755318403244019
1681768124.710338 49.6713981628418 -0.007175575941801071 -0.051429666578769684 -1.0552705526351929
1681768124.7244174 49.67531204223633 0.0004481133073568344 -0.04062243551015854 -1.0526409149169922
1681768124.752351 49.73265838623047 0.05219224840402603 0.004735336173325777 -0.9717588424682617
1681768124.7524362 49.73857879638672 0.04824507236480713 0.01664901152253151 -0.9558414220809937
1681768124.7652738 49.746498107910156 0.054231226444244385 0.009984283708035946 -0.9558699727058411
1681768124.7772164 49.75641632080078 0.0652584359049797 0.019860699772834778 -0.9497135281562805
1681768124.7922432 49.76634216308594 0.07400959730148315 0.04136006534099579 -0.9412090182304382
1681768124.7922904 49.77125549316406 0.0731005072593689 0.03811510279774666 -0.9498006105422974
1681768124.8183546 49.78117752075195 0.06203702837228775 0.044914741069078445 -0.9570191502571106
1681768124.8332787 49.79319381713867 0.057063061743974686 0.032499346882104874 -0.9767290353775024
1681768124.8333137 49.799110412597656 0.04826704040169716 0.0368792787194252 -0.9739913940429688
1681768124.84621 49.807029724121094 0.052411772310733795 0.03957778587937355 -0.9871544241905212
1681768124.8582134 49.817955017089844 0.03558818995952606 0.01848847046494484 -1.0029295682907104
1681768124.9012659 49.878395080566406 0.03844242915511131 0.003302918514236808 -1.041591763496399
1681768124.9161656 49.8883171081543 0.029052414000034332 0.0055545917712152 -1.0073109865188599
1681768124.9162025 49.89323425292969 0.03266271948814392 -0.00046349246986210346 -1.0031936168670654
1681768124.9292438 49.9030647277832 0.039420999586582184 -0.014829778112471104 -1.026181936264038
1681768124.941237 49.91498947143555 0.04414084181189537 -0.02170557528734207 -1.0172157287597656
1681768124.9692516 49.93164825439453 0.05331169813871384 -0.028920477256178856 -1.0183230638504028
1681768124.981274 49.9434814453125 0.0716748982667923 -0.03666052967309952 -1.0215359926223755
1681768124.9972467 49.98598861694336 0.06700027734041214 -0.03642645478248596 -1.005881428718567
1681768125.0122898 49.99391174316406 0.05396321788430214 -0.03686996176838875 -0.9926897287368774
1681768125.0123243 49.999916076660156 0.06356654316186905 -0.027943460270762444 -1.0036028623580933
1681768125.0251725 50.007835388183594 0.06573338061571121 -0.021381599828600883 -1.0145937204360962
1681768125.0392642 50.01866912841797 0.05389590933918953 -0.0243159681558609 -1.0086742639541626
1681768125.0522327 50.02859115600586 0.05816762149333954 -0.014961335808038712 -1.0043684244155884
1681768125.0661936 50.032596588134766 0.04623551294207573 -0.011900953948497772 -0.9938976168632507
1681768125.0802686 50.04261016845703 0.053372688591480255 -0.0071958256885409355 -1.0001721382141113
1681768125.0932152 50.05052947998047 0.045850493013858795 -0.009024743922054768 -0.9980958700180054
1681768125.0932477 50.055442810058594 0.04321857914328575 -0.007985145784914494 -0.9892253875732422
1681768125.1062565 50.06736755371094 0.05375341325998306 0.0025329350028187037 -0.9973793625831604
1681768125.1233149 50.075286865234375 0.04123176261782646 -0.0028298443648964167 -0.9886490702629089
1681768125.1383624 50.12590026855469 0.03225816786289215 -0.013178691267967224 -1.039987325668335
1681768125.1533875 50.12981414794922 0.030597126111388206 -0.022385237738490105 -1.038853406906128
1681768125.166416 50.138824462890625 0.024597924202680588 -0.017528735101222992 -1.0100903511047363
1681768125.178321 50.150657653808594 0.045150332152843475 -0.019634373486042023 -1.014703631401062
1681768125.1933382 50.1585807800293 0.03342185169458389 -0.019878847524523735 -0.9946456551551819
1681768125.1934628 50.16449737548828 0.034435395151376724 -0.013990344479680061 -1.0098320245742798
1681768125.2063773 50.175418853759766 0.03823625668883324 -0.029260504990816116 -1.0077934265136719
1681768125.2203088 50.18133544921875 0.03973865509033203 -0.03398234024643898 -1.0165448188781738
1681768125.2334208 50.19125747680664 0.04268001392483711 -0.04068823903799057 -1.0162262916564941
1681768125.247369 50.235679626464844 0.022511718794703484 -0.05855431780219078 -1.002175211906433
1681768125.259369 50.24742126464844 0.015786705538630486 -0.04321279376745224 -1.0024298429489136
1681768125.2723398 50.256343841552734 0.01891656219959259 -0.04515989497303963 -1.0021101236343384
1681768125.2873259 50.266082763671875 0.03374328836798668 -0.03205966204404831 -1.0104587078094482
1681768125.2994084 50.28001022338867 0.02695438079535961 -0.026201697066426277 -1.0032261610031128
1681768125.327353 50.28993225097656 0.03251606598496437 -0.020705144852399826 -1.0092921257019043
1681768125.3274233 50.29393768310547 0.03382809832692146 -0.010355846956372261 -1.0017670392990112
1681768125.3403223 50.304771423339844 0.03927583247423172 0.003240266116335988 -0.9879056215286255
1681768125.353326 50.31468963623047 0.04655337333679199 0.00409854669123888 -1.0151375532150269
1681768125.3682795 50.35747528076172 0.020654764026403427 0.01366884633898735 -1.0464600324630737
1681768125.3843625 50.367488861083984 0.0015853757504373789 0.015341365709900856 -1.0427029132843018
1681768125.3844178 50.37340545654297 0.010086650028824806 0.014344383962452412 -1.0498180389404297
1681768125.3972573 50.382232666015625 0.013533850200474262 0.017920462414622307 -1.0335674285888672
1681768125.4252236 50.39224624633789 0.028520621359348297 0.015471822582185268 -1.035321593284607
1681768125.4252613 50.39616012573242 0.026389896869659424 0.010720388032495975 -1.0382392406463623
1681768125.4382734 50.40617370605469 0.01395943108946085 0.004092659335583448 -1.0216718912124634
1681768125.4517112 50.414093017578125 0.02845931425690651 0.008524708449840546 -1.0286979675292969
1681768125.4642467 50.425018310546875 0.02821384184062481 0.0025460829492658377 -1.0082653760910034
1681768125.464289 50.428932189941406 0.03593691438436508 0.00024508137721568346 -1.0170005559921265
1681768125.478197 50.434940338134766 0.03825363889336586 -0.0037266919389367104 -1.016980767250061
1681768125.4932983 50.43894577026367 0.02944479137659073 -0.004757655784487724 -1.0051225423812866
1681768125.5062513 50.49119567871094 0.022278930991888046 -0.024698400869965553 -1.0005085468292236
1681768125.5062897 50.49510955810547 0.023000536486506462 -0.03325014188885689 -1.0048820972442627
1681768125.5191965 50.503936767578125 0.012231014668941498 -0.03115171007812023 -0.9860597848892212
1681768125.5322623 50.51586151123047 0.023015126585960388 -0.02502402290701866 -1.0026602745056152
1681768125.5462122 50.52387237548828 0.010639777407050133 -0.02293604612350464 -0.9880090951919556
1681768125.546251 50.529788970947266 0.014622419141232967 -0.016656214371323586 -0.987763524055481
1681768125.5732105 50.5377082824707 0.017022449523210526 -0.011295229196548462 -0.980434000492096
1681768125.5862134 50.54854202270508 0.010430991649627686 -0.007869127206504345 -0.9633266925811768
1681768125.586254 50.55445861816406 0.014136583544313908 -0.0049904752522706985 -0.9679100513458252
1681768125.5993366 50.56438064575195 0.011126435361802578 -0.010687478817999363 -0.9682125449180603
1681768125.6131976 50.57621383666992 0.02683645859360695 0.0030910249333828688 -0.9725310802459717
1681768125.6402857 50.59296417236328 0.031438443809747696 -0.006663859821856022 -0.9840750694274902
1681768125.6542666 50.6414794921875 0.03181503713130951 -0.038671545684337616 -0.976500391960144
1681768125.6672812 50.651493072509766 0.04043659567832947 -0.0404842384159565 -1.0040290355682373
1681768125.6802685 50.664329528808594 0.028864335268735886 -0.04655306786298752 -1.0214680433273315
1681768125.693265 50.674251556396484 0.025935962796211243 -0.05549981817603111 -1.0457743406295776
1681768125.7062714 50.68617630004883 0.00765692675486207 -0.04556160792708397 -1.0363261699676514
1681768125.7212799 50.690181732177734 0.006558961700648069 -0.042214035987854004 -1.0423169136047363
1681768125.734324 50.700103759765625 0.010097219608724117 -0.03297795355319977 -1.0340548753738403
1681768125.7462354 50.710845947265625 0.010183117352426052 -0.026552043855190277 -1.0483983755111694
1681768125.7611942 50.720767974853516 0.007822503335773945 -0.02597353421151638 -1.040921926498413
1681768125.7752173 50.730690002441406 0.008677140809595585 -0.017104843631386757 -1.0348483324050903
1681768125.7752595 50.73660659790039 0.008159829303622246 -0.014626121148467064 -1.028828501701355
1681768125.8022568 50.747528076171875 0.005217516794800758 -0.014268239960074425 -1.027478575706482
1681768125.815322 50.79996109008789 0.01920856349170208 -0.0008169725770130754 -1.0209852457046509
1681768125.830203 50.80988311767578 0.027251604944467545 0.017959516495466232 -1.0295614004135132
1681768125.8302445 50.81589126586914 0.021222593262791634 0.016572419553995132 -1.0313382148742676
1681768125.844243 50.82481002807617 0.020113542675971985 0.021450476720929146 -1.0454233884811401
1681768125.8571703 50.83473205566406 0.010108370333909988 0.005465717054903507 -1.0307934284210205
1681768125.8712149 50.84064865112305 0.01425989717245102 0.014049318619072437 -1.0369495153427124
1681768125.8852472 50.84865951538086 0.007629907224327326 0.013587664812803268 -1.02617347240448
1681768125.8981867 50.8605842590332 0.006401597056537867 0.009816780686378479 -1.026480793952942
1681768125.9112287 50.8695068359375 0.007051583845168352 0.007163441739976406 -1.0334618091583252
1681768125.9112523 50.87342071533203 0.00886461976915598 0.004047634545713663 -1.0420972108840942
1681768125.9242105 50.88334274291992 0.010689602233469486 0.008639086037874222 -1.016992449760437
1681768125.94119 50.93177032470703 0.020759109407663345 -0.002491593360900879 -0.9951322078704834
1681768125.971307 50.94651412963867 0.030955536291003227 -0.005969387479126453 -0.9874992370605469
1681768125.9843075 50.95634460449219 0.02560877427458763 -0.020825529471039772 -0.9781600832939148
1681768125.996195 50.96617889404297 0.014928475953638554 -0.017636612057685852 -0.9818201065063477
1681768126.0102086 50.97610092163086 0.006157425232231617 -0.025187671184539795 -0.9840900897979736
1681768126.0102391 50.982017517089844 0.007924361154437065 -0.02962478995323181 -0.9876634478569031
1681768126.0242002 50.9908447265625 0.008157322183251381 -0.03998711332678795 -0.9917283058166504
1681768126.0512915 51.006683349609375 0.001846220693551004 -0.024928642436861992 -1.0125025510787964
1681768126.0642238 51.053199768066406 -0.015077818185091019 -0.025365358218550682 -1.0411643981933594
1681768126.0761516 51.06293869018555 -0.003937283530831337 -0.016690131276845932 -1.0484559535980225
1681768126.0912132 51.07368087768555 -0.005710860714316368 -0.007783237379044294 -1.037406086921692
1681768126.0912383 51.07959747314453 -0.0001607316080480814 -0.00786763895303011 -1.0394343137741089
1681768126.1042016 51.0914306640625 0.010330978780984879 -0.0020364115480333567 -1.03342604637146
1681768126.1312172 51.103172302246094 0.020896855741739273 0.00048156967386603355 -1.001611590385437
1681768126.1312432 51.10818099975586 0.0242859348654747 -0.0018458823906257749 -0.9970071911811829
1681768126.144246 51.11992263793945 0.02286107838153839 -0.01665266789495945 -0.9927950501441956
1681768126.1571865 51.1318473815918 0.021611683070659637 -0.017035212367773056 -0.995054304599762
1681768126.1712775 51.14176940917969 0.02918233722448349 -0.02347758412361145 -1.0023529529571533
1681768126.1852248 51.145774841308594 0.031627021729946136 -0.03283681347966194 -1.004110336303711
1681768126.1982503 51.1587028503418 0.023833459243178368 -0.037697285413742065 -0.995224118232727
1681768126.2161996 51.203304290771484 0.0304272323846817 -0.028090834617614746 -1.0266437530517578
1681768126.2312355 51.21522903442383 0.012306309305131435 -0.01902633346617222 -1.0112230777740479
1681768126.2442694 51.22515106201172 0.02543962374329567 -0.012027431279420853 -1.0164309740066528
1681768126.2582393 51.235984802246094 0.002557212021201849 -0.005060787312686443 -0.9988559484481812
1681768126.285198 51.2539176940918 -0.005036102142184973 0.018702708184719086 -0.9818938970565796
1681768126.2982666 51.26565933227539 0.007920218631625175 0.03878090903162956 -0.9724557399749756
1681768126.311279 51.2764892578125 -0.0004171754699200392 0.02502712607383728 -0.9668270349502563
1681768126.3252213 51.28823471069336 0.0015970004023984075 0.0170594509691 -0.9585675597190857
1681768126.3252518 51.292240142822266 0.008963566273450851 0.028197472915053368 -0.9544546008110046
1681768126.3532112 51.304073333740234 0.025165293365716934 0.0352734699845314 -0.9632571339607239
1681768126.3661647 51.357688903808594 0.017130427062511444 -0.0001267672050744295 -1.0269266366958618
1681768126.3794234 51.367610931396484 0.005725209601223469 -0.005553250666707754 -1.0152292251586914
1681768126.3924458 51.377532958984375 0.008372862823307514 0.00643933517858386 -1.0280722379684448
1681768126.40634 51.38736343383789 -0.0015946754720062017 -0.01747962087392807 -1.0348598957061768
1681768126.4064333 51.39236831665039 0.0011887949658557773 -0.01852918043732643 -1.0268402099609375
1681768126.4193592 51.398284912109375 0.008808935061097145 -0.02552114985883236 -1.0434986352920532
1681768126.4324112 51.402198791503906 0.00928528793156147 -0.024722669273614883 -1.0416735410690308
1681768126.4463274 51.41203308105469 0.006541449110955 -0.006674789823591709 -1.0174462795257568
1681768126.4464204 51.41803741455078 0.0071635195054113865 -0.012318810448050499 -1.010684847831726
1681768126.459396 51.42787170410156 0.005227707792073488 -0.022883789613842964 -1.0140124559402466
1681768126.471386 51.43870162963867 0.009177453815937042 -0.03229358792304993 -0.9986827373504639
1681768126.498175 51.45635986328125 0.029737230390310287 -0.006670134607702494 -0.9858435392379761
1681768126.5122333 51.50114822387695 0.022574353963136673 -0.015170542523264885 -1.0228776931762695
1681768126.525182 51.50906753540039 0.0032463627867400646 -0.021545574069023132 -1.0102875232696533
1681768126.5252168 51.51407241821289 0.004539265297353268 -0.02477467618882656 -1.013449788093567
1681768126.5382652 51.52399444580078 0.009387820959091187 -0.0057820468209683895 -1.0226194858551025
1681768126.5512836 51.5338249206543 0.005333712324500084 -0.02218327857553959 -1.0483745336532593
1681768126.5642693 51.54183578491211 0.02528429962694645 -0.032674290239810944 -1.0790127515792847
1681768126.592239 51.558677673339844 0.02123609371483326 -0.02962605655193329 -1.0666800737380981
1681768126.6042857 51.57041931152344 0.0037565436214208603 -0.02853427827358246 -1.0400794744491577
1681768126.6192577 51.578338623046875 0.011215755715966225 -0.04623781889677048 -1.0444825887680054
1681768126.619309 51.58425521850586 0.008279149420559406 -0.05579492077231407 -1.0333518981933594
1681768126.6313026 51.595088958740234 0.01844278909265995 -0.04663039371371269 -1.0187933444976807
1681768126.6592543 51.605010986328125 0.017169903963804245 -0.03645828366279602 -1.0062910318374634
1681768126.6592846 51.610836029052734 0.014772645197808743 -0.03388046845793724 -1.0049290657043457
1681768126.671238 51.65534973144531 0.016035934910178185 -0.02995363250374794 -0.9708722233772278
1681768126.6712725 51.6612663269043 0.010460754856467247 -0.0335346981883049 -0.967134416103363
1681768126.683265 51.669185638427734 0.006106421817094088 -0.03345251455903053 -0.9527614116668701
1681768126.6961982 51.68010711669922 0.015964727848768234 -0.021220102906227112 -0.9662068486213684
1681768126.7092967 51.69184875488281 0.020761406049132347 -0.020820260047912598 -0.9772300124168396
1681768126.7233374 51.70177459716797 0.01690908893942833 -0.03193487226963043 -0.9699594974517822
1681768126.7372348 51.70577621459961 0.014493674971163273 -0.031188108026981354 -0.9622858166694641
1681768126.7522662 51.7138786315918 0.029109995812177658 -0.024438003078103065 -0.9751709699630737
1681768126.7523372 51.71879577636719 0.029386937618255615 -0.02312183380126953 -0.9842171669006348
1681768126.7692575 51.72471237182617 0.021432820707559586 -0.022352952510118484 -0.9620932340621948
1681768126.7693114 51.73072052001953 0.029619546607136726 -0.019751638174057007 -0.9827046990394592
1681768126.7822633 51.77341079711914 0.0037830136716365814 -0.024194689467549324 -1.0703144073486328
1681768126.7952955 51.78142166137695 -0.016068652272224426 -0.03492031246423721 -1.0592899322509766
1681768126.8082902 51.79325485229492 -0.0183369442820549 -0.03257506340742111 -1.072511076927185
1681768126.8222623 51.802085876464844 -0.027033526450395584 -0.025674093514680862 -1.0728709697723389
1681768126.8362076 51.8080940246582 -0.02931891195476055 -0.029953893274068832 -1.0876208543777466
1681768126.8483217 51.81792449951172 -0.022571414709091187 -0.03476613387465477 -1.077519178390503
1681768126.86331 51.82966613769531 -0.00800359807908535 -0.005439606495201588 -1.062966227531433
1681768126.8633409 51.833580017089844 -0.003579301293939352 0.004642024636268616 -1.0631450414657593
1681768126.8752882 51.84441375732422 -0.007134260144084692 0.021685028448700905 -1.0367350578308105
1681768126.9032931 51.858341217041016 -0.00015555165009573102 0.013313328847289085 -1.0014002323150635
1681768126.9162352 51.9086799621582 0.024615667760372162 0.003068082733079791 -0.9971610307693481
1681768126.9293208 51.916778564453125 0.020689621567726135 -0.0035372497513890266 -0.9956912994384766
1681768126.942183 51.927520751953125 0.011567812412977219 0.0020657889544963837 -1.0030544996261597
1681768126.956294 51.937442779541016 9.743939153850079e-05 0.00039947242476046085 -0.9996028542518616
1681768126.9563417 51.943359375 -0.003005205886438489 -0.011327192187309265 -1.0071778297424316
1681768126.9692464 51.95328140258789 -0.005335642956197262 -0.017449896782636642 -1.0291681289672852
1681768126.998264 51.964298248291016 -0.009398610331118107 -0.00607927143573761 -1.018295168876648
1681768126.9982955 51.96821212768555 -0.0041977097280323505 -0.005387022625654936 -1.0138051509857178
1681768127.0102785 51.97813415527344 -0.008354740217328072 -5.2585150115191936e-05 -1.0022153854370117
1681768127.0232744 51.990150451660156 -0.005686889868229628 0.00015561189502477646 -1.0022450685501099
1681768127.036237 51.998069763183594 -0.015160324983298779 -0.004126204177737236 -0.9843370318412781
1681768127.0642722 52.01290512084961 -0.008400007151067257 6.049347575753927e-05 -0.9743883609771729
1681768127.0772724 52.06524658203125 0.00010395701974630356 -0.014637583866715431 -0.996483325958252
1681768127.09029 52.076988220214844 0.0038831678684800863 -0.02640458382666111 -0.9951890707015991
1681768127.090322 52.08199691772461 0.010240904986858368 -0.02277456223964691 -1.0064139366149902
1681768127.1032364 52.09383010864258 0.013900215737521648 -0.02081955596804619 -0.9810473918914795
1681768127.1312783 52.10976028442383 0.005838160403072834 -0.03791585937142372 -1.0093183517456055
1681768127.144257 52.119590759277344 0.0019457455491647124 -0.03322539106011391 -0.9973739981651306
1681768127.1583154 52.13042449951172 0.007204216904938221 -0.0293815266340971 -1.0216257572174072
1681768127.171234 52.140342712402344 0.0012232420267537236 -0.03870146721601486 -1.0499980449676514
1681768127.1712728 52.14434814453125 -0.0012316942447796464 -0.042299266904592514 -1.0512020587921143
1681768127.212428 52.16710662841797 -0.013756776228547096 -0.03099202923476696 -1.0582679510116577
1681768127.2125266 52.1710205078125 -0.02086513489484787 -0.03826014697551727 -1.0488874912261963
1681768127.2254019 52.213623046875 -0.009281676262617111 -0.01659008488059044 -1.041985034942627
1681768127.2383816 52.22336196899414 -0.00044539477676153183 -0.005392210558056831 -1.0349712371826172
1681768127.2493744 52.23328399658203 0.0026858942583203316 -0.0007295390823855996 -1.0136995315551758
1681768127.2644398 52.24138641357422 0.022829368710517883 -0.0017555957892909646 -1.0133463144302368
1681768127.2645032 52.24821090698242 0.038271572440862656 0.004107963759452105 -1.0037240982055664
1681768127.305327 52.26605224609375 0.034459616988897324 0.014590761624276638 -0.9815790057182312
1681768127.3053844 52.27197265625 0.02879231981933117 0.006490116007626057 -0.9668492674827576
1681768127.3185782 52.27989196777344 0.029702210798859596 0.008495800197124481 -0.9554444551467896
1681768127.3303332 52.29081344604492 0.030444759875535965 0.006924313493072987 -0.9647666811943054
1681768127.3473873 52.335506439208984 -0.027653414756059647 -0.025800449773669243 -1.0452789068222046
1681768127.3613498 52.3453369140625 -0.03063739463686943 -0.03449077904224396 -1.0256985425949097
1681768127.3614082 52.35125732421875 -0.02525191754102707 -0.019472438842058182 -1.0156521797180176
1681768127.3893502 52.361087799072266 -0.015068462118506432 0.0006699077785015106 -1.0218052864074707
1681768127.4004033 52.3757438659668 -0.005609134677797556 0.004747835453599691 -1.0075253248214722
1681768127.4144123 52.387577056884766 -0.004557974170893431 0.007165617775171995 -0.9732145667076111
1681768127.4277442 52.39558792114258 0.0015198031906038523 0.018062103539705276 -0.962216317653656
1681768127.4403574 52.4036865234375 -0.001938039087690413 0.019079238176345825 -0.9477260112762451
1681768127.4683902 52.42225646972656 0.01491214707493782 0.005132145248353481 -0.9527835249900818
1681768127.483452 52.467041015625 0.014923802576959133 -0.021946677938103676 -0.9718746542930603
1681768127.4835522 52.473052978515625 0.012727797962725163 -0.010985956527292728 -0.9816175699234009
1681768127.4953356 52.48288345336914 -0.005610537715256214 -0.01979403756558895 -1.0004432201385498
1681768127.508416 52.49371337890625 0.00014270198880694807 -0.011363904923200607 -1.0378819704055786
1681768127.5223336 52.505455017089844 -0.0011951117776334286 -0.01688125915825367 -1.0682610273361206
1681768127.549418 52.521385192871094 -0.00967737752944231 -0.0318424217402935 -1.0722533464431763
1681768127.5613594 52.53221893310547 -0.020187310874462128 -0.015504339709877968 -1.0649131536483765
1681768127.5753539 52.54987716674805 -0.019564924761652946 -0.015589302405714989 -1.0489553213119507
1681768127.5893867 52.55788803100586 -0.020078986883163452 -0.026082005351781845 -1.0436208248138428
1681768127.6023827 52.561893463134766 -0.014443321153521538 -0.007997728884220123 -1.0352177619934082
1681768127.6143477 52.572818756103516 0.009558268822729588 -0.005043716635555029 -1.0299320220947266
1681768127.6283937 52.6174201965332 0.04327117279171944 -0.005038253031671047 -0.9676008224487305
1681768127.641346 52.62725067138672 0.040568653494119644 -0.005159288644790649 -0.9606512784957886
1681768127.6523476 52.63908386230469 0.03115232288837433 -0.0035911882296204567 -0.9460559487342834
1681768127.652427 52.643089294433594 0.028582755476236343 -0.0032162689603865147 -0.9486940503120422
1681768127.66541 52.652103424072266 0.018394116312265396 -0.01899024285376072 -0.9611666798591614
1681768127.679387 52.66193389892578 0.0021284951362758875 -0.00863357912749052 -0.9477272033691406
1681768127.6933992 52.66593933105469 -0.0026018694043159485 -0.00868112314492464 -0.9536322951316833
1681768127.7063498 52.6739501953125 -0.023208260536193848 -0.013712786138057709 -0.9495164752006531
1681768127.7203467 52.685874938964844 -0.0533892922103405 -0.0264238603413105 -0.9721674919128418
1681768127.733584 52.69670486450195 -0.06111987307667732 -0.017048925161361694 -1.0090982913970947
1681768127.733676 52.700618743896484 -0.07021038979291916 -0.026828765869140625 -1.0172479152679443
1681768127.746373 52.710540771484375 -0.08892222493886948 -0.008931733667850494 -1.0347702503204346
1681768127.7743416 52.720462799072266 -0.10527592897415161 -0.020807044580578804 -0.9824864268302917
1681768127.7884166 52.775718688964844 -0.027947822585701942 -0.011808887124061584 -0.9949888586997986
1681768127.801402 52.78554916381836 -0.03369537368416786 -0.012431163340806961 -0.9761260151863098
1681768127.814328 52.79547119140625 -0.028312716633081436 -0.019798409193754196 -0.9631341695785522
1681768127.8143888 52.801387786865234 -0.02467379719018936 -0.012507889419794083 -0.9653843641281128
1681768127.8273685 52.80939865112305 -0.010088841430842876 -0.016444019973278046 -0.980303943157196
1681768127.8422854 52.816314697265625 -0.0035405249800533056 -0.011440735310316086 -0.983474850654602
1681768127.855364 52.82023239135742 -0.00547739677131176 -0.012798983603715897 -0.9780942797660828
1681768127.8554623 52.826148986816406 -0.0037042105104774237 -0.013615469448268414 -0.9774041175842285
1681768127.8683848 52.836158752441406 -0.016755562275648117 -0.028917411342263222 -0.9985540509223938
1681768127.8813274 52.84599304199219 -0.045666493475437164 -0.050069842487573624 -0.975769579410553
1681768127.8953393 52.85691452026367 -0.047013621777296066 -0.037754688411951065 -1.0127533674240112
1681768127.9083853 52.86683654785156 -0.04529300332069397 -0.048146992921829224 -1.0387866497039795
1681768127.9223652 52.870750427246094 -0.0427030548453331 -0.041464388370513916 -1.0546061992645264
1681768127.9364636 52.92145538330078 -0.08652117848396301 0.005787401460111141 -1.085167646408081
1681768127.9493923 52.93619918823242 -0.09712929278612137 0.01973806880414486 -1.0986195802688599
1681768127.962404 52.94803237915039 -0.09941969066858292 0.01979789137840271 -1.0771167278289795
1681768127.9764094 52.958045959472656 -0.10438564419746399 0.01798320561647415 -1.0762118101119995
1681768128.0033035 52.974796295166016 -0.09056314826011658 0.02324780263006687 -1.0553526878356934
1681768128.0164356 52.984718322753906 -0.0829106941819191 0.019982850179076195 -1.0494827032089233
1681768128.0303915 52.9946403503418 -0.0737793818116188 0.020642628893256187 -1.038092017173767
1681768128.0304592 52.9986457824707 -0.06914754956960678 0.01252862811088562 -1.0348182916641235
1681768128.0433633 53.01057052612305 -0.06434044986963272 0.005156849045306444 -1.0229613780975342
1681768128.0702899 53.021400451660156 -0.06646498292684555 -0.007250090595334768 -1.0036616325378418
1681768128.0704026 53.027408599853516 -0.0659242644906044 -0.005770283285528421 -1.0013315677642822
1681768128.0863566 53.075927734375 -0.08256258815526962 -0.019975196570158005 -0.97545325756073
1681768128.1003911 53.08584976196289 -0.07387601584196091 -0.008611749857664108 -0.9930025935173035
1681768128.1142838 53.096683502197266 -0.10756697505712509 -0.03887886554002762 -0.9799010753631592
1681768128.1273084 53.112430572509766 -0.10269199311733246 -0.03133793920278549 -0.972820520401001
1681768128.155352 53.12626647949219 -0.07555627822875977 -0.004032976925373077 -0.957241415977478
1681768128.1683714 53.13710021972656 -0.08303232491016388 0.004891570191830397 -0.959362804889679
1681768128.1804044 53.14893341064453 -0.07530885189771652 0.0013571453746408224 -0.9650778770446777
1681768128.1933281 53.15885543823242 -0.06976781040430069 -0.015308642759919167 -0.9628944993019104
1681768128.208328 53.17068862915039 -0.0550040528178215 0.002558469772338867 -0.9578625559806824
1681768128.221316 53.1746940612793 -0.05056329816579819 0.008425295352935791 -0.9623352289199829
1681768128.2352986 53.18743896484375 -0.06634895503520966 -0.009283116087317467 -0.9937131404876709
1681768128.249322 53.233951568603516 -0.0732266828417778 0.0027141335885971785 -1.0284395217895508
1681768128.2622948 53.249698638916016 -0.06768956035375595 -0.020073968917131424 -1.0673788785934448
1681768128.2753193 53.25871276855469 -0.057742901146411896 -0.016525873914361 -1.0554009675979614
1681768128.2883027 53.26863479614258 -0.06681732833385468 -0.005597119685262442 -1.047314167022705
1681768128.3033295 53.27455139160156 -0.07553422451019287 -0.015152336098253727 -1.0389355421066284
1681768128.3163576 53.282562255859375 -0.08147545903921127 -0.027068916708230972 -1.057631492614746
1681768128.3293107 53.294395446777344 -0.0805382952094078 -0.03735684975981712 -1.0303884744644165
1681768128.3423247 53.30522537231445 -0.04533916711807251 -0.020876994356513023 -1.074074625968933
1681768128.3423817 53.31114196777344 -0.042761050164699554 -0.020270399749279022 -1.0543010234832764
1681768128.3834345 53.33298873901367 -0.061720848083496094 -0.001893996144644916 -0.9973134398460388
1681768128.3834982 53.37540817260742 -0.03519584238529205 0.028967546299099922 -0.975548505783081
1681768128.3963246 53.384422302246094 -0.050797443836927414 0.02195437252521515 -0.9848633408546448
1681768128.409273 53.39616394042969 -0.05089087784290314 0.03242157772183418 -0.9758945107460022
1681768128.423341 53.40608596801758 -0.04234037920832634 0.03681676462292671 -1.000606894493103
1681768128.4234173 53.41200256347656 -0.050781913101673126 0.02433387003839016 -1.0054994821548462
1681768128.436325 53.42101287841797 -0.05968908593058586 0.025258012115955353 -0.9922228455543518
1681768128.4512725 53.425018310546875 -0.06304112076759338 0.020278334617614746 -0.9971156120300293
1681768128.4643066 53.428932189941406 -0.06523285061120987 0.015109162777662277 -1.0134882926940918
1681768128.464358 53.43484878540039 -0.08080540597438812 0.020327137783169746 -0.9904752969741821
1681768128.4772747 53.444862365722656 -0.07672270387411118 0.022002100944519043 -0.9888304471969604
1681768128.4903367 53.456695556640625 -0.07233639806509018 0.006713196635246277 -0.988686740398407
1681768128.5033402 53.467529296875 -0.0764889270067215 -0.0024085964541882277 -0.9880973696708679
1681768128.531293 53.48527908325195 -0.07676589488983154 -0.005721625871956348 -0.9506575465202332
1681768128.5443776 53.53379821777344 -0.05119095370173454 -0.02185012213885784 -0.9619556069374084
1681768128.5572765 53.54271697998047 -0.05783453211188316 -0.02952263131737709 -0.9718763828277588
1681768128.5573204 53.54863357543945 -0.05955544486641884 -0.02451212890446186 -0.9703148603439331
1681768128.5713103 53.55846405029297 -0.05477274954319 -0.02152198925614357 -0.9836326241493225
1681768128.5834906 53.568389892578125 -0.05069194361567497 -0.018093740567564964 -1.0122554302215576
1681768128.5973768 53.57630920410156 -0.04836573079228401 -0.017897333949804306 -1.0223114490509033
1681768128.6112914 53.58040237426758 -0.04782484844326973 -0.015233403071761131 -1.0232411623001099
1681768128.6242716 53.593238830566406 -0.056484468281269073 -0.005603767465800047 -1.016403079032898
1681768128.6383016 53.60306930541992 -0.06214291229844093 -0.00458186911419034 -1.0250701904296875
1681768128.6383686 53.608985900878906 -0.06103844195604324 0.0007600747048854828 -1.0267022848129272
1681768128.65126 53.6189079284668 -0.05373071879148483 -0.0014837896451354027 -1.0358012914657593
1681768128.6793869 53.62983322143555 -0.041441552340984344 0.003767067799344659 -1.0522369146347046
1681768128.6794777 53.63374710083008 -0.045036282390356064 0.011165999807417393 -1.042770504951477
1681768128.6932979 53.68071746826172 -0.059623826295137405 -0.0009680642979219556 -1.0673295259475708
1681768128.706296 53.68872833251953 -0.06745554506778717 -0.006346975453197956 -1.0509512424468994
1681768128.7182968 53.698646545410156 -0.07400082051753998 7.849681423977017e-05 -1.02953040599823
1681768128.7322865 53.70948028564453 -0.0647229328751564 -0.010157369077205658 -1.035730004310608
1681768128.7323594 53.715396881103516 -0.0620165690779686 -0.013263190165162086 -1.0491106510162354
1681768128.7473068 53.72522735595703 -0.06297775357961655 -0.015079904347658157 -1.04922354221344
1681768128.7633395 53.72923278808594 -0.05913128703832626 -0.01562679372727871 -1.056566596031189
1681768128.7763567 53.7352409362793 -0.056242626160383224 -0.02211409993469715 -1.060850739479065
1681768128.7764208 53.73915481567383 -0.060238730162382126 -0.02849031798541546 -1.0585142374038696
1681768128.788282 53.75008010864258 -0.07087469846010208 -0.02395632676780224 -1.028915524482727
1681768128.8023002 53.76000213623047 -0.0657753273844719 -0.0310048907995224 -1.0328527688980103
1681768128.8173454 53.80469512939453 -0.07021116465330124 -0.03693243861198425 -1.009152889251709
1681768128.8303068 53.81461715698242 -0.0645352229475975 -0.028992466628551483 -1.0057545900344849
1681768128.8303483 53.82062530517578 -0.06923986971378326 -0.03405735269188881 -1.0011012554168701
1681768128.8433025 53.8294563293457 -0.06722667813301086 -0.034964609891176224 -1.0050077438354492
1681768128.871283 53.839378356933594 -0.06132625415921211 -0.021998411044478416 -1.0033034086227417
1681768128.871347 53.84529495239258 -0.06255444139242172 -0.02370556630194187 -1.0047379732131958
1681768128.8842635 53.855308532714844 -0.06979162245988846 -0.031390536576509476 -0.9978519082069397
1681768128.8983185 53.86513900756836 -0.07593487203121185 -0.030017413198947906 -0.9770829677581787
1681768128.9112875 53.87596893310547 -0.07105648517608643 -0.03554219380021095 -0.9807008504867554
1681768128.9392915 53.89189910888672 -0.05802607908844948 -0.039736557751894 -1.017094373703003
1681768128.952321 53.93668746948242 -0.08611156046390533 -0.03732038289308548 -0.9953491687774658
1681768128.9523976 53.942604064941406 -0.07642875611782074 -0.037127722054719925 -1.013452410697937
1681768128.965376 53.953433990478516 -0.07126906514167786 -0.036401767283678055 -1.0356887578964233
1681768128.9783018 53.965267181396484 -0.07497882097959518 -0.021494338288903236 -1.0439751148223877
1681768128.9922974 53.97318649291992 -0.08185918629169464 -0.018232032656669617 -1.0203064680099487
1681768129.019313 53.990028381347656 -0.08949486911296844 -0.013229282572865486 -1.0137583017349243
1681768129.0323725 54.001861572265625 -0.07821730524301529 0.002307157963514328 -1.0054361820220947
1681768129.0462937 54.01961135864258 -0.05859654024243355 -0.00012466253247112036 -1.0142735242843628
1681768129.0593123 54.027530670166016 -0.05806915462017059 0.007327613420784473 -1.0061235427856445
1681768129.086254 54.0423698425293 -0.06554697453975677 0.003699490800499916 -0.9834334254264832
1681768129.1003792 54.086883544921875 -0.05113929882645607 -0.0035857553593814373 -0.9954603314399719
1681768129.1133626 54.09489059448242 -0.05660920962691307 0.0006772050983272493 -1.0013933181762695
1681768129.1263509 54.106727600097656 -0.06946302205324173 -0.010002028197050095 -0.999065101146698
1681768129.1263967 54.11164093017578 -0.06950688362121582 -0.00970985647290945 -1.0008316040039062
1681768129.1393282 54.12156295776367 -0.06814725697040558 -0.013122580014169216 -1.0098962783813477
1681768129.1532938 54.13139343261719 -0.06835559010505676 -0.01924792118370533 -1.017610788345337
1681768129.1673393 54.135398864746094 -0.06810224801301956 -0.013872668147087097 -1.0159173011779785
1681768129.180316 54.14732360839844 -0.06813119351863861 -0.012808938510715961 -1.0179299116134644
1681768129.1943312 54.156246185302734 -0.06895250082015991 -0.02482784166932106 -1.0185582637786865
1681768129.207314 54.1680793762207 -0.059953510761260986 -0.015639571473002434 -1.020359992980957
1681768129.2203052 54.181915283203125 -0.06776921451091766 -0.017709264531731606 -1.0074607133865356
1681768129.2362523 54.18592071533203 -0.06772097945213318 -0.014699357561767101 -1.00386381149292
1681768129.277324 54.24727249145508 -0.06791386753320694 -0.0013478724285960197 -1.007250189781189
1681768129.2773693 54.25118637084961 -0.07161062210798264 -0.0031799222342669964 -1.0046112537384033
1681768129.2903469 54.261199951171875 -0.06136509031057358 -0.0005436181090772152 -1.0107403993606567
1681768129.3033385 54.27103042602539 -0.06214423477649689 -0.004991907626390457 -1.005244255065918
1681768129.3173301 54.283775329589844 -0.06496978551149368 0.006214800290763378 -1.002715826034546
1681768129.331361 54.28969192504883 -0.06567206233739853 0.005651657935231924 -0.9994211196899414
1681768129.3443274 54.299705505371094 -0.05308203771710396 0.004902769811451435 -0.9996548295021057
1681768129.357324 54.3441276550293 -0.05693359673023224 -0.012952432967722416 -0.9838334321975708
1681768129.357373 54.35004425048828 -0.054224707186222076 -0.010247623547911644 -0.988863468170166
1681768129.3712983 54.360965728759766 -0.06028687581419945 -0.016152022406458855 -0.9873981475830078
1681768129.3843124 54.372798919677734 -0.05833561718463898 -0.023094546049833298 -1.0146663188934326
1681768129.397395 54.382720947265625 -0.05546919256448746 -0.0206422358751297 -1.008095145225525
1681768129.425251 54.39555740356445 -0.060040153563022614 -0.01792452111840248 -1.010576605796814
1681768129.4383035 54.4074821472168 -0.07156912237405777 -0.026945974677801132 -1.0228796005249023
1681768129.45134 54.415401458740234 -0.0718989446759224 -0.028635965660214424 -1.0340633392333984
1681768129.451411 54.421409606933594 -0.0695740357041359 -0.027114924043416977 -1.039639949798584
1681768129.464378 54.43124008178711 -0.0691666230559349 -0.023891186341643333 -1.0400266647338867
1681768129.4923332 54.4461669921875 -0.08666487783193588 -0.02252800390124321 -1.0408412218093872
1681768129.5053742 54.49268341064453 -0.07773106545209885 -0.026332559064030647 -1.0423094034194946
1681768129.519312 54.50260543823242 -0.08294922113418579 -0.023658614605665207 -1.0219306945800781
1681768129.5323997 54.51252746582031 -0.07831327617168427 -0.023686453700065613 -1.0167254209518433
1681768129.5324745 54.5174446105957 -0.07790257781744003 -0.020687246695160866 -1.0120151042938232
1681768129.5453656 54.52727508544922 -0.0756446048617363 -0.012129204347729683 -1.0065510272979736
1681768129.5583708 54.53719711303711 -0.06869103759527206 -0.00972232036292553 -1.0011461973190308
1681768129.5733378 54.543113708496094 -0.06992898881435394 -0.010063501074910164 -0.9922392964363098
1681768129.5863142 54.55312728881836 -0.07299114018678665 -0.005467915441840887 -0.9853870272636414
1681768129.5993855 54.56395721435547 -0.0671364888548851 0.002024218440055847 -0.9774733781814575
1681768129.6113892 54.57579040527344 -0.05961316451430321 0.0009334368514828384 -0.9749755263328552
1681768129.626302 54.58771514892578 -0.05919526889920235 -0.005008609965443611 -0.9811636805534363
1681768129.640265 54.593631744384766 -0.05973949283361435 -0.0027720213402062654 -0.9830669164657593
1681768129.653295 54.60255432128906 -0.06277564913034439 0.005735320039093494 -0.981735110282898
1681768129.6663682 54.65680694580078 -0.060233160853385925 0.013425644487142563 -0.9963479042053223
1681768129.6803963 54.66672897338867 -0.05856228619813919 0.004754509776830673 -0.9936322569847107
1681768129.692289 54.67464828491211 -0.05643978714942932 0.0017241868190467358 -0.988788366317749
1681768129.7063437 54.68539047241211 -0.05175916105508804 0.001613458152860403 -0.9969106316566467
1681768129.7064576 54.691307067871094 -0.05585678294301033 -0.0023473333567380905 -0.9920936822891235
1681768129.7323637 54.70323181152344 -0.05372212082147598 -0.003197925630956888 -0.9896076321601868
1681768129.747343 54.71497344970703 -0.05255885049700737 -0.009016845375299454 -0.9934186339378357
1681768129.7473884 54.71997833251953 -0.05030537024140358 -0.008231435902416706 -0.9945501685142517
1681768129.7623599 54.73172378540039 -0.04727404937148094 -0.003979488275945187 -0.9958528280258179
1681768129.8022752 54.76039505004883 -0.04911138862371445 -0.00788559764623642 -1.0045082569122314
1681768129.8203087 54.80873107910156 -0.04248631000518799 -0.020114991813898087 -1.0058174133300781
1681768129.8334167 54.81865310668945 -0.03599729761481285 -0.024700406938791275 -1.0045650005340576
1681768129.8483672 54.8305778503418 -0.03325095400214195 -0.024257492274045944 -1.009890079498291
1681768129.8484411 54.83649444580078 -0.036611005663871765 -0.022541088983416557 -1.0136091709136963
1681768129.8893204 54.85533905029297 -0.03671654686331749 -0.02364920824766159 -1.009564995765686
1681768129.889397 54.8592529296875 -0.03741691634058952 -0.02184930630028248 -1.0056113004684448
1681768129.902311 54.86917495727539 -0.03714950010180473 -0.014089114032685757 -1.0009878873825073
1681768129.9153051 54.87909698486328 -0.040179185569286346 -0.013815159909427166 -1.0062724351882935
1681768129.9293451 54.890018463134766 -0.0416540652513504 -0.01771753840148449 -1.009729027748108
1681768129.9572804 54.90385437011719 -0.039814140647649765 -0.010880699381232262 -1.0055314302444458
1681768129.9693332 54.958290100097656 -0.033348966389894485 -0.0011177250416949391 -1.0032576322555542
1681768129.9823573 54.96721267700195 -0.03350250795483589 -0.00011149961210321635 -1.0041857957839966
1681768129.9963303 54.97704315185547 -0.034670617431402206 0.0017267849761992693 -1.003351092338562
1681768129.9963713 54.981048583984375 -0.03610183671116829 0.0016033400315791368 -1.0017125606536865
1681768130.009289 54.99297332763672 -0.035602785646915436 0.005867625121027231 -1.005724310874939
1681768130.0373645 55.00981140136719 -0.03641347959637642 0.003649108810350299 -1.0162677764892578
1681768130.0493858 55.0196418762207 -0.03966885432600975 0.005984435323625803 -1.0195764303207397
1681768130.0634296 55.027652740478516 -0.04367704316973686 0.006177926901727915 -1.0217676162719727
1681768130.0773127 55.039485931396484 -0.04840177297592163 0.0020347386598587036 -1.0179959535598755
1681768130.0774267 55.04449462890625 -0.04790002107620239 0.0033515486866235733 -1.017574667930603
1681768130.1033566 55.05632781982422 -0.05208425596356392 0.008111711591482162 -1.0108811855316162
1681768130.1203985 55.10466384887695 -0.05313614010810852 0.005375092849135399 -1.0174617767333984
1681768130.1204886 55.10866928100586 -0.05439339950680733 0.0015545561909675598 -1.0157268047332764
1681768130.1343853 55.1205940246582 -0.05026227980852127 -0.003964405972510576 -1.0189977884292603
1681768130.1474285 55.12942123413086 -0.04875502735376358 -0.005035108886659145 -1.0199413299560547
1681768130.1605084 55.13934326171875 -0.046570587903261185 -0.011568201705813408 -1.023769497871399
1681768130.174437 55.14735412597656 -0.048131588846445084 -0.018954811617732048 -1.0262409448623657
1681768130.188424 55.15135955810547 -0.0501190684735775 -0.022707121446728706 -1.0262277126312256
1681768130.203448 55.16128158569336 -0.05296170338988304 -0.02783694490790367 -1.0230273008346558
1681768130.2035146 55.166290283203125 -0.05250890180468559 -0.02849271520972252 -1.0197473764419556
1681768130.217416 55.20697784423828 -0.05512842908501625 -0.03102114237844944 -1.0043519735336304
1681768130.2303886 55.218902587890625 -0.05567871034145355 -0.03434782102704048 -1.007097840309143
1681768130.2443924 55.23082733154297 -0.055414192378520966 -0.03433029353618622 -1.0109539031982422
1681768130.258459 55.24266052246094 -0.05595261603593826 -0.028174713253974915 -1.0112584829330444
1681768130.2734666 55.25149154663086 -0.05707186833024025 -0.023169558495283127 -1.0084855556488037
1681768130.287431 55.25749969482422 -0.05840189754962921 -0.023975417017936707 -1.005052924156189
1681768130.2994936 55.267330169677734 -0.056081920862197876 -0.01928161270916462 -1.0041221380233765
1681768130.3143997 55.277252197265625 -0.05670807883143425 -0.014238666743040085 -1.0027402639389038
1681768130.3144917 55.28316879272461 -0.056633371859788895 -0.013484159484505653 -1.0048279762268066
1681768130.3273997 55.292179107666016 -0.05539950355887413 -0.013035326264798641 -1.0086207389831543
1681768130.355359 55.30601501464844 -0.054291483014822006 -0.015033992007374763 -1.018263816833496
1681768130.3684416 55.356719970703125 -0.06096316874027252 -0.011468999087810516 -1.009316086769104
1681768130.380443 55.36655044555664 -0.05524755269289017 -0.009287417866289616 -1.0109422206878662
1681768130.395562 55.37938690185547 -0.05227452516555786 -0.004899395629763603 -1.0105974674224854
1681768130.4084098 55.389217376708984 -0.053496673703193665 -0.005484476685523987 -1.006706714630127
1681768130.4085217 55.39322280883789 -0.05379527062177658 -0.006286079064011574 -1.0046663284301758
1681768130.4345 55.40505599975586 -0.05436402186751366 -0.007627872750163078 -1.0026414394378662
1681768130.4495842 55.415977478027344 -0.05388334020972252 -0.00628297496587038 -1.0064388513565063
1681768130.4497013 55.42189407348633 -0.054860539734363556 -0.006270089652389288 -1.0071033239364624
1681768130.4614532 55.43391036987305 -0.05714495852589607 -0.0065914904698729515 -1.007219672203064
1681768130.4743752 55.445743560791016 -0.059557534754276276 -0.006984097417443991 -1.0105124711990356
1681768130.502403 55.46258544921875 -0.06072254106402397 -0.009518745355308056 -1.0144881010055542
1681768130.5155478 55.47441864013672 -0.059494223445653915 -0.010940724983811378 -1.0136648416519165
1681768130.5283964 55.48625183105469 -0.058623604476451874 -0.013388511724770069 -1.011704444885254
1681768130.5454438 55.49708557128906 -0.055751532316207886 -0.015342090278863907 -1.010961890220642
1681768130.545509 55.50300216674805 -0.05408098176121712 -0.01643119938671589 -1.01053786277771
1681768130.558546 55.54560089111328 -0.052688468247652054 -0.020342161878943443 -1.0085351467132568
1681768130.5723288 55.55352020263672 -0.052315592765808105 -0.018581334501504898 -1.0078039169311523
1681768130.5864778 55.55952835083008 -0.052221283316612244 -0.01678263023495674 -1.0068804025650024
1681768130.5994744 55.567447662353516 -0.05236663669347763 -0.01432888675481081 -1.0043935775756836
1681768130.6134324 55.57637023925781 -0.052095502614974976 -0.012483104132115841 -1.0016040802001953
1681768130.626509 55.58820343017578 -0.05083144083619118 -0.00948798842728138 -1.0004481077194214
1681768130.6266139 55.59211730957031 -0.05026957765221596 -0.008985533379018307 -1.001359224319458
1681768130.6394403 55.6020393371582 -0.050130318850278854 -0.00842560175806284 -1.0009292364120483
1681768130.6674275 55.61296081542969 -0.04980858415365219 -0.00760857155546546 -1.0019617080688477
1681768130.6675308 55.61887741088867 -0.05041975528001785 -0.00883221160620451 -1.0031582117080688
1681768130.680464 55.66939926147461 -0.05000997334718704 -0.019290659576654434 -1.0165210962295532
1681768130.6934044 55.67731857299805 -0.05013341084122658 -0.020515698939561844 -1.0164380073547363
1681768130.7065153 55.68724060058594 -0.048781655728816986 -0.020295584574341774 -1.0156923532485962
1681768130.7203488 55.70408248901367 -0.048651013523340225 -0.019497554749250412 -1.009223461151123
1681768130.7334597 55.7079963684082 -0.04863673076033592 -0.018672874197363853 -1.0077017545700073
1681768130.7474723 55.71200180053711 -0.04861922189593315 -0.01873389072716236 -1.006083607673645
1681768130.7475934 55.716007232666016 -0.04897100478410721 -0.018533101305365562 -1.004374623298645
1681768130.7624006 55.72793197631836 -0.04744776338338852 -0.016972890123724937 -1.0044348239898682
1681768130.7754595 55.73685073852539 -0.04760858416557312 -0.015676224604249 -1.0048742294311523
1681768130.7893515 55.74868392944336 -0.047860149294137955 -0.014875094406306744 -1.0054841041564941
1681768130.8024251 55.78764343261719 -0.051654621958732605 -0.016985135152935982 -1.008493185043335
1681768130.8144305 55.79583740234375 -0.05136257782578468 -0.017570072785019875 -1.008862018585205
1681768130.8144927 55.799842834472656 -0.05109155550599098 -0.017878904938697815 -1.0100804567337036
1681768130.8263395 55.807945251464844 -0.05030498281121254 -0.01773006282746792 -1.0099897384643555
1681768130.8554258 55.82296371459961 -0.05097775533795357 -0.019686764106154442 -1.0106900930404663
1681768130.8673446 55.832794189453125 -0.05046423524618149 -0.01817420870065689 -1.0105316638946533
1681768130.8804 55.84280776977539 -0.05044211074709892 -0.018292667344212532 -1.0101014375686646
1681768130.89543 55.852638244628906 -0.05067676678299904 -0.019083257764577866 -1.01016366481781
1681768130.9213927 55.86747741699219 -0.05038901045918465 -0.01647484302520752 -1.0099239349365234
1681768130.9343536 55.91799545288086 -0.04914923757314682 -0.011052979156374931 -1.0090878009796143
1681768130.9503942 55.9299201965332 -0.04804754629731178 -0.010023589245975018 -1.0092263221740723
1681768130.9504557 55.933834075927734 -0.04791644588112831 -0.010126891545951366 -1.0094953775405884
1681768130.9633746 55.94466781616211 -0.04785621166229248 -0.010138075798749924 -1.0093368291854858
1681768130.9764307 55.95458984375 -0.04744555428624153 -0.010769855231046677 -1.009661078453064
1681768131.00446 55.97052001953125 -0.0474519208073616 -0.010914360173046589 -1.0098689794540405
1681768131.0174532 55.98134994506836 -0.0478319488465786 -0.011747470125555992 -1.0092345476150513
1681768131.0294104 55.993186950683594 -0.048522233963012695 -0.012734046205878258 -1.0085010528564453
1681768131.044422 56.00119400024414 -0.047891296446323395 -0.0123365493491292 -1.0086337327957153
1681768131.0445006 56.007110595703125 -0.04752206429839134 -0.012661600485444069 -1.0077091455459595
1681768131.071396 56.018035888671875 -0.04715420678257942 -0.013071591965854168 -1.0107513666152954
1681768131.084408 56.07046890258789 -0.046517301350831985 -0.015974702313542366 -1.008924961090088
1681768131.0984883 56.08039093017578 -0.04556415230035782 -0.016735224053263664 -1.0096453428268433
1681768131.110949 56.092315673828125 -0.0448845699429512 -0.016488710418343544 -1.011256456375122
1681768131.12449 56.103145599365234 -0.04431978985667229 -0.017560379579663277 -1.009796380996704
1681768131.124553 56.10906219482422 -0.04330531507730484 -0.017173955217003822 -1.0104029178619385
1681768131.1383822 56.113067626953125 -0.04295659437775612 -0.017144132405519485 -1.0104024410247803
1681768131.151389 56.116981506347656 -0.04352623596787453 -0.01755962148308754 -1.007689356803894
