1681767309.3098445 41.990840911865234 0.01126648299396038 -0.015465185046195984 -1.0093539953231812
1681767309.3227522 42.04336166381836 0.04652994126081467 -0.009614365175366402 -1.0247056484222412
1681767309.3367004 42.0552864074707 0.06898133456707001 -0.00850362703204155 -1.0220040082931519
1681767309.3517563 42.064117431640625 0.09865888953208923 -0.0033677215687930584 -1.0345560312271118
1681767309.3517878 42.07003402709961 0.11388318985700607 -0.0036459791008383036 -1.0359922647476196
1681767309.3647776 42.0799560546875 0.1354256272315979 0.0032517509534955025 -1.042029857635498
1681767309.3927534 42.0938835144043 0.1457332819700241 -0.002030430594459176 -1.0245988368988037
1681767309.4057248 42.10480499267578 0.14676311612129211 -0.0006554140709340572 -1.018087387084961
1681767309.4177523 42.11472702026367 0.14679375290870667 -0.004626468755304813 -1.0090622901916504
1681767309.4367096 42.122737884521484 0.13945205509662628 -0.0035753983538597822 -1.006915807723999
1681767309.436744 42.12865447998047 0.13612931966781616 -0.005481178406625986 -1.0070756673812866
1681767309.4507396 42.17125701904297 0.09671086072921753 -0.018765371292829514 -1.0051132440567017
1681767309.4637609 42.182090759277344 0.08973328024148941 -0.015214676968753338 -1.0139360427856445
1681767309.4907517 42.19974899291992 0.08326487243175507 -0.01323749404400587 -1.0052119493484497
1681767309.5037518 42.20957946777344 0.0783429816365242 -0.01779046840965748 -0.9948548674583435
1681767309.5167446 42.21940994262695 0.07826686650514603 -0.014313885942101479 -0.9935895204544067
1681767309.530751 42.232154846191406 0.07885220646858215 -0.014129565097391605 -0.9935295581817627
1681767309.5307822 42.237979888916016 0.0771208256483078 -0.013880143873393536 -0.9913836717605591
1681767309.5588157 42.247901916503906 0.07966072857379913 -0.011235934682190418 -0.9951930046081543
1681767309.571772 42.29642105102539 0.06453758478164673 -0.012401101179420948 -1.0097999572753906
1681767309.58583 42.3054313659668 0.06250657886266708 -0.01231736782938242 -1.0080229043960571
1681767309.5987978 42.31526184082031 0.05513976141810417 -0.011075993068516254 -1.0107667446136475
1681767309.6127422 42.32727813720703 0.05035595968365669 -0.01026188489049673 -1.00995934009552
1681767309.625705 42.339111328125 0.04329647496342659 -0.011672735214233398 -1.011561393737793
1681767309.6397746 42.34402847290039 0.04370754584670067 -0.013060225173830986 -1.0111650228500366
1681767309.6527646 42.35586166381836 0.04182631894946098 -0.012650159187614918 -1.0166003704071045
1681767309.665785 42.3677864074707 0.040485505014657974 -0.015108326449990273 -1.0139288902282715
1681767309.6658099 42.37370300292969 0.03883820399641991 -0.01479402743279934 -1.0144126415252686
1681767309.6787329 42.38444519042969 0.04010812193155289 -0.016996536403894424 -1.0069469213485718
1681767309.706743 42.40028381347656 0.04112883284687996 -0.018001632764935493 -1.0038143396377563
1681767309.723715 42.41011428833008 0.039604999125003815 -0.01590890996158123 -1.0115914344787598
1681767309.7367325 42.45863342285156 0.03585052490234375 -0.015036662109196186 -1.0087133646011353
1681767309.7507906 42.467552185058594 0.038561031222343445 -0.0161464624106884 -1.0104236602783203
1681767309.750819 42.47356033325195 0.035420194268226624 -0.015485920943319798 -1.0125473737716675
1681767309.7637534 42.48339080810547 0.036311641335487366 -0.014800917357206345 -1.013436198234558
1681767309.7917712 42.497318267822266 0.03248213231563568 -0.011165199801325798 -1.013973593711853
1681767309.8047974 42.50624084472656 0.03193941339850426 -0.01450531929731369 -1.0108494758605957
1681767309.8167355 42.51616287231445 0.032043181359767914 -0.008680945262312889 -1.0082381963729858
1681767309.8308032 42.526084899902344 0.02988686040043831 -0.008974634110927582 -1.0053521394729614
1681767309.8447711 42.536006927490234 0.03398352488875389 -0.006568633485585451 -1.0025043487548828
1681767309.8448157 42.54001235961914 0.03093876875936985 -0.007087717764079571 -1.0011444091796875
1681767309.8588004 42.54401397705078 0.027958763763308525 -0.0061453296802937984 -1.0008435249328613
1681767309.8717725 42.54893112182617 0.031576063483953476 -0.003361053764820099 -1.0017757415771484
1681767309.8848097 42.60318374633789 0.02782975137233734 -0.009168306365609169 -1.009447693824768
1681767309.8977454 42.6111946105957 0.02712092362344265 -0.01334455981850624 -1.0062001943588257
1681767309.8977718 42.61711120605469 0.027981191873550415 -0.01209270115941763 -1.012198805809021
1681767309.9107854 42.62803268432617 0.025426313281059265 -0.016491850838065147 -1.0119614601135254
1681767309.924765 42.63786697387695 0.02224656008183956 -0.015158508904278278 -1.0138407945632935
1681767309.9518616 42.65179443359375 0.023269062861800194 -0.013804120942950249 -1.011643886566162
1681767309.964745 42.66362762451172 0.026720786467194557 -0.013834620825946331 -1.0116971731185913
1681767309.9787407 42.672637939453125 0.026388198137283325 -0.01097179390490055 -1.0062618255615234
1681767309.978769 42.67855453491211 0.026303574442863464 -0.009962673299014568 -1.0071511268615723
1681767309.9957407 42.68647384643555 0.024676382541656494 -0.009703283198177814 -1.0020956993103027
1681767310.0087237 42.72916793823242 0.02011706493794918 -0.004670185502618551 -1.0058993101119995
1681767310.0217555 42.73908996582031 0.017740024253726006 -0.007431770674884319 -1.008584976196289
1681767310.0497787 42.7540168762207 0.014802851714193821 -0.00857541523873806 -1.0134857892990112
1681767310.0627077 42.76585006713867 0.017304465174674988 -0.009154724888503551 -1.0141428709030151
1681767310.076783 42.773860931396484 0.015710460022091866 -0.008940031751990318 -1.0119500160217285
1681767310.0768058 42.779869079589844 0.014802264980971813 -0.012272562831640244 -1.0115299224853516
1681767310.0937302 42.81664276123047 0.011663406156003475 -0.005152396857738495 -1.00472092628479
1681767310.1077585 42.826473236083984 0.011950008571147919 -0.0044315471313893795 -1.0084248781204224
1681767310.122765 42.83539581298828 0.0132296746596694 -0.003872897941619158 -1.0074729919433594
1681767310.1228004 42.841312408447266 0.011709454469382763 -0.0042586540803313255 -1.0059125423431396
1681767310.1487699 42.851234436035156 0.013437223620712757 -0.004743764642626047 -1.0082323551177979
1681767310.1637468 42.85924530029297 0.01248634047806263 -0.004261491820216179 -1.0057871341705322
1681767310.1637738 42.86525344848633 0.013021649792790413 -0.00574451545253396 -1.010179877281189
1681767310.176761 42.87608337402344 0.01141578983515501 -0.00574103556573391 -1.0086086988449097
1681767310.1887846 42.88800811767578 0.009585589170455933 -0.006063417997211218 -1.0110307931900024
1681767310.2037437 42.896018981933594 0.007700538262724876 -0.008917208760976791 -1.0156577825546265
1681767310.2297742 42.909854888916016 0.008234151639044285 -0.01021084189414978 -1.0230557918548584
1681767310.2438827 42.957374572753906 0.008463840000331402 -0.012774060480296612 -1.008912444114685
1681767310.2579143 42.97321319580078 0.011781899258494377 -0.010743646882474422 -1.008975863456726
1681767310.2697861 42.981224060058594 0.00844652485102415 -0.015893399715423584 -1.0097107887268066
1681767310.2828083 42.99114227294922 0.009289857000112534 -0.014042927883565426 -1.0126900672912598
1681767310.2977567 43.00206756591797 0.008135156705975533 -0.012327073141932487 -1.0136090517044067
1681767310.3097265 43.0059814453125 0.00444779172539711 -0.015342208556830883 -1.012901782989502
1681767310.3237705 43.01408386230469 0.004312489647418261 -0.012703660875558853 -1.0158334970474243
1681767310.3367572 43.05704879760742 -0.003796460572630167 -0.007198904640972614 -1.0037801265716553
1681767310.3367875 43.06105422973633 -0.0015807056333869696 -0.00627228245139122 -1.00806725025177
1681767310.348803 43.069156646728516 -0.0029741190373897552 -0.006724480073899031 -1.002273678779602
1681767310.3617349 43.07807540893555 -0.002045221393927932 -0.0076102144084870815 -1.0071696043014526
1681767310.3757303 43.08799743652344 -0.00022336741676554084 -0.007197577506303787 -1.0033966302871704
1681767310.3888023 43.09782791137695 -0.0011477983789518476 -0.008699352853000164 -1.0018707513809204
1681767310.388831 43.101741790771484 0.0003189567942172289 -0.010507820174098015 -1.0034606456756592
1681767310.4177806 43.111846923828125 -0.0006068500224500895 -0.01185398269444704 -1.0069074630737305
1681767310.4298017 43.13059997558594 0.0007616119692102075 -0.015125234611332417 -1.012159824371338
1681767310.4427505 43.138519287109375 -0.0007959530921652913 -0.015421207994222641 -1.0157333612442017
1681767310.4558337 43.150352478027344 0.002009318210184574 -0.013764582574367523 -1.021685242652893
1681767310.470751 43.155357360839844 0.0011403944808989763 -0.013585088774561882 -1.0147864818572998
1681767310.4837954 43.16327667236328 0.001717931474559009 -0.012128527276217937 -1.0198462009429932
1681767310.4967537 43.21379852294922 0.0031853646505624056 -0.00846023764461279 -0.9980996251106262
1681767310.5097764 43.22563171386719 0.0043387627229094505 -0.007958391681313515 -1.0028080940246582
1681767310.523778 43.233551025390625 0.007524635177105665 -0.007616045884788036 -1.0081212520599365
1681767310.5237997 43.24047088623047 0.0028893707785755396 -0.008269518613815308 -1.0070050954818726
1681767310.536726 43.25221252441406 0.006397014018148184 -0.007908611558377743 -1.0122227668762207
1681767310.5507398 43.25621795654297 0.0036130233202129602 -0.008632998913526535 -1.00890052318573
1681767310.5647726 43.260223388671875 0.006001834757626057 -0.008811930194497108 -1.010571837425232
1681767310.5647962 43.266231536865234 0.006202212534844875 -0.010648300871253014 -1.0137755870819092
1681767310.5776916 43.277061462402344 0.005197328515350819 -0.009358315728604794 -1.011533498764038
1681767310.589902 43.28898620605469 0.0020329703111201525 -0.009051433764398098 -1.0077955722808838
1681767310.60307 43.296905517578125 0.004404915496706963 -0.007084066979587078 -1.011216640472412
1681767310.6218293 43.34542465209961 0.004225469660013914 -0.001411184435710311 -0.9987626671791077
1681767310.6337152 43.35334396362305 0.009147895500063896 -0.002338072285056114 -0.998527467250824
1681767310.6497006 43.35825729370117 0.0074746194295585155 -0.0011831560404971242 -0.9984800219535828
1681767310.6627243 43.370094299316406 0.010351249016821384 -0.0013632320333272219 -1.0033575296401978
1681767310.6747189 43.38201904296875 0.008672838099300861 0.00021996255964040756 -1.0076931715011597
1681767310.6877904 43.39194107055664 0.004126118496060371 -0.0014715606812387705 -1.0037648677825928
1681767310.7027502 43.40277099609375 0.006536403670907021 -0.0004710367356892675 -1.010382056236267
1681767310.7027743 43.406776428222656 0.005626085214316845 -0.0006745957070961595 -1.0094184875488281
1681767310.7287762 43.41660690307617 0.007325873244553804 -0.002262646332383156 -1.0187089443206787
1681767310.7427938 43.428531646728516 0.009002662263810635 -0.003275593975558877 -1.0211936235427856
1681767310.7428188 43.434356689453125 0.005165991373360157 -0.004588237963616848 -1.0176011323928833
1681767310.7597501 43.4451904296875 0.0072634052485227585 -0.007466338109225035 -1.0178500413894653
1681767310.7727463 43.49380111694336 0.011934025213122368 -0.013462650589644909 -1.0073270797729492
1681767310.7877347 43.501808166503906 0.016046181321144104 -0.013429705053567886 -1.008784532546997
1681767310.7877612 43.5057258605957 0.014664072543382645 -0.014451945200562477 -1.008459210395813
1681767310.8157797 43.515647888183594 0.015176976099610329 -0.01308600977063179 -1.0071452856063843
1681767310.8287253 43.524566650390625 0.00965929962694645 -0.012596545740962029 -1.0037084817886353
1681767310.8287473 43.530574798583984 0.012725060805678368 -0.01114457193762064 -1.0064187049865723
1681767310.8417985 43.53849411010742 0.00797734409570694 -0.010737976990640163 -1.0043411254882812
1681767310.8547413 43.54841613769531 0.010453078895807266 -0.009266759268939495 -1.0077176094055176
1681767310.8687952 43.5583381652832 0.0066464729607105255 -0.008448352105915546 -1.0057452917099
1681767310.8828206 43.56525802612305 0.00685539934784174 -0.007333398796617985 -1.009138584136963
1681767310.8957555 43.61341094970703 0.012070173397660255 -0.01053677685558796 -1.0011957883834839
1681767310.9087732 43.625244140625 0.018424687907099724 -0.009638568386435509 -1.0017294883728027
1681767310.9227724 43.63316345214844 0.019377512857317924 -0.010929623618721962 -1.0004619359970093
1681767310.9228015 43.63726043701172 0.020964261144399643 -0.01145431399345398 -1.0023592710494995
1681767310.9357467 43.64617919921875 0.01909324899315834 -0.011776123195886612 -1.002455711364746
1681767310.9487767 43.65610122680664 0.01857004128396511 -0.01249876618385315 -1.0074642896652222
1681767310.9767394 43.67012023925781 0.01921277865767479 -0.012040726840496063 -1.0128103494644165
1681767310.9917855 43.67803955078125 0.01890372671186924 -0.012626562267541885 -1.0124101638793945
1681767311.004792 43.72355270385742 0.015851231291890144 -0.01169645506888628 -1.0080751180648804
1681767311.004818 43.729469299316406 0.01483514066785574 -0.010710615664720535 -1.0107395648956299
1681767311.0187943 43.74139404296875 0.018924932926893234 -0.010753369890153408 -1.0084444284439087
1681767311.0317614 43.74931335449219 0.01649579033255577 -0.011691462248563766 -1.0021754503250122
1681767311.0457966 43.75923538208008 0.019730020314455032 -0.010538414120674133 -1.0042824745178223
1681767311.0728042 43.772071838378906 0.020093591883778572 -0.011426813900470734 -1.006592869758606
1681767311.089454 43.7819938659668 0.02062069997191429 -0.011041726917028427 -1.0064377784729004
1681767311.1027455 43.824684143066406 0.013614942319691181 -0.014068997465074062 -1.0062869787216187
1681767311.1157546 43.8346061706543 0.010104677639901638 -0.013474365696310997 -1.004034399986267
1681767311.1287835 43.84553146362305 0.011712643317878246 -0.013634787872433662 -1.0061156749725342
1681767311.142746 43.85536193847656 0.014496915973722935 -0.011289896443486214 -1.007927417755127
1681767311.1427894 43.86127853393555 0.01300767995417118 -0.01011632103472948 -1.0049970149993896
1681767311.1557484 43.86528396606445 0.013575930148363113 -0.0089869424700737 -1.0031113624572754
1681767311.1697545 43.86928939819336 0.014605231583118439 -0.008922666311264038 -1.0041404962539673
1681767311.18379 43.88112258911133 0.015773890540003777 -0.006817946210503578 -1.0046091079711914
1681767311.183831 43.88612747192383 0.01668073795735836 -0.006950248498469591 -1.0039664506912231
1681767311.1957657 43.89596176147461 0.018675262108445168 -0.005042406264692545 -1.0029851198196411
1681767311.2087574 43.9058837890625 0.017690014094114304 -0.005626964848488569 -1.0041782855987549
1681767311.223754 43.91580581665039 0.01876208744943142 -0.0026746164076030254 -1.0094668865203857
1681767311.2368233 43.91980743408203 0.017494816333055496 -0.004273940343409777 -1.0072966814041138
1681767311.2507873 43.96942138671875 0.011379814706742764 -0.005879606120288372 -1.014709234237671
1681767311.2637632 43.981163024902344 0.013390455394983292 -0.006491785403341055 -1.0146485567092896
1681767311.276806 43.99117660522461 0.014477432705461979 -0.008284502662718296 -1.0172145366668701
1681767311.2899163 44.00300979614258 0.01416408084332943 -0.010300882160663605 -1.017564296722412
1681767311.290026 44.0079231262207 0.015173048712313175 -0.011509675532579422 -1.0113483667373657
1681767311.317881 44.01984786987305 0.01775641366839409 -0.011764144524931908 -1.0098427534103394
1681767311.331236 44.03177261352539 0.017305325716733932 -0.012306907214224339 -1.0095446109771729
1681767311.344794 44.043697357177734 0.016551686450839043 -0.01215952355414629 -1.006909966468811
1681767311.3578098 44.054622650146484 0.015910828486084938 -0.011125384829938412 -1.0045181512832642
1681767311.3717616 44.064453125 0.015473177656531334 -0.0078014349564909935 -1.0030534267425537
1681767311.3997502 44.07646942138672 0.011061418801546097 -0.008213693276047707 -1.003865361213684
1681767311.4127152 44.126895904541016 0.010973955504596233 -0.008865014649927616 -1.0071128606796265
1681767311.4267573 44.13964080810547 0.013584003783762455 -0.009228569455444813 -1.0033094882965088
1681767311.4267983 44.143646240234375 0.014437941834330559 -0.008026179857552052 -1.0048868656158447
1681767311.4397619 44.15156555175781 0.015992840752005577 -0.009431933052837849 -1.004389762878418
1681767311.4527483 44.163490295410156 0.017296094447374344 -0.005433198995888233 -1.0104527473449707
1681767311.4807813 44.17832946777344 0.01188197173178196 -0.008790351450443268 -1.012957215309143
1681767311.4939053 44.18825149536133 0.009256630204617977 -0.0084591805934906 -1.0123735666275024
1681767311.5089421 44.198265075683594 0.006130536552518606 -0.010110277682542801 -1.0170822143554688
1681767311.5228662 44.2409553527832 0.007621968165040016 -0.009361646138131618 -1.0126299858093262
1681767311.522926 44.244869232177734 0.009239209815859795 -0.008760636672377586 -1.0102500915527344
1681767311.5357943 44.25379180908203 0.008636542595922947 -0.009881672449409962 -1.0106691122055054
1681767311.5487757 44.26371383666992 0.009933045133948326 -0.010965068824589252 -1.007996678352356
1681767311.5748203 44.27973175048828 0.00882861576974392 -0.01040918380022049 -1.0045973062515259
1681767311.5878234 44.28956604003906 0.0075396765023469925 -0.0114155737683177 -0.9988484978675842
1681767311.601789 44.298667907714844 0.003834640607237816 -0.013145506381988525 -1.0004634857177734
1681767311.6018112 44.32706832885742 -0.001044667442329228 -0.015574260614812374 -1.002420425415039
1681767311.6148129 44.33598709106445 0.0017172395018860698 -0.014900711365044117 -1.0076885223388672
1681767311.6287513 44.3479118347168 0.005037511698901653 -0.015896636992692947 -1.0086010694503784
1681767311.641739 44.355831146240234 0.003571546170860529 -0.017620664089918137 -1.0061365365982056
1681767311.6547604 44.365753173828125 0.006747635547071695 -0.017405077815055847 -1.0071309804916382
1681767311.6547892 44.36975860595703 0.006701213773339987 -0.015866447240114212 -1.0060170888900757
1681767311.6827617 44.37868118286133 0.009529960341751575 -0.017121491953730583 -1.0030457973480225
1681767311.6957288 44.39060592651367 0.010384262539446354 -0.014802336692810059 -1.0015957355499268
1681767311.695756 44.39661407470703 0.009823141619563103 -0.013814128004014492 -1.0049279928207397
1681767311.708783 44.40653610229492 0.012142098508775234 -0.01213085651397705 -1.0084304809570312
1681767311.7227619 44.41545486450195 0.009590135887265205 -0.012227252125740051 -1.005039930343628
1681767311.7496867 44.43129348754883 0.008079453371465206 -0.010290220379829407 -1.007066249847412
1681767311.7637498 44.48172378540039 0.008740192279219627 -0.013443822041153908 -1.0231343507766724
1681767311.7767825 44.49164581298828 0.009482670575380325 -0.01398770697414875 -1.0194720029830933
1681767311.7768083 44.49656295776367 0.010952354408800602 -0.01414191909134388 -1.0232977867126465
1681767311.7897847 44.50648498535156 0.011677652597427368 -0.014251898974180222 -1.014394998550415
1681767311.8027153 44.518497467041016 0.010906433686614037 -0.013440282084047794 -1.005056619644165
1681767311.8308136 44.53042221069336 0.011427303776144981 -0.012111445888876915 -1.0021660327911377
1681767311.8437293 44.541255950927734 0.01283999439328909 -0.012876725755631924 -0.999918520450592
1681767311.8557715 44.55318069458008 0.01179108489304781 -0.010584546253085136 -0.9988391995429993
1681767311.8707976 44.56510543823242 0.008455157279968262 -0.01143072359263897 -0.9987933039665222
1681767311.8708408 44.571022033691406 0.008611091412603855 -0.012839067727327347 -1.00363028049469
1681767311.8848298 44.5759391784668 0.0036005100701004267 -0.014947392977774143 -0.9972681999206543
1681767311.8978007 44.57994079589844 0.006661135703325272 -0.014077058993279934 -1.0005559921264648
1681767311.897821 44.58576965332031 0.008460067212581635 -0.013932829722762108 -1.007005214691162
1681767311.9107382 44.632102966308594 0.010346556082367897 -0.016377035528421402 -1.0128695964813232
1681767311.9248002 44.64193344116211 0.012851079925894737 -0.013078654184937477 -1.0106542110443115
1681767311.9367228 44.651763916015625 0.011651539243757725 -0.011177162639796734 -1.0053586959838867
1681767311.950796 44.66268539428711 0.011051062494516373 -0.010320160537958145 -1.0058327913284302
1681767311.9508295 44.666603088378906 0.013240530155599117 -0.006348715163767338 -1.0045725107192993
1681767311.991805 44.684532165527344 0.01332788821309805 -0.0026915417984128 -1.0123170614242554
1681767311.9918268 44.69044876098633 0.008705575950443745 -0.00564972311258316 -1.0102885961532593
1681767312.0047982 44.70137405395508 0.008891885168850422 -0.004659811966121197 -1.0152775049209595
1681767312.0168283 44.71311569213867 0.010221376083791256 -0.005386418662965298 -1.0159406661987305
1681767312.0318227 44.72303771972656 0.009500458836555481 -0.005887812003493309 -1.0156625509262085
1681767312.045787 44.72895431518555 0.01018982008099556 -0.00995134748518467 -1.018347144126892
1681767312.0578222 44.73778533935547 0.01052272878587246 -0.00947030633687973 -1.0175079107284546
1681767312.0717757 44.78438949584961 0.015656055882573128 -0.012070638127624989 -1.0045130252838135
1681767312.0847476 44.79631423950195 0.015568439848721027 -0.008847125805914402 -1.0030879974365234
1681767312.1008635 44.806236267089844 0.01221751794219017 -0.009807157330214977 -1.0029634237289429
1681767312.1008887 44.81215286254883 0.01337621733546257 -0.009843835607171059 -1.002129077911377
1681767312.1137826 44.82307815551758 0.00850721262395382 -0.01043612603098154 -1.000838279724121
1681767312.1277537 44.82899475097656 0.009125446900725365 -0.009287719614803791 -1.0065633058547974
1681767312.1417775 44.83300018310547 0.007178936153650284 -0.011515147984027863 -1.0062716007232666
1681767312.1418233 44.837005615234375 0.007520691957324743 -0.010847331024706364 -1.0031737089157104
1681767312.1547658 44.84893035888672 0.00806434452533722 -0.012292085215449333 -1.0073648691177368
1681767312.1687675 44.859764099121094 0.008611329831182957 -0.01553003303706646 -1.011582851409912
1681767312.1807714 44.86968231201172 0.011572514660656452 -0.015580082312226295 -1.0074505805969238
1681767312.1987996 44.8795166015625 0.012336406856775284 -0.01593598537147045 -1.00496244430542
1681767312.2267478 44.93212890625 0.014910893514752388 -0.011659927666187286 -1.004760980606079
1681767312.2267883 44.936134338378906 0.01515340618789196 -0.009076705202460289 -1.0037810802459717
1681767312.2397523 44.94696807861328 0.01173481810837984 -0.010095488280057907 -1.0086575746536255
1681767312.251759 44.95689010620117 0.01080196164548397 -0.010572796687483788 -1.0098930597305298
1681767312.2657793 44.96690368652344 0.010036180727183819 -0.010572965256869793 -1.0106797218322754
1681767312.2807908 44.97673416137695 0.0071866633370518684 -0.013619874604046345 -1.0157110691070557
1681767312.3069139 44.98965835571289 0.006422420032322407 -0.014481209218502045 -1.0208839178085327
1681767312.3199134 45.036354064941406 0.005886655766516924 -0.006723613012582064 -1.0103874206542969
1681767312.3338435 45.04636764526367 0.0030295769684016705 -0.004023637622594833 -1.0100938081741333
1681767312.333899 45.05037307739258 0.002085871761664748 -0.001969724427908659 -1.0063902139663696
1681767312.346756 45.060203552246094 0.0019530546851456165 0.0025550066493451595 -1.0066107511520386
1681767312.35981 45.06912612915039 0.0027223892975598574 0.003534107469022274 -1.003450632095337
1681767312.3738015 45.08095932006836 -0.0019133826717734337 0.002813969738781452 -1.0010833740234375
1681767312.3878088 45.087059020996094 -8.889718446880579e-05 0.0010433299466967583 -1.0059770345687866
1681767312.400889 45.09880065917969 0.0018370996695011854 -0.00036729758721776307 -1.0054926872253418
1681767312.4137394 45.10963439941406 0.003275906201452017 -0.002517594723030925 -1.0073630809783936
1681767312.4277773 45.12556457519531 0.004799097776412964 -0.006460491102188826 -1.0098780393600464
1681767312.4548464 45.1354866027832 0.0038441303186118603 -0.006939568091183901 -1.01242995262146
1681767312.454874 45.13949203491211 0.004933633375912905 -0.008006896823644638 -1.0111033916473389
1681767312.4819217 45.191104888916016 0.004784213844686747 -0.002659442136064172 -1.0102250576019287
1681767312.482038 45.197113037109375 0.0021297733765095472 -0.0003173316945321858 -1.0060194730758667
1681767312.4959116 45.20703125 0.0049474649131298065 0.000249585194978863 -1.0123389959335327
1681767312.5089908 45.216957092285156 0.005568257067352533 -0.001459878054447472 -1.0118753910064697
1681767312.521839 45.22587585449219 0.003336090361699462 -0.003594913985580206 -1.0121303796768188
1681767312.5218859 45.229881286621094 0.006031821481883526 -0.005064141470938921 -1.0143564939498901
1681767312.5487523 45.23798370361328 0.006494910456240177 -0.00772229814901948 -1.0175259113311768
1681767312.563839 45.2460823059082 0.010710252448916435 -0.008414330892264843 -1.0177326202392578
1681767312.5638568 45.250179290771484 0.010864190757274628 -0.011523110792040825 -1.01906418800354
1681767312.5757954 45.29314422607422 0.014384997077286243 -0.016374770551919937 -1.0053024291992188
1681767312.5758233 45.29705810546875 0.012466787360608578 -0.015057897195219994 -1.0046718120574951
1681767312.5887454 45.30607223510742 0.012008299119770527 -0.014318768866360188 -1.0005844831466675
1681767312.6038246 45.31590270996094 0.008841801434755325 -0.011707509867846966 -0.9963772296905518
1681767312.6177967 45.32582473754883 0.010913653299212456 -0.0114746680483222 -0.9982731342315674
1681767312.6327505 45.33574676513672 0.011477954685688019 -0.009454252198338509 -0.9997389316558838
1681767312.6468036 45.339752197265625 0.011353868059813976 -0.010607766918838024 -1.0033063888549805
1681767312.658713 45.348670959472656 0.008682169951498508 -0.011854329146444798 -1.0021858215332031
1681767312.672787 45.360595703125 0.008872470818459988 -0.012083550915122032 -1.006980061531067
1681767312.6898777 45.41312026977539 0.01852486841380596 -0.014088627882301807 -1.016762614250183
1681767312.7048624 45.422950744628906 0.015181364491581917 -0.01220233365893364 -1.0104925632476807
1681767312.717776 45.4318733215332 0.013995134271681309 -0.009282984770834446 -1.0074812173843384
1681767312.744808 45.44771194458008 0.012455441989004612 -0.00470146955922246 -1.005621314048767
1681767312.7587988 45.457725524902344 0.016238082200288773 -0.004552309401333332 -1.005773663520813
1681767312.7727866 45.46855545043945 0.014067417941987514 -0.002949095331132412 -1.0051007270812988
1681767312.7728205 45.472469329833984 0.015783945098519325 -0.002020029118284583 -1.0081866979599
1681767312.7847705 45.48430252075195 0.01573614589869976 -0.0013983284588903189 -1.0093162059783936
1681767312.8137827 45.49222183227539 0.012277101166546345 -0.0038078511133790016 -1.0074788331985474
1681767312.813805 45.4962272644043 0.013241469860076904 -0.003939114511013031 -1.0076473951339722
1681767312.825772 45.54274368286133 0.015225009992718697 -0.006466329097747803 -1.0072877407073975
1681767312.8258014 45.546749114990234 0.014696803875267506 -0.007362815551459789 -1.0068728923797607
1681767312.8397586 45.55767059326172 0.01701623573899269 -0.005734411533921957 -1.0024298429489136
1681767312.8527808 45.5675048828125 0.014721071347594261 -0.005853675771504641 -0.9977544546127319
1681767312.8648145 45.579429626464844 0.01628885604441166 -0.005983416922390461 -0.9955511093139648
1681767312.8797615 45.59025955200195 0.01836063526570797 -0.006500782910734415 -0.9976047277450562
1681767312.892698 45.59626770019531 0.01883734203875065 -0.005132266785949469 -0.9945290684700012
1681767312.9068303 45.608009338378906 0.01760881580412388 -0.007626502308994532 -0.9971089363098145
1681767312.9197705 45.625850677490234 0.02075570449233055 -0.009413373656570911 -1.0010141134262085
1681767312.9326963 45.63477325439453 0.021029779687523842 -0.011307621374726295 -1.011132836341858
1681767312.9607677 45.64860916137695 0.01962277479469776 -0.013560064136981964 -1.0156303644180298
1681767312.9777765 45.66062545776367 0.01838652230799198 -0.013453276827931404 -1.0172253847122192
1681767312.989735 45.70914077758789 0.01564805582165718 -0.004837353248149157 -1.003279209136963
1681767313.0047307 45.72197723388672 0.016863452270627022 -0.005579904653131962 -1.004577875137329
1681767313.0047565 45.72589111328125 0.016989100724458694 -0.004384142812341452 -1.0055222511291504
1681767313.017777 45.73390197753906 0.015745602548122406 -0.007132987026125193 -1.0083558559417725
1681767313.045781 45.74573516845703 0.014775636605918407 -0.010529308579862118 -1.0130032300949097
1681767313.0458047 45.74974060058594 0.01668349839746952 -0.009444303810596466 -1.0119086503982544
1681767313.0587943 45.762577056884766 0.015418865717947483 -0.012898045592010021 -1.014751672744751
1681767313.0708427 45.7704963684082 0.013620208017528057 -0.01586942747235298 -1.0135287046432495
1681767313.0847762 45.780418395996094 0.013108577579259872 -0.01718892529606819 -1.0136380195617676
1681767313.1257539 45.80517578125 0.013602474704384804 -0.01793854311108589 -1.0116139650344849
1681767313.1397226 45.853694915771484 0.006873480975627899 -0.014062219299376011 -0.9992537498474121
1681767313.1517515 45.869625091552734 0.004981117323040962 -0.01430896483361721 -1.0084952116012573
1681767313.1647983 45.880455017089844 0.004800100345164537 -0.014592496678233147 -1.0143979787826538
1681767313.1777847 45.8922004699707 0.00504571245983243 -0.015385470353066921 -1.0224956274032593
1681767313.192797 45.89820861816406 0.0008992256480269134 -0.019853409379720688 -1.0222692489624023
1681767313.2057102 45.90803909301758 0.0035257283598184586 -0.018512308597564697 -1.026540994644165
1681767313.2187514 45.91896057128906 0.00295952963642776 -0.016979387030005455 -1.026579737663269
1681767313.2317991 45.92879104614258 0.0007145741255953908 -0.019388485699892044 -1.0258078575134277
1681767313.2318213 45.93270492553711 0.002254149643704295 -0.019086439162492752 -1.0244125127792358
1681767313.2457535 45.942626953125 0.0007911747088655829 -0.017877455800771713 -1.021298885345459
1681767313.272734 45.95254898071289 -0.000845877977553755 -0.01891913078725338 -1.016035556793213
1681767313.2727575 45.95956039428711 0.0008847544668242335 -0.014314308762550354 -1.0144652128219604
1681767313.2867496 46.00225067138672 0.0019383395556360483 -0.008768550120294094 -1.0041608810424805
1681767313.286795 46.00616455078125 0.003365510143339634 -0.009237437509000301 -1.0097514390945435
1681767313.2997966 46.01608657836914 -0.000543728587217629 -0.009535676799714565 -1.0056356191635132
1681767313.3137958 46.026100158691406 -0.0035833867732435465 -0.010703693144023418 -1.0078316926956177
1681767313.3277729 46.034019470214844 0.0003953976556658745 -0.00845171045511961 -1.0142273902893066
1681767313.341803 46.04485321044922 -0.004166323225945234 -0.010299529880285263 -1.009123682975769
1681767313.354826 46.0507698059082 -0.003157171420753002 -0.011303667910397053 -1.0100200176239014
1681767313.3688293 46.058780670166016 -0.0053318762220442295 -0.011104284785687923 -1.007914423942566
1681767313.384782 46.07461929321289 -0.0022560800425708294 -0.011633760295808315 -1.003484845161438
1681767313.3967464 46.11812973022461 0.007435672916471958 -0.012326386757194996 -1.0022454261779785
1681767313.4097767 46.12604904174805 0.006998850032687187 -0.013758189976215363 -1.0075128078460693
1681767313.4248037 46.13597106933594 0.007978647947311401 -0.011567339301109314 -1.007094383239746
1681767313.4248295 46.14006805419922 0.006114369723945856 -0.012529032304883003 -1.0115134716033936
1681767313.465725 46.15890884399414 4.076526965945959e-05 -0.011014326475560665 -1.0113346576690674
1681767313.4657502 46.164825439453125 0.002326939720660448 -0.010279040783643723 -1.0113762617111206
1681767313.4777765 46.174659729003906 -0.0007497636834159493 -0.008002888411283493 -1.0133930444717407
1681767313.4908097 46.1845817565918 0.002182665513828397 -0.008794723078608513 -1.0151698589324951
1681767313.5037584 46.19441223144531 0.002983813639730215 -0.0071868812665343285 -1.0143715143203735
1681767313.5318108 46.21125030517578 0.005034792236983776 -0.007285469211637974 -1.0146057605743408
1681767313.5457401 46.259769439697266 0.004316515289247036 -0.015531370416283607 -1.0138702392578125
1681767313.5577807 46.275699615478516 0.0022033615969121456 -0.01730371080338955 -1.0123668909072876
1681767313.5708082 46.286529541015625 0.006065487861633301 -0.01756925694644451 -1.0144673585891724
1681767313.5847704 46.29836654663086 0.006504403427243233 -0.013411488384008408 -1.0103774070739746
1681767313.5987499 46.304283142089844 0.003889248939231038 -0.014521889388561249 -1.0050382614135742
1681767313.6127112 46.314205169677734 0.008264596574008465 -0.01009298488497734 -1.0045294761657715
1681767313.625732 46.325035095214844 0.00704069621860981 -0.0071366922929883 -0.9977592825889587
1681767313.6407993 46.33486557006836 0.006272193044424057 -0.0046987151727080345 -0.9988887310028076
1681767313.6548102 46.34478759765625 0.011191412806510925 -0.006921037100255489 -0.995987057685852
1681767313.654833 46.35079574584961 0.010229972191154957 -0.0031305034644901752 -0.9990012645721436
1681767313.6818242 46.35871505737305 0.013797363266348839 -0.005995485465973616 -1.000483751296997
1681767313.694763 46.41032791137695 0.008277527987957 -0.012546632438898087 -1.0121902227401733
1681767313.7098083 46.420249938964844 0.010685835033655167 -0.014364281669259071 -1.0178693532943726
1681767313.7098489 46.42425537109375 0.007060704752802849 -0.013842415064573288 -1.014497995376587
1681767313.7207506 46.436180114746094 0.008708675391972065 -0.01412392221391201 -1.01621413230896
1681767313.7328513 46.44510269165039 0.008969908580183983 -0.012186155654489994 -1.0144463777542114
1681767313.7457538 46.45320129394531 0.006868842989206314 -0.01231913547962904 -1.0116608142852783
1681767313.7598102 46.457298278808594 0.006128906738013029 -0.011750858277082443 -1.0102351903915405
1681767313.7728093 46.46540069580078 0.008234113454818726 -0.0110796969383955 -1.0121254920959473
1681767313.788728 46.47350311279297 0.00754212774336338 -0.010569615289568901 -1.0085874795913696
1681767313.7887523 46.51237106323242 0.007794022094458342 -0.01356392540037632 -1.0117051601409912
1681767313.8008687 46.52029037475586 0.009477141313254833 -0.01594066433608532 -1.0103827714920044
1681767313.814834 46.531124114990234 0.0037221931852400303 -0.015020853839814663 -1.0066883563995361
1681767313.8277674 46.541046142578125 0.005181194748729467 -0.018035022541880608 -1.0104291439056396
1681767313.8407943 46.55297088623047 0.006014080718159676 -0.019588211551308632 -1.0140961408615112
1681767313.8557749 46.55897903442383 0.0011108274338766932 -0.020079990848898888 -1.0106645822525024
1681767313.8687282 46.56980895996094 0.004147992003709078 -0.019060920923948288 -1.0144200325012207
1681767313.8818474 46.581642150878906 0.005818433593958616 -0.02078934572637081 -1.0121147632598877
1681767313.8818717 46.587650299072266 0.003485719207674265 -0.01941302791237831 -1.0090082883834839
1681767313.8947911 46.597572326660156 0.007370804902166128 -0.02052738331258297 -1.0086779594421387
1681767313.9077694 46.60640335083008 0.005372432991862297 -0.019164154306054115 -1.005790114402771
1681767313.9227872 46.61241149902344 0.010329188778996468 -0.020304352045059204 -1.0104304552078247
1681767313.9378264 46.62224197387695 0.009574070572853088 -0.019115829840302467 -1.0083473920822144
1681767313.9508605 46.669029235839844 0.002026122761890292 -0.019303174689412117 -1.0139133930206299
1681767313.9668028 46.67885971069336 -0.0010208318708464503 -0.01847270131111145 -1.0144039392471313
1681767313.9668365 46.682865142822266 0.0005476069636642933 -0.02042059600353241 -1.0154838562011719
1681767313.9798243 46.69369888305664 -0.002681531710550189 -0.01985844224691391 -1.01296067237854
1681767313.9928095 46.70362091064453 0.0013018755707889795 -0.017212944105267525 -1.0140069723129272
1681767314.0208051 46.71955108642578 0.002705968916416168 -0.015424112789332867 -1.0081411600112915
1681767314.0338116 46.730384826660156 0.00477617047727108 -0.013954343274235725 -1.010502576828003
1681767314.0457823 46.742218017578125 0.004551785532385111 -0.013233776204288006 -1.0109989643096924
1681767314.0607858 46.752227783203125 0.0015741882380098104 -0.015405907295644283 -1.011419653892517
1681767314.0608084 46.758148193359375 0.004315619356930256 -0.014571582898497581 -1.013009786605835
1681767314.0879064 46.76697540283203 0.0018455736571922898 -0.0151060177013278 -1.0141897201538086
1681767314.0879855 46.772891998291016 0.0017750498373061419 -0.016845818608999252 -1.0132765769958496
1681767314.1019218 46.815494537353516 -0.0014975741505622864 -0.014980684965848923 -1.0044682025909424
1681767314.1168349 46.82532501220703 0.004372976720333099 -0.011045834049582481 -1.0036203861236572
1681767314.1168764 46.82942199707031 0.00029667012859135866 -0.010877938941121101 -0.999434769153595
1681767314.1297438 46.83925247192383 0.007039042189717293 -0.0062682656571269035 -1.0002808570861816
1681767314.1428506 46.84817123413086 0.0023114276118576527 -0.005937828682363033 -0.9951930046081543
1681767314.155806 46.85991668701172 0.00438426248729229 -0.0035603197757154703 -0.9973219633102417
1681767314.1708257 46.863922119140625 0.005555691197514534 -0.0042551979422569275 -0.9961094856262207
1681767314.1838794 46.873931884765625 0.007729035336524248 -0.002388166496530175 -1.0004273653030396
1681767314.1967578 46.9166259765625 0.012404890730977058 -0.003488644026219845 -1.006787657737732
1681767314.2108135 46.926456451416016 0.008782298304140568 -0.0058305878192186356 -1.0074374675750732
1681767314.2108352 46.93146514892578 0.011146274395287037 -0.005635988898575306 -1.0091054439544678
1681767314.2238107 46.94329833984375 0.010174964554607868 -0.007722076959908009 -1.0117756128311157
1681767314.2368484 46.95130920410156 0.00780082494020462 -0.007863739505410194 -1.012783169746399
1681767314.250808 46.96113967895508 0.011501327157020569 -0.007970825769007206 -1.0142452716827393
1681767314.2648158 46.96514129638672 0.008309615775942802 -0.009279613383114338 -1.0140902996063232
1681767314.2777677 46.975975036621094 0.009916800074279308 -0.009086491540074348 -1.013771891593933
1681767314.290814 46.98780822753906 0.007534862495958805 -0.009138787165284157 -1.0127513408660889
1681767314.2908623 46.99381637573242 0.010134220123291016 -0.009651952423155308 -1.011871337890625
1681767314.3048272 47.00364685058594 0.009334702976047993 -0.008350757881999016 -1.0111315250396729
1681767314.3318264 47.02048873901367 0.010652344673871994 -0.0064674727618694305 -1.0102989673614502
1681767314.3448176 47.06682205200195 0.008223423734307289 -0.0063013723120093346 -1.0028886795043945
1681767314.357798 47.07683563232422 0.005322458688169718 -0.0069885412231087685 -1.0028705596923828
1681767314.370793 47.086666107177734 0.007829638198018074 -0.007772746961563826 -1.0050550699234009
1681767314.3847497 47.097408294677734 0.008238466456532478 -0.0071935164742171764 -1.0077388286590576
1681767314.384791 47.10332489013672 0.007268877234309912 -0.009352603927254677 -1.0067427158355713
1681767314.4247985 47.12689971923828 0.007419385015964508 -0.008666818961501122 -1.0121560096740723
1681767314.4248414 47.13181686401367 0.010895766317844391 -0.010264343582093716 -1.0121270418167114
1681767314.4377966 47.143558502197266 0.01160742249339819 -0.00892868172377348 -1.0140308141708374
1681767314.450831 47.153480529785156 0.00988124217838049 -0.007884986698627472 -1.0124378204345703
1681767314.4658463 47.165313720703125 0.013474354520440102 -0.0074540674686431885 -1.0101107358932495
1681767314.47881 47.169410705566406 0.010129213333129883 -0.007037850562483072 -1.0053621530532837
1681767314.4919887 47.18224334716797 0.01133560761809349 -0.006157716270536184 -1.0014108419418335
1681767314.509921 47.19207763671875 0.01523623801767826 -0.002586070215329528 -1.0030204057693481
1681767314.5100234 47.198081970214844 0.010883157141506672 -0.004458980169147253 -0.9984877109527588
1681767314.523767 47.24259567260742 0.008339392021298409 -0.00597350113093853 -1.0067533254623413
1681767314.536826 47.2534294128418 0.013004816137254238 -0.007117752451449633 -1.0080342292785645
1681767314.5507073 47.26517105102539 0.014632214792072773 -0.00445548677816987 -1.0104854106903076
1681767314.564785 47.26908493041992 0.014461214654147625 -0.0060933856293559074 -1.010853886604309
1681767314.5777612 47.27900695800781 0.017759181559085846 -0.005057081580162048 -1.011978268623352
1681767314.5917706 47.287017822265625 0.015909768640995026 -0.007232475560158491 -1.008063554763794
1681767314.6067507 47.329620361328125 0.019286595284938812 -0.00807545892894268 -1.0072007179260254
1681767314.6198034 47.340633392333984 0.01866770163178444 -0.00944996252655983 -1.0085563659667969
1681767314.632828 47.35246658325195 0.015158973634243011 -0.008016280829906464 -1.008026361465454
1681767314.6468163 47.36429977416992 0.010869262740015984 -0.01015000231564045 -1.0059053897857666
1681767314.6607897 47.36821365356445 0.014429055154323578 -0.008517837151885033 -1.0123426914215088
1681767314.673819 47.3791389465332 0.01341515313833952 -0.009661749005317688 -1.0096758604049683
1681767314.6847425 47.3908805847168 0.014144351705908775 -0.008118945173919201 -1.0115342140197754
1681767314.6847687 47.39479446411133 0.014174727723002434 -0.009023280814290047 -1.0073131322860718
1681767314.6978133 47.40471649169922 0.01703052781522274 -0.009187436662614346 -1.0080674886703491
1681767314.7117896 47.412818908691406 0.02163553237915039 -0.007598089054226875 -1.010729432106018
1681767314.7257602 47.419734954833984 0.020140090957283974 -0.009524384513497353 -1.0056565999984741
1681767314.738752 47.431480407714844 0.022429630160331726 -0.01043663453310728 -1.0073802471160889
1681767314.7548368 47.47417068481445 0.015447672456502914 -0.013531515374779701 -1.011907696723938
1681767314.767819 47.482181549072266 0.016102008521556854 -0.011875717900693417 -1.0118077993392944
1681767314.7808416 47.49701690673828 0.012711482122540474 -0.01306846085935831 -1.0152567625045776
1681767314.793811 47.50885009765625 0.011986947618424892 -0.013972239568829536 -1.0126749277114868
1681767314.8217325 47.5247802734375 0.014185106381773949 -0.011787029914557934 -1.0141103267669678
1681767314.8349762 47.53461456298828 0.015234543941915035 -0.011512253433465958 -1.013559341430664
1681767314.8488283 47.54544448852539 0.014656322076916695 -0.01171035971492529 -1.013759970664978
1681767314.8617778 47.55536651611328 0.014406776987016201 -0.008924396708607674 -1.011731505393982
1681767314.8618104 47.55937194824219 0.013066801242530346 -0.008848588913679123 -1.009592056274414
1681767314.8747735 47.56929397583008 0.012034769169986248 -0.0054595437832176685 -1.0100631713867188
1681767314.901855 47.57830810546875 0.010751224122941494 -0.0027249958366155624 -1.0032248497009277
1681767314.9019287 47.624549865722656 0.0053892964497208595 -0.0013963518431410193 -1.009537935256958
1681767314.9159327 47.63629150390625 0.007444509770721197 -0.002736202906817198 -1.0118072032928467
1681767314.9279456 47.646305084228516 0.007540464401245117 -0.004230427090078592 -1.0130378007888794
1681767314.9418685 47.65422439575195 0.007169040385633707 -0.006829792633652687 -1.015397310256958
1681767314.941933 47.65922927856445 0.00731850927695632 -0.0056379325687885284 -1.0132975578308105
1681767314.954846 47.67106246948242 0.00468469550833106 -0.008108401671051979 -1.0085279941558838
1681767314.982782 47.68307876586914 0.004863472189754248 -0.008389183320105076 -1.0106738805770874
1681767314.9828262 47.688995361328125 0.007574716117233038 -0.005513547454029322 -1.0089306831359863
1681767314.9957688 47.69691467285156 0.006663820240646601 -0.004897051025182009 -1.012959361076355
1681767315.0097551 47.70583724975586 0.007710239849984646 -0.0035125405993312597 -1.0105243921279907
1681767315.0217528 47.7177619934082 0.00445846701040864 -0.001412126119248569 -1.0102530717849731
1681767315.0368395 47.72377014160156 0.00040970509871840477 -0.004548847209662199 -1.013757348060608
1681767315.051782 47.731689453125 0.0010053457226604223 -0.0003066966310143471 -1.011747121810913
1681767315.0648553 47.78120803833008 -0.0010733819799497724 -0.00608542887493968 -1.015158772468567
1681767315.0777318 47.79304122924805 0.0018790079047903419 -0.00662784231826663 -1.0119328498840332
1681767315.0918164 47.800960540771484 8.189395884983242e-05 -0.006813895422965288 -1.0059946775436401
1681767315.0918405 47.80687713623047 0.004026639740914106 -0.004793507046997547 -1.009411096572876
1681767315.1057804 47.81679916381836 0.0008718814351595938 -0.005136098247021437 -1.002652883529663
1681767315.1338012 47.82762908935547 -0.000806953408755362 -0.005194405559450388 -1.0014748573303223
1681767315.1468172 47.841556549072266 -0.0016305820317938924 -0.005722158122807741 -1.0026203393936157
1681767315.159768 47.85157012939453 0.0016768979839980602 -0.0037189489230513573 -1.0059560537338257
1681767315.1758213 47.896175384521484 0.005731578450649977 -0.004312518052756786 -1.0120004415512085
1681767315.1898289 47.90518569946289 0.004014705307781696 -0.00512311328202486 -1.0048389434814453
1681767315.1898522 47.911102294921875 0.00869032647460699 -0.004428626038134098 -1.0102767944335938
1681767315.2038007 47.92093276977539 0.006617213599383831 -0.003872048342600465 -1.0043760538101196
1681767315.2177691 47.92694091796875 0.008049034513533115 -0.003960028290748596 -1.0095410346984863
1681767315.231811 47.930946350097656 0.004682661034166813 -0.0048253294080495834 -1.00426185131073
1681767315.2318366 47.936954498291016 0.00809906143695116 -0.0034869203809648752 -1.0037860870361328
1681767315.2449262 47.94778823852539 0.004149837885051966 -0.003174546407535672 -1.0019274950027466
1681767315.2567813 47.95771026611328 0.006977164652198553 -0.0034104734659194946 -1.0046252012252808
1681767315.2698138 47.965721130371094 0.0052840812131762505 -0.0027349842712283134 -1.003999948501587
1681767315.284817 47.975643157958984 0.0024210470728576183 -0.005119070876389742 -1.0030443668365479
1681767315.2980177 47.97964859008789 0.0031597991473972797 -0.005201918072998524 -1.0036879777908325
1681767315.3119366 47.990570068359375 0.0026877718046307564 -0.00763922743499279 -1.0039952993392944
1681767315.3248136 48.03908920288086 0.014364868402481079 -0.013530263677239418 -1.0151402950286865
1681767315.337911 48.04710006713867 0.014571315608918667 -0.014713266864418983 -1.0143630504608154
1681767315.3379788 48.05310821533203 0.012915162369608879 -0.013202184811234474 -1.009002923965454
1681767315.3507872 48.06102752685547 0.013742215931415558 -0.0133126862347126 -1.0079712867736816
1681767315.363869 48.07185745239258 0.01273269858211279 -0.010828805156052113 -1.00312077999115
1681767315.3918257 48.089698791503906 0.014686253853142262 -0.005837748758494854 -1.001510500907898
1681767315.404864 48.101444244384766 0.012858283706009388 -0.003548690816387534 -1.003769874572754
1681767315.4178374 48.112274169921875 0.009944572113454342 -0.002451632171869278 -1.0007891654968262
1681767315.4178717 48.11819076538086 0.015417625196278095 -0.000107820269477088 -1.0079270601272583
1681767315.4628153 48.14194869995117 0.012160106562077999 -6.919369479874149e-05 -1.00796377658844
1681767315.462858 48.18436813354492 0.011364809237420559 -0.007418387569487095 -1.0135743618011475
1681767315.4757981 48.19529342651367 0.013926840387284756 -0.006854118779301643 -1.0140315294265747
1681767315.4898465 48.20512390136719 0.013914689421653748 -0.005733491852879524 -1.0078872442245483
1681767315.5018106 48.21513748168945 0.012110196985304356 -0.003908710088580847 -1.0036017894744873
1681767315.5158858 48.22305679321289 0.01716882921755314 -0.004122610203921795 -1.005415916442871
1681767315.5159137 48.227970123291016 0.015424114651978016 -0.002513711340725422 -1.0048460960388184
1681767315.5437803 48.237892150878906 0.017999092116951942 -0.0028437350410968065 -1.0078563690185547
1681767315.5438066 48.24380874633789 0.014449046924710274 -0.0027675440069288015 -1.003782033920288
1681767315.5567958 48.25172805786133 0.016622640192508698 -0.004443157464265823 -1.0062761306762695
1681767315.5698166 48.2635612487793 0.014949971809983253 -0.0073857540264725685 -1.0056328773498535
1681767315.581811 48.27439498901367 0.011096100322902203 -0.01069153193384409 -1.0075784921646118
1681767315.6118119 48.292236328125 0.010301375761628151 -0.017383776605129242 -1.0128905773162842
1681767315.6247933 48.338661193847656 0.009803613647818565 -0.009944276884198189 -1.0045605897903442
1681767315.6248212 48.34457778930664 0.008141002617776394 -0.009357461705803871 -1.0013198852539062
1681767315.637792 48.35349655151367 0.010840087197721004 -0.0071974098682403564 -1.006083607673645
1681767315.650806 48.365333557128906 0.011468217708170414 -0.0004919572966173291 -1.002697467803955
1681767315.6638186 48.375343322753906 0.00941277202218771 9.472412057220936e-05 -1.00499427318573
1681767315.6918175 48.39018249511719 0.009310220368206501 0.0007714325911365449 -1.0082038640975952
1681767315.7039375 48.40192413330078 0.008146637119352818 -0.0021496328990906477 -1.0107102394104004
1681767315.7189598 48.40984344482422 0.01137610524892807 -0.0026805121451616287 -1.0153650045394897
1681767315.719031 48.41585159301758 0.009213513694703579 -0.0038668911438435316 -1.013077735900879
1681767315.7319932 48.425682067871094 0.011262855492532253 -0.0038960189558565617 -1.0196993350982666
1681767315.7458909 48.46646499633789 0.007638134993612766 -0.0028499492909759283 -1.010144591331482
1681767315.760795 48.477386474609375 0.006553882732987404 -0.0012597044697031379 -1.0051254034042358
1681767315.760817 48.481300354003906 0.006090795621275902 -0.0018410230986773968 -1.0077818632125854
1681767315.7867937 48.4912223815918 0.006361700128763914 0.00043799568084068596 -1.0048315525054932
1681767315.8018134 48.50123596191406 0.004168715327978134 0.0002835405175574124 -1.0083045959472656
1681767315.801837 48.50715255737305 0.005077562760561705 0.0005866549909114838 -1.0085976123809814
1681767315.814758 48.5180778503418 0.0027351435273885727 -2.501328708603978e-05 -1.0100586414337158
1681767315.826785 48.52799987792969 -0.0007290789508260787 -0.004180965479463339 -1.0146653652191162
1681767315.8558316 48.542015075683594 -0.0027028860058635473 -0.006928308866918087 -1.0188534259796143
1681767315.867785 48.588531494140625 -0.004531455226242542 -0.011507865972816944 -1.0030947923660278
1681767315.8808336 48.599365234375 0.0006450760411098599 -0.006690613925457001 -1.0029525756835938
1681767315.895781 48.60928726196289 0.0029490699525922537 -0.0035288434009999037 -0.998564600944519
1681767315.8958127 48.61320114135742 0.004131453577429056 -0.0031392157543450594 -1.0007163286209106
1681767315.907818 48.62312316894531 0.0026293352711945772 -0.0017773940926417708 -0.9996940493583679
1681767315.920867 48.63395309448242 0.0011606720509007573 -0.0011314124567434192 -1.0009101629257202
1681767315.9358635 48.63996124267578 0.004381915554404259 -0.0014012614265084267 -1.0022369623184204
1681767315.9488695 48.65179443359375 0.0027503694873303175 -0.0010729592759162188 -1.0031462907791138
1681767315.96181 48.663719177246094 0.0014040223322808743 -0.004958950448781252 -1.007934331893921
1681767315.975778 48.67163848876953 0.004960993304848671 -0.006580950692296028 -1.0139564275741577
1681767315.9758093 48.67655563354492 0.0022388966754078865 -0.007969970814883709 -1.0150567293167114
1681767315.9878237 48.68647766113281 0.00647906307131052 -0.00814998708665371 -1.019762396812439
1681767316.016856 48.69649124145508 0.003981051966547966 -0.009718110784888268 -1.0139424800872803
1681767316.0168855 48.70240783691406 0.006464425474405289 -0.010215412825345993 -1.0184454917907715
1681767316.0287838 48.74491882324219 0.013610889203846455 -0.002763882279396057 -1.0127642154693604
1681767316.0417802 48.75584030151367 0.010951676405966282 -0.003735920647159219 -1.003757357597351
1681767316.0559862 48.76567077636719 0.010192313231527805 -0.005017231218516827 -1.0027687549591064
1681767316.0689638 48.773590087890625 0.013530966825783253 -0.004598045721650124 -1.0057772397994995
1681767316.069024 48.779598236083984 0.011358431540429592 -0.005703064147382975 -1.0053001642227173
1681767316.0968013 48.791343688964844 0.013421575538814068 -0.008913069032132626 -1.0067017078399658
1681767316.096827 48.796348571777344 0.010867152363061905 -0.0086892144754529 -1.0107277631759644
1681767316.109834 48.80818176269531 0.009912699460983276 -0.012441172264516354 -1.0119788646697998
1681767316.1237974 48.82001495361328 0.012067542411386967 -0.014818304218351841 -1.0123811960220337
1681767316.136802 48.831756591796875 0.012964625842869282 -0.012718440033495426 -1.010484218597412
1681767316.165881 48.84841537475586 0.015247855335474014 -0.008638113737106323 -1.0057131052017212
1681767316.1798003 48.89684295654297 0.01607808656990528 -0.00044243576121516526 -1.0081353187561035
1681767316.1918085 48.90876770019531 0.01731136068701744 -0.0008519275579601526 -1.0088223218917847
1681767316.2058253 48.917598724365234 0.013881545513868332 -0.0014267684891819954 -1.0057482719421387
1681767316.2058504 48.921512603759766 0.016543496400117874 -0.00036518863635137677 -1.0116957426071167
1681767316.218817 48.93343734741211 0.015658363699913025 -0.003303478006273508 -1.0157549381256104
1681767316.246859 48.94727325439453 0.015344318933784962 -0.004110886249691248 -1.017174482345581
1681767316.2598312 48.958194732666016 0.014552157372236252 -0.0052702343091368675 -1.0147897005081177
1681767316.2717996 48.96802520751953 0.016452904790639877 -0.005959196016192436 -1.0155268907546997
1681767316.286864 48.97794723510742 0.016591588035225868 -0.004486518912017345 -1.011267066001892
1681767316.28689 48.98395538330078 0.014937210828065872 -0.006287415977567434 -1.008154273033142
1681767316.3128068 48.9937858581543 0.007953839376568794 -0.006206558085978031 -1.0078414678573608
1681767316.3267798 49.00279998779297 -0.003889425192028284 -0.00863699521869421 -0.9962384700775146
1681767316.3408663 49.05304718017578 -0.03375714644789696 -0.01904960162937641 -1.009704828262329
1681767316.3408904 49.05705261230469 -0.0346376895904541 -0.018429920077323914 -1.00892972946167
1681767316.3528533 49.068885803222656 -0.04279998317360878 -0.020985398441553116 -1.0174332857131958
1681767316.3658407 49.076805114746094 -0.057140737771987915 -0.02928195148706436 -1.000739336013794
1681767316.380116 49.08964157104492 -0.047938019037246704 -0.021611224859952927 -1.0156561136245728
1681767316.3938076 49.095558166503906 -0.04405314847826958 -0.025958457961678505 -1.014938235282898
1681767316.4067802 49.10538864135742 -0.04819449037313461 -0.022082172334194183 -1.016075611114502
1681767316.4198146 49.11521911621094 -0.03849545866250992 -0.019696667790412903 -1.013352394104004
1681767316.4329422 49.12605285644531 -0.03443310782313347 -0.01028402429074049 -1.0140295028686523
1681767316.4329734 49.1319694519043 -0.03131812438368797 -0.010513635352253914 -1.0077602863311768
1681767316.4617705 49.14780807495117 -0.02809416688978672 -0.005295149516314268 -1.0132914781570435
1681767316.473838 49.196144104003906 -0.039033807814121246 -0.0018169669201597571 -1.0122628211975098
1681767316.4868631 49.20706558227539 -0.039300985634326935 -0.005054749548435211 -1.0189454555511475
1681767316.4999766 49.216896057128906 -0.035441767424345016 -0.002563364803791046 -1.0244801044464111
1681767316.5138655 49.224815368652344 -0.0390106700360775 -0.007017304189503193 -1.0254156589508057
1681767316.513892 49.23073196411133 -0.04213184118270874 -0.008873031474649906 -1.0168343782424927
1681767316.5268445 49.24165725708008 -0.04523863643407822 -0.008211260661482811 -1.016300916671753
1681767316.5548112 49.25358200073242 -0.04513990134000778 -0.010533282533288002 -1.0045783519744873
1681767316.5548372 49.259498596191406 -0.041643012315034866 -0.009580537676811218 -1.0148907899856567
1681767316.5678036 49.27142333984375 -0.04232090711593628 -0.011789792217314243 -1.015782356262207
1681767316.5808365 49.28225326538086 -0.041931260377168655 -0.012127242051064968 -1.0166889429092407
1681767316.5948453 49.2941780090332 -0.03968510776758194 -0.013961758464574814 -1.0104598999023438
1681767316.608783 49.30009460449219 -0.039151255041360855 -0.011615707539021969 -1.0099332332611084
1681767316.6217272 49.311927795410156 -0.03610680624842644 -0.013907507061958313 -1.0082874298095703
1681767316.6387832 49.356441497802734 -0.03096633218228817 -0.016892069950699806 -1.0055469274520874
1681767316.6388187 49.36044692993164 -0.031980182975530624 -0.018187033012509346 -1.0041425228118896
1681767316.6518228 49.37137222290039 -0.031249944120645523 -0.015653951093554497 -1.0051602125167847
1681767316.66596 49.381202697753906 -0.031785763800144196 -0.01644635945558548 -1.0074551105499268
1681767316.677843 49.39312744140625 -0.03326699137687683 -0.015408171340823174 -1.010107159614563
1681767316.6930757 49.399044036865234 -0.034622445702552795 -0.015589412301778793 -1.0084298849105835
1681767316.7058184 49.40996551513672 -0.03484680876135826 -0.01210752408951521 -1.0093810558319092
1681767316.718826 49.419795989990234 -0.03717213496565819 -0.012817314825952053 -1.0095953941345215
1681767316.732914 49.4298095703125 -0.03702357038855553 -0.011706538498401642 -1.009316325187683
1681767316.732948 49.435726165771484 -0.036110419780015945 -0.011738208122551441 -1.011054515838623
1681767316.7458024 49.444557189941406 -0.035166915506124496 -0.010636899620294571 -1.0100404024124146
1681767316.7737515 49.45648193359375 -0.03650834783911705 -0.012864557094871998 -1.008405327796936
1681767316.7737775 49.462398529052734 -0.03561689704656601 -0.01133490540087223 -1.008005142211914
1681767316.7888021 49.508914947509766 -0.03418787568807602 -0.013355600647628307 -1.0079967975616455
1681767316.8007956 49.52083969116211 -0.03638727217912674 -0.01330666895955801 -1.0079888105392456
1681767316.8159697 49.53166961669922 -0.037014320492744446 -0.013290432281792164 -1.0107104778289795
1681767316.816018 49.5375862121582 -0.03804733231663704 -0.01390050444751978 -1.0102900266647339
1681767316.8288622 49.54550552368164 -0.03617755323648453 -0.014065577648580074 -1.0118224620819092
1681767316.8558347 49.55542755126953 -0.03645334765315056 -0.013260545209050179 -1.011730670928955
1681767316.8560076 49.561344146728516 -0.036928046494722366 -0.013882596977055073 -1.0102177858352661
1681767316.8698573 49.572269439697266 -0.03675759583711624 -0.013303497806191444 -1.0089658498764038
1681767316.8818333 49.58209991455078 -0.03626793995499611 -0.013141595758497715 -1.0086079835891724
1681767316.8948045 49.59211349487305 -0.03507654368877411 -0.012183306738734245 -1.010133981704712
1681767316.9228647 49.60694885253906 -0.03384022414684296 -0.011259670369327068 -1.0116854906082153
1681767316.936823 49.653465270996094 -0.03375175967812538 -0.00813270267099142 -1.0098682641983032
1681767316.9498553 49.667301177978516 -0.034461699426174164 -0.009282365441322327 -1.0091886520385742
1681767316.961973 49.677223205566406 -0.03498945012688637 -0.009020091965794563 -1.0075150728225708
1681767316.9759357 49.688148498535156 -0.03388872742652893 -0.00790036004036665 -1.0077409744262695
1681767316.9899657 49.69797897338867 -0.03450067341327667 -0.011110459454357624 -1.0086641311645508
1681767317.0028725 49.70398712158203 -0.03369320556521416 -0.010881897062063217 -1.0088417530059814
1681767317.0158482 49.711997985839844 -0.03318675607442856 -0.01089007593691349 -1.0075043439865112
1681767317.0309224 49.72383117675781 -0.031042365357279778 -0.012236698530614376 -1.0098199844360352
1681767317.0309649 49.72874450683594 -0.02999201789498329 -0.01174942497164011 -1.009036898612976
1681767317.042819 49.740577697753906 -0.028231529518961906 -0.013632871210575104 -1.0096827745437622
1681767317.0718083 49.75851058959961 -0.024479655548930168 -0.01184815913438797 -1.0104864835739136
1681767317.0837762 49.804935455322266 -0.015518425963819027 -0.01082139927893877 -1.0092377662658691
1681767317.0968544 49.815860748291016 -0.011460294015705585 -0.01027202419936657 -1.0100975036621094
1681767317.1108484 49.827693939208984 -0.008964935317635536 -0.01059805229306221 -1.0095207691192627
1681767317.126803 49.83961868286133 -0.006658039055764675 -0.011147093027830124 -1.0090057849884033
1681767317.1268253 49.84553527832031 -0.005385624244809151 -0.010455591604113579 -1.0087920427322388
1681767317.166827 49.86628723144531 -0.0004967825952917337 -0.009413812309503555 -1.0100586414337158
1681767317.1668546 49.870201110839844 -3.72769427485764e-05 -0.009853879921138287 -1.0098422765731812
1681767317.1808302 49.880126953125 0.0014820361975580454 -0.00908607430756092 -1.0091063976287842
1681767317.1937997 49.891048431396484 0.002620937302708626 -0.009079670533537865 -1.0082951784133911
1681767317.2068112 49.90279006958008 0.004066122695803642 -0.009056933224201202 -1.0077364444732666
1681767317.2208188 49.906795501708984 0.00437242491170764 -0.009375411085784435 -1.007624626159668
1681767317.233831 49.91680908203125 0.005823422688990831 -0.0091806435957551 -1.0068308115005493
1681767317.2477868 49.96314239501953 0.014323398470878601 -0.00933582428842783 -1.0070775747299194
1681767317.2608 49.97597885131836 0.01696690544486046 -0.00821089930832386 -1.008970856666565
1681767317.2738683 49.98781204223633 0.019076857715845108 -0.007214312441647053 -1.009527325630188
1681767317.2858164 49.99773406982422 0.02086266689002514 -0.006407884880900383 -1.009974479675293
1681767317.3148718 50.01266098022461 0.022636836394667625 -0.005544200073927641 -1.0106042623519897
1681767317.3267758 50.022491455078125 0.02375333197414875 -0.004539748653769493 -1.0113475322723389
1681767317.3417964 50.032413482666016 0.024337101727724075 -0.00484970910474658 -1.0109624862670898
1681767317.3418202 50.038421630859375 0.024836430326104164 -0.0048498292453587055 -1.0114006996154785
1681767317.3548295 50.04825210571289 0.02425071969628334 -0.006505190394818783 -1.0102931261062622
1681767317.382948 50.06318283081055 0.023666519671678543 -0.00765202846378088 -1.0091838836669922
1681767317.395827 50.1096076965332 0.023422367870807648 -0.010919229127466679 -1.00872004032135
1681767317.3958473 50.113609313964844 0.02298172377049923 -0.010935881175100803 -1.0085111856460571
1681767317.407829 50.12362289428711 0.02264772355556488 -0.010974360629916191 -1.0074164867401123
1681767317.4208238 50.134456634521484 0.023019349202513695 -0.01038327906280756 -1.0088977813720703
1681767317.4348109 50.144378662109375 0.022939395159482956 -0.009215755388140678 -1.0092488527297974
1681767317.447823 50.15420913696289 0.02282506786286831 -0.008684072643518448 -1.0096639394760132
1681767317.4768455 50.17013931274414 0.021127784624695778 -0.0070578595623373985 -1.0097455978393555
1681767317.4888985 50.186798095703125 0.01974625512957573 -0.00646446505561471 -1.0080839395523071
1681767317.501995 50.19872283935547 0.018470486626029015 -0.006627353839576244 -1.007623314857483
1681767317.5298321 50.21255874633789 0.017221469432115555 -0.007052591070532799 -1.0080777406692505
1681767317.5577972 50.26808547973633 0.014280163682997227 -0.009257163852453232 -1.0097888708114624
1681767317.5578322 50.27199935913086 0.013912337832152843 -0.009452460333704948 -1.0099847316741943
1681767317.56985 50.28001022338867 0.013111120089888573 -0.009778091683983803 -1.0096451044082642
1681767317.5829246 50.291934967041016 0.011678727343678474 -0.00963587872684002 -1.009865164756775
1681767317.5968409 50.30276870727539 0.011070606298744678 -0.009459774941205978 -1.0087428092956543
1681767317.624841 50.31669616699219 0.009428825229406357 -0.00942984689027071 -1.008263349533081
1681767317.6428266 50.32661437988281 0.008472385816276073 -0.009597400203347206 -1.0077378749847412
1681767317.655866 50.37131118774414 0.006223956122994423 -0.007140612695366144 -1.0090662240982056
1681767317.6688876 50.38623809814453 0.005287343170493841 -0.006886589340865612 -1.0088471174240112
1681767317.6829093 50.39616012573242 0.0049664913676679134 -0.006641366519033909 -1.0089104175567627
1681767317.6947863 50.408084869384766 0.005008047912269831 -0.006494198460131884 -1.008172631263733
1681767317.7098207 50.4119987487793 0.005183717701584101 -0.006675707176327705 -1.0082881450653076
1681767317.7238228 50.42301559448242 0.0057632471434772015 -0.007009940221905708 -1.008772611618042
1681767317.735854 50.43284606933594 0.006456109695136547 -0.007396172732114792 -1.0093070268630981
1681767317.7498174 50.44085693359375 0.006589619908481836 -0.007824525237083435 -1.0088328123092651
1681767317.7498524 50.44686508178711 0.006834846921265125 -0.00814632698893547 -1.008417010307312
1681767317.763976 50.456695556640625 0.007741102483123541 -0.00826515443623066 -1.008477807044983
1681767317.779843 50.497474670410156 0.01195446215569973 -0.008085861802101135 -1.010691523551941
1681767317.7937822 50.50830841064453 0.012667031958699226 -0.007951008155941963 -1.0100940465927124
1681767317.8208115 50.52423858642578 0.013156224973499775 -0.007567061576992273 -1.010371446609497
1681767317.8348014 50.53416061401367 0.013338285498321056 -0.007220430765300989 -1.0109783411026
1681767317.8480122 50.54908752441406 0.013379068113863468 -0.007380704395473003 -1.0106035470962524
1681767317.8599834 50.55891799926758 0.013071860186755657 -0.007275665178894997 -1.0096521377563477
1681767317.873047 50.56501770019531 0.012861656956374645 -0.006885277573019266 -1.009974479675293
1681767317.8839252 50.5749397277832 0.012074345722794533 -0.0068616014905273914 -1.0089004039764404
1681767317.8959503 50.58586502075195 0.01125476136803627 -0.007433934602886438 -1.0083869695663452
1681767317.9088569 50.62527847290039 0.008740095421671867 -0.008189915679395199 -1.007495403289795
1681767317.9238727 50.63711166381836 0.008580796420574188 -0.008217442780733109 -1.0076327323913574
1681767317.9238963 50.64102554321289 0.008801198564469814 -0.007805654313415289 -1.0075677633285522
1681767317.935894 50.651039123535156 0.008936752565205097 -0.008411531336605549 -1.007014513015747
1681767317.9490712 50.658958435058594 0.008956982754170895 -0.009210584685206413 -1.0070747137069702
1681767317.9769528 50.673797607421875 0.009558476507663727 -0.010169630870223045 -1.0079599618911743
1681767317.9898803 50.683719635009766 0.010529741644859314 -0.00998014584183693 -1.0089354515075684
1681767318.0048256 50.693641662597656 0.011590084992349148 -0.009677485562860966 -1.0105252265930176
1681767318.0048513 50.69764709472656 0.011710322462022305 -0.009775758720934391 -1.0103256702423096
1681767318.0208306 50.74033737182617 0.012249634601175785 -0.00896712951362133 -1.0100653171539307
1681767318.0337942 50.751258850097656 0.011590031906962395 -0.00871657021343708 -1.009196162223816
1681767318.0468485 50.76109313964844 0.010968739166855812 -0.008719521574676037 -1.0081602334976196
1681767318.0618446 50.7671012878418 0.010396476835012436 -0.008952542208135128 -1.006662130355835
1681767318.0748203 50.7771110534668 0.009809316135942936 -0.009003194980323315 -1.0060207843780518
1681767318.0878053 50.78794479370117 0.009083075448870659 -0.00948201585561037 -1.006063461303711
1681767318.1018746 50.79786682128906 0.009412677958607674 -0.00915669184178114 -1.0079017877578735
1681767318.101903 50.80187225341797 0.009586000815033913 -0.009250190109014511 -1.0079704523086548
1681767318.1168387 50.811885833740234 0.009567472152411938 -0.009221882559359074 -1.0089225769042969
1681767318.1298482 50.84865951538086 0.011507231742143631 -0.008789877407252789 -1.0095231533050537
1681767318.1428378 50.86049270629883 0.012258728966116905 -0.009239163249731064 -1.009172797203064
1681767318.1568117 50.869415283203125 0.012411849573254585 -0.009317882359027863 -1.0089592933654785
1681767318.170845 50.873329162597656 0.012181791476905346 -0.00937312189489603 -1.0087913274765015
1681767318.1848314 50.88325119018555 0.012106173671782017 -0.008960130624473095 -1.0082074403762817
1681767318.1848571 50.88734817504883 0.012060205452144146 -0.00904191192239523 -1.0080599784851074
1681767318.1978006 50.89727020263672 0.011843334883451462 -0.009136434644460678 -1.0076485872268677
1681767318.2108364 50.90618896484375 0.011907905340194702 -0.009011217392981052 -1.0083080530166626
1681767318.2228456 50.91611099243164 0.011710479855537415 -0.008063589222729206 -1.0086318254470825
1681767318.2388477 50.92002487182617 0.011597766540944576 -0.008008166216313839 -1.0085194110870361
1681767318.2537735 50.92812728881836 0.011515090242028236 -0.008084872737526894 -1.0088365077972412
1681767318.2658885 50.974735260009766 0.010149268433451653 -0.008461600169539452 -1.0095103979110718
1681767318.2659197 50.980743408203125 0.010056702420115471 -0.008628057315945625 -1.0095019340515137
1681767318.276831 50.99166488647461 0.009866184554994106 -0.008517729118466377 -1.0096315145492554
1681767318.290847 50.9997673034668 0.009620869532227516 -0.008760021068155766 -1.0094629526138306
1681767318.3037841 51.007869720458984 0.009596021845936775 -0.008644170127809048 -1.009310245513916
1681767318.3177767 51.015968322753906 0.009567925706505775 -0.008468416519463062 -1.009164810180664
1681767318.3178065 51.01997375488281 0.009561249054968357 -0.008247796446084976 -1.0093073844909668
1681767318.3448217 51.029075622558594 0.00973127968609333 -0.008217653259634972 -1.009312391281128
1681767318.35883 51.07368087768555 0.010368481278419495 -0.00874694250524044 -1.0098375082015991
1681767318.3588698 51.07768630981445 0.010388607159256935 -0.008793889544904232 -1.0095202922821045
1681767318.37183 51.087608337402344 0.010621524415910244 -0.008760605938732624 -1.0089354515075684
1681767318.3848274 51.09762191772461 0.010666454210877419 -0.009014862589538097 -1.00917387008667
1681767318.3988807 51.10554122924805 0.010719743557274342 -0.008526774123311043 -1.0095866918563843
1681767318.3989172 51.11045837402344 0.010902888141572475 -0.008270998485386372 -1.0096334218978882
1681767318.4118402 51.12037658691406 0.01095908135175705 -0.007908926345407963 -1.009650707244873
1681767318.4398315 51.128387451171875 0.0110752172768116 -0.00803168211132288 -1.0096840858459473
1681767318.4398584 51.13239288330078 0.01121724396944046 -0.00810380931943655 -1.0096734762191772
1681767318.4568996 51.144317626953125 0.011213615536689758 -0.007828745990991592 -1.0098187923431396
1681767318.4687846 51.18701171875 0.011312180198729038 -0.008641896769404411 -1.0088481903076172
1681767318.4828205 51.19593048095703 0.011376996524631977 -0.008595573715865612 -1.0092540979385376
1681767318.4968858 51.207855224609375 0.011584928259253502 -0.008544963784515858 -1.0089582204818726
1681767318.4969099 51.21186065673828 0.011414208449423313 -0.008507929742336273 -1.0091646909713745
1681767318.5378044 51.234710693359375 0.011453199200332165 -0.007936655543744564 -1.0101388692855835
1681767318.5378404 51.238624572753906 0.011408355087041855 -0.00785792339593172 -1.0101474523544312
1681767318.549841 51.2485466003418 0.011408775113523006 -0.007803840562701225 -1.0097613334655762
1681767318.5628552 51.25856018066406 0.011399723589420319 -0.00775296101346612 -1.0094656944274902
1681767318.5777988 51.2664794921875 0.011196447536349297 -0.007840091362595558 -1.0091220140457153
1681767318.5778399 51.271392822265625 0.011163250543177128 -0.007998030632734299 -1.0087553262710571
1681767318.6038866 51.28140640258789 0.01087198220193386 -0.008181985467672348 -1.0087178945541382
1681767318.619849 51.3280143737793 0.008842093870043755 -0.008645954541862011 -1.0086605548858643
1681767318.6318665 51.3380241394043 0.00854418333619833 -0.008575579151511192 -1.0087807178497314
1681767318.6448805 51.34785842895508 0.008285175077617168 -0.008660328574478626 -1.008567452430725
1681767318.6578338 51.356868743896484 0.007914380170404911 -0.008928691036999226 -1.0081970691680908
1681767318.657859 51.36087417602539 0.007641454227268696 -0.009206169284880161 -1.0080513954162598
1681767318.6708758 51.36897659301758 0.007679271977394819 -0.009615637362003326 -1.0083544254302979
1681767318.698908 51.3770751953125 0.007489094976335764 -0.009867980144917965 -1.0084770917892456
1681767318.6989493 51.38117218017578 0.007652250584214926 -0.009958124719560146 -1.0087721347808838
1681767318.7258677 51.43688201904297 0.009566009975969791 -0.009444238618016243 -1.009840726852417
1681767318.7398264 51.44680404663086 0.009881116449832916 -0.00910807866603136 -1.0095124244689941
1681767318.739864 51.450809478759766 0.010033505037426949 -0.00886029377579689 -1.0094040632247925
1681767318.7518291 51.46082305908203 0.010516577400267124 -0.008478295058012009 -1.009063720703125
1681767318.7658675 51.47065353393555 0.011200795881450176 -0.008145180530846119 -1.009393334388733
1681767318.7928627 51.48558044433594 0.011184083297848701 -0.00808147992938757 -1.0085325241088867
1681767318.8068705 51.49750518798828 0.011450947262346745 -0.008024275302886963 -1.0083590745925903
1681767318.8208733 51.50742721557617 0.011722263880074024 -0.008130217902362347 -1.0084478855133057
1681767318.820898 51.51143264770508 0.011626709252595901 -0.008242664858698845 -1.0084543228149414
1681767318.8328226 51.52235794067383 0.011216437444090843 -0.00810342188924551 -1.0083997249603271
1681767318.862873 51.532188415527344 0.010950827971100807 -0.008356657810509205 -1.0083115100860596
1681767318.8748438 51.588897705078125 0.010666786693036556 -0.008833448402583599 -1.0096831321716309
1681767318.8878696 51.599822998046875 0.010768784210085869 -0.009065823629498482 -1.0105209350585938
1681767318.902812 51.60965347290039 0.011009094305336475 -0.00905236043035984 -1.0102447271347046
1681767318.9028478 51.6136589050293 0.01090085506439209 -0.00913660041987896 -1.0102037191390991
1681767318.9148984 51.62367248535156 0.01092857401818037 -0.009054222144186497 -1.0096842050552368
1681767318.943837 51.63350296020508 0.010907405987381935 -0.009406065568327904 -1.0096979141235352
1681767318.9438627 51.63850784301758 0.01083351206034422 -0.009439483284950256 -1.009705662727356
1681767318.955854 51.65043258666992 0.010687955655157566 -0.009345626458525658 -1.0093114376068115
1681767318.9688962 51.65835189819336 0.010700903832912445 -0.009321950376033783 -1.0086535215377808
1681767318.9877493 51.70304870605469 0.01061654556542635 -0.009845978580415249 -1.0089458227157593
1681767319.0019064 51.7178840637207 0.010747486725449562 -0.010300236754119396 -1.008729100227356
1681767319.0148337 51.72771453857422 0.010248763486742973 -0.010167161002755165 -1.0088348388671875
1681767319.0288546 51.73372268676758 0.010163995437324047 -0.010166486725211143 -1.0082510709762573
1681767319.0408602 51.743736267089844 0.010097222402691841 -0.009698144160211086 -1.008030652999878
1681767319.0518365 51.75356674194336 0.010251263156533241 -0.009227353148162365 -1.0088574886322021
1681767319.0638325 51.76258087158203 0.010142811574041843 -0.00880743283778429 -1.009027361869812
1681767319.0768147 51.77067947387695 0.010003157891333103 -0.008525286801159382 -1.0091252326965332
1681767319.0768342 51.77468490600586 0.009843511506915092 -0.00837237760424614 -1.0091118812561035
1681767319.0898423 51.78287887573242 0.00977960042655468 -0.008161746896803379 -1.0087611675262451
1681767319.1217985 51.83567428588867 0.010724271647632122 -0.0077129690907895565 -1.0091441869735718
1681767319.135817 51.84068298339844 0.010751692578196526 -0.007897600531578064 -1.0093151330947876
1681767319.149882 51.85051345825195 0.010912219993770123 -0.008268509060144424 -1.0090049505233765
1681767319.1628916 51.862525939941406 0.010936101898550987 -0.00861361064016819 -1.008945345878601
1681767319.1629195 51.86643981933594 0.011005016043782234 -0.008613284677267075 -1.0088238716125488
1681767319.175847 51.876365661621094 0.011031227186322212 -0.008544214069843292 -1.0097525119781494
1681767319.20385 51.89120101928711 0.010726542212069035 -0.008882978931069374 -1.0094660520553589
1681767319.2168405 51.89921188354492 0.010409969836473465 -0.008702547289431095 -1.0091497898101807
1681767319.2298791 51.94590759277344 0.009806514717638493 -0.007795661687850952 -1.0087212324142456
1681767319.2438598 51.95574188232422 0.00930218119174242 -0.0077460333704948425 -1.0082900524139404
1681767319.2438855 51.96074676513672 0.009300624951720238 -0.007640394382178783 -1.008538007736206
1681767319.2568717 51.97066879272461 0.009259376674890518 -0.00784501526504755 -1.0089529752731323
1681767319.269875 51.9805908203125 0.009217210114002228 -0.007641542702913284 -1.008867859840393
