1681766869.1331708 103.22696685791016 0.010709596797823906 0.01305375900119543 -1.0106855630874634
1681766869.1452088 103.23506927490234 0.011209685355424881 0.012881310656666756 -1.0107883214950562
1681766869.1571937 103.24317169189453 0.012585331685841084 0.012516997754573822 -1.011236548423767
1681766869.1721988 103.25218200683594 0.028781095519661903 0.011643673293292522 -1.0057201385498047
1681766869.172262 103.25801086425781 0.04383403807878494 0.018678754568099976 -1.02347993850708
1681766869.1852498 103.26792907714844 0.05772453173995018 0.015882069244980812 -1.0250868797302246
1681766869.1992555 103.27394104003906 0.06512824445962906 0.0220602098852396 -1.0280786752700806
1681766869.2132282 103.2778549194336 0.06602954119443893 0.02190389111638069 -1.0298094749450684
1681766869.2132854 103.28385925292969 0.07906392961740494 0.017126811668276787 -1.0272399187088013
1681766869.2261748 103.29469299316406 0.09585011750459671 0.021797364577651024 -1.0197997093200684
1681766869.2383718 103.3066177368164 0.10665599256753922 0.024416876956820488 -1.0181094408035278
1681766869.251247 103.31654357910156 0.10027603805065155 0.018060993403196335 -1.0116623640060425
1681766869.2793455 103.3334732055664 0.09661909192800522 0.01819673180580139 -1.0215468406677246
1681766869.2931888 103.38017272949219 0.05200807377696037 0.010805432684719563 -1.0061085224151611
1681766869.3061476 103.38809204101562 0.048173997551202774 0.01208844967186451 -1.01305091381073
1681766869.3211472 103.3999252319336 0.04303304851055145 0.009977295994758606 -1.0059624910354614
1681766869.3211913 103.40592956542969 0.04203420504927635 0.013371335342526436 -1.0092642307281494
1681766869.3340724 103.41667175292969 0.03692975267767906 0.009439877234399319 -0.9997239112854004
1681766869.3621545 103.4344253540039 0.033311162143945694 0.009318987838923931 -0.9991135001182556
1681766869.3751867 103.44425201416016 0.03369378298521042 0.00888779480010271 -0.997084379196167
1681766869.3881264 103.4551773071289 0.03670201823115349 0.008298058994114399 -0.9988428950309753
1681766869.4021597 103.46501159667969 0.03574422001838684 0.008842919953167439 -1.0027167797088623
1681766869.4021847 103.46900939941406 0.03274146839976311 0.00851924903690815 -1.0051863193511963
1681766869.4342067 103.5216293334961 0.023334873840212822 0.017535587772727013 -1.0150080919265747
1681766869.4492073 103.52763366699219 0.02041003108024597 0.020234275609254837 -1.0156967639923096
1681766869.4622164 103.53846740722656 0.019062543287873268 0.020593762397766113 -1.0108436346054077
1681766869.4741187 103.54838562011719 0.012415328063070774 0.02069573476910591 -1.0114363431930542
1681766869.4891443 103.556396484375 0.01633518747985363 0.018528062850236893 -1.0072776079177856
1681766869.4891682 103.56231689453125 0.015191775746643543 0.01957254856824875 -1.0157362222671509
1681766869.5021942 103.5732421875 0.017981646582484245 0.018395734950900078 -1.0088167190551758
1681766869.5301669 103.58116149902344 0.011545808054506779 0.019469771534204483 -1.0141069889068604
1681766869.5302007 103.58716583251953 0.010476533323526382 0.015800023451447487 -1.0051016807556152
1681766869.5432198 103.63176727294922 0.014954345300793648 0.01555110327899456 -1.0053232908248901
1681766869.5551524 103.64178466796875 0.016101887449622154 0.015694711357355118 -1.0083099603652954
1681766869.5681965 103.651611328125 0.011784855276346207 0.014635007828474045 -1.0114216804504395
1681766869.5831413 103.66454315185547 0.014485110528767109 0.010352345183491707 -1.0035780668258667
1681766869.5831664 103.67045593261719 0.015110542997717857 0.013327647000551224 -1.0118827819824219
1681766869.5953498 103.678466796875 0.016978254541754723 0.011471964418888092 -1.0107005834579468
1681766869.6241887 103.68839263916016 0.011160616762936115 0.01134247425943613 -1.0124707221984863
1681766869.6242297 103.69230651855469 0.013305000960826874 0.0103575699031353 -1.013055682182312
1681766869.6372137 103.70513916015625 0.014138146303594112 0.010768439620733261 -1.0130596160888672
1681766869.6505554 103.71505737304688 0.017717191949486732 0.010519389994442463 -1.0148946046829224
1681766869.6671686 103.72498321533203 0.013087417930364609 0.009144078940153122 -1.0152570009231567
1681766869.6811802 103.7696762084961 0.015216153115034103 0.010105549357831478 -1.0097851753234863
1681766869.6812153 103.77359008789062 0.015356723219156265 0.010702233761548996 -1.0099213123321533
1681766869.7082262 103.78451538085938 0.015996580943465233 0.012017138302326202 -1.0126934051513672
1681766869.7211888 103.79443359375 0.018525265157222748 0.012746951542794704 -1.0095988512039185
1681766869.7212129 103.79853057861328 0.01990063674747944 0.012914510443806648 -1.010460615158081
1681766869.7331758 103.80845642089844 0.01870832033455372 0.011688468046486378 -1.007896900177002
1681766869.744148 103.81737518310547 0.017855949699878693 0.014345282688736916 -1.0081653594970703
1681766869.7561529 103.82538604736328 0.020516259595751762 0.013930678367614746 -1.0059096813201904
1681766869.770232 103.83358001708984 0.019314507022500038 0.014148869551718235 -1.0077488422393799
1681766869.784174 103.83758544921875 0.018212750554084778 0.013354610651731491 -1.007007360458374
1681766869.7982147 103.88855743408203 0.015550503507256508 0.014603562653064728 -1.00593900680542
1681766869.811079 103.89757537841797 0.015421613119542599 0.013606869615614414 -1.0070418119430542
1681766869.8252025 103.9074935913086 0.01681285910308361 0.01422883104532957 -1.0102605819702148
1681766869.8381915 103.91732788085938 0.015637189149856567 0.014633887447416782 -1.006343960762024
1681766869.8382158 103.92141723632812 0.017021190375089645 0.015361951664090157 -1.0097094774246216
1681766869.8511412 103.9312515258789 0.014228634536266327 0.012981075793504715 -1.0048344135284424
1681766869.8672101 103.93525695800781 0.015181977301836014 0.014778080396354198 -1.0069119930267334
1681766869.879279 103.94026184082031 0.013878348283469677 0.015030774287879467 -1.0087401866912842
1681766869.8793256 103.94417572021484 0.013393253087997437 0.01463711354881525 -1.003474473953247
1681766869.892229 103.95610046386719 0.014527150429785252 0.016274824738502502 -1.005261778831482
1681766869.9101233 103.96602630615234 0.015669716522097588 0.015975885093212128 -1.0043458938598633
1681766869.9221609 104.0127182006836 0.012583378702402115 0.012189814820885658 -1.0084805488586426
1681766869.9361308 104.02164459228516 0.009078305214643478 0.009458201006054878 -1.0065462589263916
1681766869.9361663 104.02555847167969 0.010179231874644756 0.009961020201444626 -1.0076364278793335
1681766869.9491763 104.03547668457031 0.008926589973270893 0.0077337659895420074 -1.0073883533477783
1681766869.977231 104.04348754882812 0.010354720056056976 0.008306478150188923 -1.0112396478652954
1681766869.9772558 104.04949951171875 0.008859029971063137 0.006354043725878 -1.0114682912826538
1681766869.9901745 104.05741882324219 0.009380687959492207 0.005891126114875078 -1.0124411582946777
1681766870.0031977 104.0683364868164 0.009677384980022907 0.005409336648881435 -1.0145055055618286
1681766870.0170994 104.07817077636719 0.006958133541047573 0.004767971113324165 -1.012053370475769
1681766870.0171237 104.08417510986328 0.009527911432087421 0.006419082637876272 -1.0154738426208496
1681766870.0442278 104.09419250488281 0.008357522077858448 0.00599263422191143 -1.0157283544540405
1681766870.0581677 104.14179992675781 0.008292235434055328 0.00712351780384779 -1.0153803825378418
1681766870.0581994 104.14771270751953 0.006899477913975716 0.004972236230969429 -1.0139458179473877
1681766870.0711617 104.1595458984375 0.008060591295361519 0.006296537816524506 -1.014042854309082
1681766870.0832055 104.17156219482422 0.008115595206618309 0.005696902982890606 -1.015010952949524
1681766870.0972679 104.17948150634766 0.009870209731161594 0.005347314290702343 -1.0145028829574585
1681766870.1241825 104.19632720947266 0.007986249402165413 0.0051718465983867645 -1.0131323337554932
1681766870.1361487 104.2042465209961 0.009067907929420471 0.004022922832518816 -1.0157206058502197
1681766870.1524053 104.21416473388672 0.008372723124921322 0.0030534968245774508 -1.0132437944412231
1681766870.1525211 104.21817016601562 0.00849463976919651 0.0030152108520269394 -1.014972448348999
1681766870.1643543 104.2554931640625 0.006708600092679262 0.0026746506337076426 -1.0124778747558594
1681766870.1772015 104.2645034790039 0.007701138965785503 0.002543291775509715 -1.0119166374206543
1681766870.1902025 104.27442932128906 0.007464931812137365 0.0017886873101815581 -1.012157917022705
1681766870.204248 104.2863540649414 0.006708037108182907 0.0009302583639509976 -1.0097824335098267
1681766870.2312422 104.30027770996094 0.007434050552546978 0.002238851273432374 -1.0105735063552856
1681766870.2452533 104.31320190429688 0.007807367946952581 0.0019777321722358465 -1.010567545890808
1681766870.245297 104.3171157836914 0.009227191098034382 0.002764233388006687 -1.011467695236206
1681766870.258236 104.3252182006836 0.008584781549870968 0.0029900444205850363 -1.0108827352523804
1681766870.2751808 104.33505249023438 0.009515748359262943 0.0043948558159172535 -1.0084872245788574
1681766870.2891512 104.37783813476562 0.009262106381356716 0.004996052943170071 -1.0075551271438599
1681766870.3301606 104.40259552001953 0.009105087257921696 0.003336604218930006 -1.0069754123687744
1681766870.3301797 104.40859985351562 0.008175731636583805 0.00468061026185751 -1.0074642896652222
1681766870.3432271 104.41852569580078 0.009179867804050446 0.004310332238674164 -1.0066194534301758
1681766870.356221 104.429443359375 0.010593200102448463 0.0043647740967571735 -1.0085804462432861
1681766870.368206 104.4412841796875 0.009825719520449638 0.0028451208490878344 -1.008347988128662
1681766870.384179 104.44519805908203 0.009945995174348354 0.005469793453812599 -1.0103758573532104
1681766870.397166 104.45320129394531 0.010438313707709312 0.002941935323178768 -1.0069600343704224
1681766870.4093227 104.4999008178711 0.011345010250806808 0.005525636952370405 -1.0119928121566772
1681766870.4243073 104.50881958007812 0.011951650492846966 0.0035655181854963303 -1.0095255374908447
1681766870.4243748 104.51274108886719 0.011588722467422485 0.003570058848708868 -1.0108071565628052
1681766870.4374182 104.524658203125 0.01098102517426014 0.003254675306379795 -1.0110101699829102
1681766870.4493346 104.53458404541016 0.011518346145749092 0.0020254298578947783 -1.010767936706543
1681766870.4642832 104.54450988769531 0.009571065194904804 0.00044850370613858104 -1.009804129600525
1681766870.4786732 104.54951477050781 0.010096813552081585 0.0020392551086843014 -1.010481834411621
1681766870.4901989 104.55943298339844 0.01056398544460535 0.001393674872815609 -1.0093967914581299
1681766870.505165 104.56735229492188 0.008338778279721737 0.0017757834866642952 -1.008302092552185
1681766870.5052068 104.57135772705078 0.00798703171312809 0.0009483842877671123 -1.0084258317947388
1681766870.5181756 104.58328247070312 0.009043281897902489 0.0018214455340057611 -1.0091469287872314
1681766870.5301816 104.59220123291016 0.008303177542984486 0.0023182325530797243 -1.011444091796875
1681766870.5452757 104.5981216430664 0.00822677556425333 0.001193521311506629 -1.011938452720642
1681766870.5711465 104.66038513183594 0.011653987690806389 0.001025122357532382 -1.0145158767700195
1681766870.5861485 104.6692123413086 0.010135809890925884 -0.00021485157776623964 -1.0131958723068237
1681766870.5861778 104.67312622070312 0.009623749181628227 -0.0007193650817498565 -1.0121386051177979
1681766870.59923 104.6849594116211 0.010715722106397152 -0.001612205058336258 -1.0122904777526855
1681766870.6112022 104.69488525390625 0.010028215125203133 -0.0018416049424558878 -1.0139007568359375
1681766870.62616 104.69879913330078 0.009567909874022007 -0.0029042214155197144 -1.0120000839233398
1681766870.641244 104.7068099975586 0.011405961588025093 -0.001567240571603179 -1.0123169422149658
1681766870.6531878 104.71764373779297 0.010687052272260189 -0.002268384210765362 -1.0146656036376953
1681766870.6661642 104.7275619506836 0.011237514205276966 -0.002317601116374135 -1.0130643844604492
1681766870.6849453 104.73748779296875 0.0111289257183671 -0.00453550647944212 -1.0143778324127197
1681766870.6849911 104.7781753540039 0.010933147743344307 -0.003994300030171871 -1.0135234594345093
1681766870.6971734 104.78800201416016 0.010687255300581455 -0.004786948673427105 -1.014786720275879
1681766870.7101688 104.7989273071289 0.009782480075955391 -0.005459802690893412 -1.0091301202774048
1681766870.7251964 104.80284118652344 0.01159629225730896 -0.0034961998462677 -1.01192045211792
1681766870.7382033 104.81485748291016 0.012945974245667458 -0.002170006977394223 -1.0107933282852173
1681766870.7511985 104.82469177246094 0.012146219611167908 -0.0037343264557421207 -1.0078494548797607
1681766870.764197 104.83361053466797 0.013079551979899406 -0.00163841072935611 -1.0098364353179932
1681766870.7772062 104.84553527832031 0.01153960358351469 -0.0017531599150970578 -1.006795883178711
1681766870.7772524 104.84944915771484 0.012182273901998997 -0.0011414819164201617 -1.009419322013855
1681766870.801227 104.85755157470703 0.013347162865102291 -0.0008120402926579118 -1.0080102682113647
1681766870.8293087 104.90879821777344 0.009776233695447445 0.0005914370995014906 -1.0086884498596191
1681766870.8293478 104.91371154785156 0.009234117344021797 0.0005205273628234863 -1.0094496011734009
1681766870.8421345 104.9256362915039 0.010744237340986729 0.0019507207907736301 -1.0085868835449219
1681766870.8542173 104.93355560302734 0.009743803180754185 0.0002903756103478372 -1.0087014436721802
1681766870.8682055 104.94548034667969 0.010502043180167675 0.00015094700211193413 -1.0073951482772827
1681766870.89519 104.95832061767578 0.010698876343667507 -0.0001266917388420552 -1.0106130838394165
1681766870.9122746 104.9682388305664 0.01092001423239708 -0.0005602382007054985 -1.0084350109100342
1681766870.9123225 104.97224426269531 0.011068776249885559 -0.001082113478332758 -1.0090993642807007
1681766870.9252164 105.01493835449219 0.008767285384237766 0.001634187065064907 -1.0076181888580322
1681766870.9371612 105.02686309814453 0.007941567339003086 0.0036241738125681877 -1.010027527809143
1681766870.9502044 105.03569030761719 0.006123738829046488 0.0032199968118220568 -1.0076349973678589
1681766870.9641254 105.04752349853516 0.008050297386944294 0.004509801976382732 -1.0093601942062378
1681766870.9641593 105.05152893066406 0.007779789622873068 0.00522105535492301 -1.0108625888824463
1681766870.9912193 105.0634536743164 0.008452573791146278 0.005283646285533905 -1.0099925994873047
1681766871.005198 105.07428741455078 0.00738871144130826 0.0032372483983635902 -1.010413408279419
1681766871.0052297 105.08020782470703 0.008519460447132587 0.003140505636110902 -1.0102852582931519
1681766871.017223 105.09194946289062 0.010298541747033596 0.0028014620766043663 -1.0121731758117676
1681766871.0462332 105.10969543457031 0.011136644519865513 -0.0005441076355054975 -1.0104095935821533
1681766871.058228 105.11862182617188 0.010754828341305256 -0.0018576931906864047 -1.0109483003616333
1681766871.0752184 105.16513061523438 0.010855814442038536 -0.006231296807527542 -1.015002965927124
1681766871.089159 105.17496490478516 0.011991743929684162 -0.006961965933442116 -1.0137618780136108
1681766871.0891862 105.18096923828125 0.011926465667784214 -0.006976680364459753 -1.013112187385559
1681766871.10225 105.19080352783203 0.011971368454396725 -0.007679120637476444 -1.0123443603515625
1681766871.1153128 105.2016372680664 0.01282514724880457 -0.006955367978662252 -1.012198805809021
1681766871.1301858 105.20755004882812 0.012086384929716587 -0.006227783393114805 -1.012758493423462
1681766871.144269 105.21155548095703 0.011003825813531876 -0.007718194276094437 -1.0104422569274902
1681766871.1443377 105.21556091308594 0.011841305531561375 -0.008300933055579662 -1.0091410875320435
1681766871.1572964 105.2273941040039 0.013532372191548347 -0.0057291677221655846 -1.0113381147384644
1681766871.1701403 105.23640441894531 0.012234269641339779 -0.007775003556162119 -1.0058335065841675
1681766871.1831496 105.2462387084961 0.012266015633940697 -0.006997513119131327 -1.0081228017807007
1681766871.1831727 105.25215911865234 0.012387915514409542 -0.005638736765831709 -1.007223129272461
1681766871.19721 105.25607299804688 0.012286171317100525 -0.006911644246429205 -1.0064016580581665
1681766871.211241 105.26016998291016 0.01227854285389185 -0.007039314601570368 -1.0060546398162842
1681766871.2252123 105.30868530273438 0.009327840991318226 -0.005324325058609247 -1.010892391204834
1681766871.2402024 105.3176040649414 0.009688734076917171 -0.003392813028767705 -1.011912226676941
1681766871.2532036 105.33344268798828 0.00925053097307682 -0.0050950367003679276 -1.0110782384872437
1681766871.2651627 105.34336853027344 0.008832956664264202 -0.004225612618029118 -1.0116196870803833
1681766871.2781706 105.35328674316406 0.010708360001444817 -0.005723918322473764 -1.0112559795379639
1681766871.2941506 105.35820007324219 0.010703826323151588 -0.0048412359319627285 -1.0140926837921143
1681766871.306175 105.3662109375 0.008630136959254742 -0.005440445616841316 -1.0107665061950684
1681766871.3211787 105.37604522705078 0.01045252662152052 -0.004468325059860945 -1.0118744373321533
1681766871.3361948 105.42265319824219 0.009451684542000294 -0.0022291382774710655 -1.0130243301391602
1681766871.3362174 105.42847442626953 0.0074899871833622456 -0.002242696937173605 -1.0123882293701172
1681766871.3481824 105.4393081665039 0.00790243037045002 -0.0021824028808623552 -1.0116143226623535
1681766871.3612587 105.44914245605469 0.007788324728608131 -0.0008048788295127451 -1.0134310722351074
1681766871.3752794 105.45706176757812 0.006734082009643316 -0.00221326039172709 -1.0108282566070557
1681766871.388175 105.46297454833984 0.008295328356325626 -0.001829865388572216 -1.0123322010040283
1681766871.4021738 105.47280883789062 0.005375572480261326 -0.0027471380308270454 -1.0119218826293945
1681766871.4141712 105.48172760009766 0.007651515305042267 -0.004423790145665407 -1.009878158569336
1681766871.4142148 105.4876480102539 0.008115587756037712 -0.00423849793151021 -1.0142629146575928
1681766871.426169 105.49747467041016 0.00661355210468173 -0.007991103455424309 -1.0103099346160889
1681766871.4391956 105.50730895996094 0.008838814683258533 -0.007057070732116699 -1.0152236223220825
1681766871.4542227 105.51131439208984 0.008095996454358101 -0.007703191135078669 -1.0157934427261353
1681766871.4672282 105.52041625976562 0.006990193389356136 -0.011554865166544914 -1.0103387832641602
1681766871.4812424 105.56693267822266 0.007367030717432499 -0.01130496896803379 -1.0111804008483887
1681766871.4942226 105.57867431640625 0.008374073542654514 -0.008576988242566586 -1.013121247291565
1681766871.5062027 105.5905990600586 0.008520198985934258 -0.00845932587981224 -1.0080868005752563
1681766871.5201662 105.5986099243164 0.009378819726407528 -0.005262665916234255 -1.011431097984314
1681766871.5201895 105.60552215576172 0.007958956994116306 -0.006941310595721006 -1.0054906606674194
1681766871.5341728 105.61144256591797 0.010244789533317089 -0.004805535078048706 -1.0050230026245117
1681766871.5472357 105.61727142333984 0.011055625975131989 -0.004268706310540438 -1.0087090730667114
1681766871.56117 105.62519073486328 0.009591257199645042 -0.004469320178031921 -1.0037285089492798
1681766871.5612059 105.63119506835938 0.010485948994755745 -0.0031997933983802795 -1.0025607347488403
1681766871.5741959 105.63920593261719 0.011748798191547394 -0.0016256287926808 -1.007130742073059
1681766871.5872262 105.64994812011719 0.009476546198129654 -0.004114392213523388 -1.003180980682373
1681766871.6011677 105.65986633300781 0.010362457484006882 -0.0027206228114664555 -1.0079455375671387
1681766871.6152537 105.66587829589844 0.010972579941153526 -0.0027713857125490904 -1.0099619626998901
1681766871.6432202 105.71830749511719 0.005820220801979303 -0.0117050064727664 -1.013205647468567
1681766871.6432433 105.72331237792969 0.007620379328727722 -0.010523147881031036 -1.015336036682129
1681766871.6562235 105.73515319824219 0.00610687118023634 -0.011543883942067623 -1.0150036811828613
1681766871.668186 105.74307250976562 0.00808883085846901 -0.01189544890075922 -1.0133955478668213
1681766871.682202 105.7549057006836 0.006251316983252764 -0.011187281459569931 -1.0139424800872803
1681766871.6962473 105.763916015625 0.008303835056722164 -0.011057853698730469 -1.0123471021652222
1681766871.7092419 105.76982879638672 0.007521780673414469 -0.011620355769991875 -1.0139784812927246
1681766871.7234154 105.78166198730469 0.006514474283903837 -0.011467477306723595 -1.009161114692688
1681766871.7234452 105.78758239746094 0.007187353912740946 -0.00929691269993782 -1.011431097984314
1681766871.7402167 105.83200073242188 0.007264534942805767 -0.006403682287782431 -1.0072474479675293
1681766871.75219 105.8420181274414 0.009381433948874474 -0.0030176269356161356 -1.010744571685791
1681766871.7662072 105.85485076904297 0.010132469236850739 -0.003850211389362812 -1.0085666179656982
1681766871.7801607 105.86468505859375 0.009094322100281715 -0.0020199050195515156 -1.011304259300232
1681766871.7931507 105.87068939208984 0.009764371439814568 -0.0035612399224191904 -1.0071710348129272
1681766871.8062282 105.880615234375 0.014383010566234589 -0.001193007454276085 -1.012303352355957
1681766871.8212025 105.89144134521484 0.012332634069025517 -0.0027683901134878397 -1.009627103805542
1681766871.821227 105.89745330810547 0.012916259467601776 -0.0019931590650230646 -1.0093767642974854
1681766871.8332283 105.90727996826172 0.011487510986626148 -0.0020504449494183064 -1.010318636894226
1681766871.8612015 105.92121124267578 0.010084844194352627 -0.0031350974459201097 -1.008054256439209
1681766871.8742297 105.93204498291016 0.008435859344899654 -0.0032224608585238457 -1.0102570056915283
1681766871.8872745 105.97655487060547 0.007535422686487436 -0.0035037738271057606 -1.0095748901367188
1681766871.9012163 105.98648071289062 0.007164755370467901 -0.005086359102278948 -1.007165789604187
1681766871.9012725 105.99239349365234 0.009973529726266861 -0.0033851927146315575 -1.0111401081085205
1681766871.9141908 106.0023193359375 0.0075630187056958675 -0.004694015718996525 -1.0069787502288818
1681766871.9272206 106.01314544677734 0.01083383709192276 -0.0038486565463244915 -1.010820984840393
1681766871.9422371 106.0190658569336 0.00895631406456232 -0.0022996356710791588 -1.00843346118927
1681766871.9541814 106.0270767211914 0.009588317945599556 -0.002575369318947196 -1.0071558952331543
1681766871.9682567 106.03890991210938 0.00938466377556324 -0.0023038210347294807 -1.010973572731018
1681766871.981225 106.04792022705078 0.007731050252914429 -0.0045867436565458775 -1.0076181888580322
1681766871.9941792 106.05775451660156 0.007747710682451725 -0.005185389891266823 -1.0119600296020508
1681766871.9942207 106.06366729736328 0.005820625461637974 -0.004641395527869463 -1.0128737688064575
1681766872.010219 106.06767272949219 0.004302215296775103 -0.005515752360224724 -1.011959433555603
1681766872.023194 106.07176971435547 0.00392200006172061 -0.006546686869114637 -1.0115185976028442
1681766872.035195 106.12238311767578 0.000567452167160809 -0.005207362584769726 -1.0127851963043213
1681766872.0492394 106.13330078125 -0.0016039526090025902 -0.003570481901988387 -1.0122401714324951
1681766872.0492785 106.13722229003906 -0.0022275953087955713 -0.004594834055751562 -1.0100904703140259
1681766872.0622647 106.14714050292969 0.00042781219235621393 -0.003276929259300232 -1.0106916427612305
1681766872.0741591 106.15706634521484 -0.0010075935861095786 -0.002040599472820759 -1.0100446939468384
1681766872.0891628 106.16698455810547 -0.0004166188882663846 -0.0034217704087495804 -1.0088834762573242
1681766872.103209 106.1718978881836 0.0010185684077441692 -0.002032988704741001 -1.011139154434204
1681766872.1152592 106.18373107910156 -0.0002953406365122646 -0.0033377590589225292 -1.0082333087921143
1681766872.1293163 106.19365692138672 0.0009551419643685222 -0.003914741333574057 -1.0081897974014282
1681766872.1293554 106.19956970214844 0.0016896218294277787 -0.002954903058707714 -1.0100550651550293
1681766872.1442173 106.21040344238281 -7.60141119826585e-05 -0.007034828420728445 -1.0093926191329956
1681766872.1721933 106.22223663330078 0.002833203412592411 -0.005497571546584368 -1.0133869647979736
1681766872.1872354 106.27667236328125 0.0020574419759213924 -0.007353140041232109 -1.012802004814148
1681766872.203249 106.28650665283203 0.0019090143032371998 -0.00722978450357914 -1.0108546018600464
1681766872.203271 106.29141998291016 0.0033217198215425014 -0.006323265377432108 -1.0099740028381348
1681766872.2161694 106.30125427246094 0.0023373104631900787 -0.006360536906868219 -1.0122942924499512
1681766872.2292309 106.31117248535156 0.002398647600784898 -0.0061583612114191055 -1.0120090246200562
1681766872.2432854 106.32118225097656 0.0024143336340785027 -0.006401398219168186 -1.0125110149383545
1681766872.257225 106.32518768310547 0.0017157730180770159 -0.006306517403572798 -1.0127403736114502
1681766872.270246 106.33602142333984 0.0008821219671517611 -0.004773834254592657 -1.0136306285858154
1681766872.2832313 106.34785461425781 0.003229879541322589 -0.00381558109074831 -1.014636754989624
1681766872.2972188 106.36178588867188 0.0034553799778223038 -0.0021220564376562834 -1.014108419418335
1681766872.3242621 106.37662506103516 0.0018490419024601579 -0.0027227229438722134 -1.0138663053512573
1681766872.351161 106.43706512451172 0.005589998792856932 7.206614827737212e-05 -1.0121040344238281
1681766872.3632112 106.44889831542969 0.006545918062329292 0.0007760100997984409 -1.014020323753357
1681766872.3761964 106.45973205566406 0.00491642951965332 -0.0008710505208000541 -1.012676477432251
1681766872.3912504 106.47156524658203 0.005814583506435156 -0.0030053388327360153 -1.0083054304122925
1681766872.404226 106.47557067871094 0.006493091583251953 -0.001493121962994337 -1.0104440450668335
1681766872.4171863 106.48548889160156 0.004824469797313213 -0.0035418462939560413 -1.0101754665374756
1681766872.4321947 106.49441528320312 0.005536303389817476 -0.005774347577244043 -1.0070180892944336
1681766872.4322197 106.49832916259766 0.007414292544126511 -0.0045543271116912365 -1.0123095512390137
1681766872.4442372 106.51025390625 0.005085471086204052 -0.0073536899872124195 -1.010711908340454
1681766872.4571776 106.51817321777344 0.00557643873617053 -0.008437140844762325 -1.0075453519821167
1681766872.4732 106.52417755126953 0.008577953092753887 -0.00612446665763855 -1.0139753818511963
1681766872.4852326 106.53209686279297 0.003943184856325388 -0.009371805936098099 -1.0077359676361084
1681766872.4982133 106.58370971679688 0.00534285232424736 -0.00878144335001707 -1.0074385404586792
1681766872.5112376 106.59363555908203 0.007101063150912523 -0.007554535288363695 -1.0081779956817627
1681766872.5262568 106.60346221923828 0.010067188180983067 -0.006281989626586437 -1.0129066705703735
1681766872.5402358 106.61338806152344 0.007494692225009203 -0.009001645259559155 -1.0122051239013672
1681766872.5402594 106.62030029296875 0.007048086728900671 -0.00934551004320383 -1.0069116353988647
1681766872.5532038 106.626220703125 0.009545182809233665 -0.007593664340674877 -1.012268304824829
1681766872.5673215 106.63213348388672 0.008432376198470592 -0.008787519298493862 -1.009073257446289
1681766872.5812523 106.64797973632812 0.00841894093900919 -0.008899918757379055 -1.0084530115127563
1681766872.594169 106.65680694580078 0.010907147079706192 -0.008605802431702614 -1.0129451751708984
1681766872.6061773 106.66864013671875 0.011433208361268044 -0.007711972109973431 -1.0135314464569092
1681766872.6531901 106.73290252685547 0.01615319959819317 -0.0048910221084952354 -1.0125051736831665
1681766872.6662114 106.74373626708984 0.014331881888210773 -0.004966496489942074 -1.0104022026062012
1681766872.6792047 106.75556945800781 0.015821658074855804 -0.004081017803400755 -1.0122332572937012
1681766872.6922264 106.77140808105469 0.014409459196031094 -0.004836946725845337 -1.0122089385986328
1681766872.7201662 106.78024291992188 0.01422122959047556 -0.005631403066217899 -1.0118776559829712
1681766872.7201955 106.7861557006836 0.012536880560219288 -0.006073297932744026 -1.011170506477356
1681766872.733212 106.79608154296875 0.012991879135370255 -0.006552805658429861 -1.012284278869629
1681766872.746378 106.80799865722656 0.015124080702662468 -0.004866277799010277 -1.0138493776321411
1681766872.7592177 106.81883239746094 0.01203593984246254 -0.007920199073851109 -1.011285424232483
1681766872.7872028 106.83649444580078 0.012670118361711502 -0.00703782681375742 -1.011317253112793
1681766872.7992492 106.8890151977539 0.014278648421168327 -0.004540775902569294 -1.004507064819336
1681766872.8112185 106.89702606201172 0.017207924276590347 -0.0027449517510831356 -1.0053619146347046
1681766872.8252473 106.90776824951172 0.01742536574602127 -0.0018830576445907354 -1.0068446397781372
1681766872.8252714 106.91368865966797 0.014862745068967342 -0.0037112566642463207 -1.002920389175415
1681766872.838165 106.9236068725586 0.016910016536712646 -0.002139749936759472 -1.0076909065246582
1681766872.8532267 106.92952728271484 0.015878712758421898 -0.004328295588493347 -1.005144715309143
1681766872.8662481 106.93353271484375 0.01567804627120495 -0.0032507090363651514 -1.0079296827316284
1681766872.8662856 106.93753814697266 0.014135261997580528 -0.003948051482439041 -1.0070784091949463
1681766872.880221 106.9504623413086 0.015515527687966824 -0.005320576019585133 -1.009585976600647
1681766872.892226 106.95838165283203 0.013356711715459824 -0.005780997686088085 -1.0123107433319092
1681766872.9061797 106.96829986572266 0.013410265557467937 -0.007527913432568312 -1.011121153831482
1681766872.932252 106.98313903808594 0.011338911019265652 -0.008335262537002563 -1.0124150514602661
1681766872.9472358 107.03366088867188 0.011947480961680412 -0.006753000430762768 -1.0130336284637451
1681766872.9472656 107.03766632080078 0.013349550776183605 -0.0066210441291332245 -1.0114266872406006
1681766872.9604254 107.04750061035156 0.014627546072006226 -0.004057035781443119 -1.013095736503601
1681766872.9721868 107.05741882324219 0.01377780269831419 -0.006105008069425821 -1.0070818662643433
1681766872.9851882 107.06825256347656 0.015092640183866024 -0.003167694667354226 -1.0098965167999268
1681766872.999291 107.07817077636719 0.013465617783367634 -0.0059282490983605385 -1.005692720413208
1681766873.0262654 107.09201049804688 0.015559408813714981 -0.003690057899802923 -1.008652925491333
1681766873.0402007 107.10284423828125 0.015189857222139835 -0.005265447311103344 -1.0092557668685913
1681766873.0402272 107.10675811767578 0.015840880572795868 -0.004635321442037821 -1.010379672050476
1681766873.0531838 107.11658477783203 0.014476814307272434 -0.005614957306534052 -1.0114225149154663
1681766873.0682535 107.12651062011719 0.014750687405467033 -0.00652221729978919 -1.009600281715393
1681766873.083196 107.16710662841797 0.013919427059590816 -0.010899151675403118 -1.0087730884552002
1681766873.0962255 107.1810302734375 0.014942144975066185 -0.009645144455134869 -1.0119973421096802
1681766873.1242661 107.19195556640625 0.014256813563406467 -0.01037027407437563 -1.008252501487732
1681766873.1242893 107.1978759765625 0.015467771328985691 -0.008894015103578568 -1.0107253789901733
1681766873.1371837 107.20588684082031 0.013396474532783031 -0.009908131323754787 -1.0095319747924805
1681766873.152189 107.21781158447266 0.013978566974401474 -0.00842770654708147 -1.007900595664978
1681766873.1652048 107.22855377197266 0.012709295377135277 -0.008395958691835403 -1.007888913154602
1681766873.1792102 107.23446655273438 0.01243678480386734 -0.008112538605928421 -1.006279706954956
1681766873.1923242 107.24439239501953 0.014531970024108887 -0.006006092764437199 -1.010339379310608
1681766873.206248 107.29299926757812 0.010270548984408379 -0.002277266001328826 -1.009853482246399
1681766873.2192287 107.30282592773438 0.012305178679525852 -0.0029193968512117863 -1.0096251964569092
1681766873.232219 107.32157897949219 0.011752468533813953 -0.002003582427278161 -1.0099791288375854
1681766873.2462234 107.32949829101562 0.011517834849655628 -0.0015799764078110456 -1.0106515884399414
1681766873.2602675 107.33551025390625 0.01069046463817358 -0.0015287083806470037 -1.0107563734054565
1681766873.2732553 107.34342956542969 0.008236104622483253 -0.003512068185955286 -1.005694031715393
1681766873.287209 107.35435485839844 0.010171905159950256 -0.0026275496929883957 -1.008097529411316
1681766873.2992222 107.36427307128906 0.007513826247304678 -0.0037579676136374474 -1.0034867525100708
1681766873.3132498 107.37419128417969 0.009772292338311672 -0.002912848489359021 -1.0067707300186157
1681766873.3132741 107.38020324707031 0.006692571099847555 -0.004260348621755838 -1.0079599618911743
1681766873.340245 107.38912963867188 0.005642673000693321 -0.005125115159898996 -1.0049254894256592
1681766873.3531964 107.43973541259766 0.0009377025999128819 -0.007520350161939859 -1.0122709274291992
1681766873.3682096 107.45175170898438 -0.0023900773376226425 -0.007963372394442558 -1.013859748840332
1681766873.3682497 107.45767211914062 -0.0019096855539828539 -0.008135108277201653 -1.0114836692810059
1681766873.3821936 107.46559143066406 -0.0008739621262066066 -0.007844392210245132 -1.0182825326919556
1681766873.395218 107.47642517089844 -0.005219712853431702 -0.011029028333723545 -1.0126208066940308
1681766873.4092429 107.48634338378906 -0.002543825889006257 -0.009434313513338566 -1.0176794528961182
1681766873.423244 107.49034881591797 -0.00245892396196723 -0.008605550043284893 -1.0172535181045532
1681766873.436213 107.5003662109375 -0.006535822059959173 -0.012422753497958183 -1.0132193565368652
1681766873.4491682 107.50928497314453 -0.002769832732155919 -0.011173749342560768 -1.0171786546707153
1681766873.462267 107.5251235961914 -0.00583514291793108 -0.01324538979679346 -1.013213872909546
1681766873.4801824 107.53304290771484 -0.004152688663452864 -0.012383137829601765 -1.0120216608047485
1681766873.4942453 107.58164978027344 0.00015254347817972302 -0.009898131713271141 -1.0076764822006226
1681766873.5092468 107.5904769897461 0.0008086388115771115 -0.00886924471706152 -1.009891152381897
1681766873.5232017 107.594482421875 -0.0009094639681279659 -0.011569883674383163 -1.008928656578064
1681766873.5352008 107.60640716552734 0.0005492891068570316 -0.009230846539139748 -1.0106701850891113
1681766873.5491934 107.61441802978516 6.077543366700411e-05 -0.009421896189451218 -1.0131127834320068
1681766873.5492191 107.61833190917969 -0.0010078665800392628 -0.0101102814078331 -1.0125013589859009
1681766873.5622394 107.62825775146484 -0.001986447023227811 -0.008032784797251225 -1.012862205505371
1681766873.5754075 107.63717651367188 -0.0011607003398239613 -0.008150729350745678 -1.0167467594146729
1681766873.5903163 107.64309692382812 -0.0043534887954592705 -0.010568376630544662 -1.0149253606796265
1681766873.6162024 107.69971466064453 -0.0011571790091693401 -0.00724642351269722 -1.0127240419387817
1681766873.6315565 107.70963287353516 -0.0001782422186806798 -0.008553411811590195 -1.0114076137542725
1681766873.6452498 107.72638702392578 0.0024576587602496147 -0.0077644516713917255 -1.0103771686553955
1681766873.6572795 107.73639678955078 0.004238361492753029 -0.007710328325629234 -1.0106208324432373
1681766873.6711998 107.74231719970703 0.002197856083512306 -0.007926855236291885 -1.0076375007629395
1681766873.6832242 107.75023651123047 0.004030432552099228 -0.00674963416531682 -1.0102581977844238
1681766873.6952522 107.75924682617188 0.0042197443544864655 -0.009321040473878384 -1.005454182624817
1681766873.7104027 107.79866027832031 0.003235984593629837 -0.011667120270431042 -1.0128238201141357
1681766873.7254078 107.80858612060547 0.004163629841059446 -0.011022619903087616 -1.0122334957122803
1681766873.725472 107.8125 0.00503320200368762 -0.011676987633109093 -1.014832854270935
1681766873.737444 107.822509765625 0.0033776687923818827 -0.013447955250740051 -1.0122026205062866
1681766873.7502444 107.83042907714844 0.00536735262721777 -0.011430071666836739 -1.0168602466583252
1681766873.765248 107.84126281738281 0.0074653844349086285 -0.011198821477591991 -1.017382264137268
1681766873.7782824 107.84526824951172 0.00783511996269226 -0.011111032217741013 -1.016798496246338
1681766873.791494 107.85719299316406 0.007481088861823082 -0.011454790830612183 -1.0152662992477417
1681766873.8052506 107.8691177368164 0.009474352933466434 -0.010611088946461678 -1.0139368772506714
1681766873.8182855 107.88595581054688 0.009692691266536713 -0.011060100980103016 -1.0097044706344604
1681766873.8461933 107.89588165283203 0.011186875402927399 -0.009530932642519474 -1.0114926099777222
1681766873.8462367 107.90188598632812 0.009187694638967514 -0.010965804569423199 -1.007654070854187
1681766873.8742294 107.9593276977539 0.008593481034040451 -0.010451787151396275 -1.0076333284378052
1681766873.8871975 107.96924591064453 0.009539407677948475 -0.009020971134305 -1.0077509880065918
1681766873.8991742 107.97908020019531 0.008845682255923748 -0.009781178086996078 -1.0088051557540894
1681766873.9142516 107.99091339111328 0.00899774394929409 -0.008291978389024734 -1.0097792148590088
1681766873.9402711 108.00765991210938 0.009787329472601414 -0.008530941791832447 -1.0093039274215698
1681766873.954257 108.0176773071289 0.01077867392450571 -0.007471468299627304 -1.0092912912368774
1681766873.9542801 108.02349853515625 0.011400913819670677 -0.007320869714021683 -1.009310245513916
1681766873.9672 108.0334243774414 0.009983822703361511 -0.0070510683581233025 -1.0075212717056274
1681766873.9959743 108.05208587646484 0.013935006223618984 -0.004919787868857384 -1.0110076665878296
1681766874.0092263 108.10060119628906 0.010403389111161232 -0.004228435456752777 -1.0100868940353394
1681766874.0212243 108.1125259399414 0.00596257671713829 -0.005616491194814444 -1.0089644193649292
1681766874.0344079 108.12335968017578 0.006434137001633644 -0.0044039161875844 -1.0085270404815674
1681766874.0473967 108.13528442382812 0.004600803833454847 -0.0049617406912148 -1.0096261501312256
1681766874.0613797 108.1471176147461 0.003974505700170994 -0.0045424834825098515 -1.010255217552185
1681766874.0752473 108.151123046875 0.0028308227192610502 -0.006232033018022776 -1.0060114860534668
1681766874.0892048 108.15985870361328 0.005522768944501877 -0.0036588450893759727 -1.0145716667175293
1681766874.101234 108.17569732666016 0.003385900054126978 -0.006772705353796482 -1.0106370449066162
1681766874.1142447 108.18753051757812 0.0029931701719760895 -0.006256014108657837 -1.0109130144119263
1681766874.1282656 108.19544982910156 0.004396780394017696 -0.007049921900033951 -1.0134774446487427
1681766874.1422067 108.20036315917969 0.004473899491131306 -0.007626532576978207 -1.01059091091156
1681766874.1562293 108.21220397949219 0.004671713802963495 -0.00767567940056324 -1.0118316411972046
1681766874.1692603 108.25680541992188 0.0054346490651369095 -0.011341707780957222 -1.0097359418869019
1681766874.183234 108.26663208007812 0.0027301334775984287 -0.013126039877533913 -1.0119297504425049
1681766874.197268 108.27655792236328 0.004912865348160267 -0.011930656619369984 -1.0132309198379517
1681766874.1973078 108.28347778320312 0.005796003621071577 -0.012529954314231873 -1.016931414604187
1681766874.2102711 108.29330444335938 0.0024062106385827065 -0.014981789514422417 -1.012589454650879
1681766874.2382042 108.3033218383789 0.0029521717224270105 -0.01437289547175169 -1.0138087272644043
1681766874.2382438 108.30923461914062 0.00311239599250257 -0.015471365302801132 -1.0111600160598755
1681766874.2511995 108.31715393066406 0.003546790685504675 -0.014855566434562206 -1.0126503705978394
1681766874.2642317 108.32998657226562 0.002958153374493122 -0.016677770763635635 -1.010771632194519
1681766874.277268 108.3398208618164 0.004212414845824242 -0.016711512580513954 -1.013105869293213
1681766874.3042357 108.35575103759766 0.003380740527063608 -0.017240040004253387 -1.0112526416778564
1681766874.3184826 108.4052734375 0.0020389598794281483 -0.018111910670995712 -1.013089895248413
1681766874.3321888 108.41901397705078 0.003421009983867407 -0.01565452292561531 -1.0098721981048584
1681766874.3443007 108.43093872070312 0.002631888957694173 -0.014534533023834229 -1.0125908851623535
1681766874.3572562 108.44186401367188 0.0026891659945249557 -0.01382710225880146 -1.0097925662994385
1681766874.37219 108.4517822265625 0.005714861676096916 -0.011619506403803825 -1.0107084512710571
1681766874.3852582 108.45569610595703 0.0045492518693208694 -0.012377802282571793 -1.0108941793441772
1681766874.3982894 108.46562194824219 0.005267971195280552 -0.009013020433485508 -1.0100905895233154
1681766874.4132073 108.47745513916016 0.007139518857002258 -0.007872555404901505 -1.0087062120437622
1681766874.4132404 108.48246002197266 0.006268663331866264 -0.0070203011855483055 -1.0105210542678833
1681766874.4252048 108.49229431152344 0.0059442175552248955 -0.0061537232249975204 -1.0076329708099365
1681766874.4532363 108.50822448730469 0.007819274440407753 -0.0031462395563721657 -1.0082138776779175
1681766874.4662354 108.55865478515625 0.010380019433796406 -0.0013695887755602598 -1.0103870630264282
1681766874.4792495 108.56957244873047 0.008936136960983276 -0.0031805906910449266 -1.0116907358169556
1681766874.492227 108.58140563964844 0.007805272471159697 -0.0033099488355219364 -1.0112158060073853
1681766874.5062048 108.5913314819336 0.008053491823375225 -0.00409797253087163 -1.0116877555847168
1681766874.5192652 108.60124969482422 0.007217224221676588 -0.006066072732210159 -1.0092016458511353
1681766874.5332232 108.60626220703125 0.007298649754375219 -0.006646119058132172 -1.0115361213684082
1681766874.5472863 108.61809539794922 0.007356126792728901 -0.007245410233736038 -1.0125176906585693
1681766874.5602977 108.6339340209961 0.00643542967736721 -0.008802486583590508 -1.0122826099395752
1681766874.5732567 108.64485168457031 0.009767274372279644 -0.00943069439381361 -1.0085904598236084
1681766874.6002202 108.66260528564453 0.007291423622518778 -0.010466103442013264 -1.008197546005249
1681766874.6143918 108.67453002929688 0.00854021031409502 -0.009749568067491055 -1.0072976350784302
1681766874.6302571 108.68536376953125 0.009281779639422894 -0.0084986025467515 -1.0073744058609009
1681766874.6443286 108.72987365722656 0.010728738270699978 -0.007798311300575733 -1.0071989297866821
1681766874.6443603 108.73570251464844 0.011434230022132397 -0.00800889078527689 -1.0103297233581543
1681766874.6572826 108.74362182617188 0.011466351337730885 -0.007798162288963795 -1.0101563930511475
1681766874.6702769 108.7535400390625 0.012586022727191448 -0.008786000311374664 -1.0099395513534546
1681766874.6853063 108.75946044921875 0.010716593824326992 -0.009148218668997288 -1.0149378776550293
1681766874.6982365 108.7703857421875 0.010735591873526573 -0.010824738070368767 -1.0125336647033691
1681766874.7102466 108.77830505371094 0.012418758124113083 -0.011512944474816322 -1.0145832300186157
1681766874.7261763 108.79022979736328 0.011348839849233627 -0.012836957350373268 -1.0144238471984863
1681766874.738253 108.80415344238281 0.011508811265230179 -0.014772502705454826 -1.0131359100341797
1681766874.7662148 108.81507873535156 0.010361449792981148 -0.014195053838193417 -1.0167574882507324
1681766874.7662566 108.82099151611328 0.011365455575287342 -0.014213808812201023 -1.0131431818008423
1681766874.7792249 108.86741638183594 0.010757006704807281 -0.013258561491966248 -1.011121153831482
1681766874.791239 108.8792495727539 0.009802980348467827 -0.014696125872433186 -1.0070334672927856
1681766874.8043132 108.88817596435547 0.011609024368226528 -0.012462101876735687 -1.0089147090911865
1681766874.8184433 108.89800262451172 0.011130930855870247 -0.012817028909921646 -1.0107791423797607
1681766874.8184912 108.90392303466797 0.010808455757796764 -0.01326865702867508 -1.0081300735473633
1681766874.833282 108.9078369140625 0.012399321421980858 -0.01307793240994215 -1.0131137371063232
1681766874.8451998 108.9118423461914 0.011650807224214077 -0.013221641071140766 -1.0114856958389282
1681766874.859255 108.92176055908203 0.010858014225959778 -0.012292840518057346 -1.0101443529129028
1681766874.859279 108.92576599121094 0.010799519717693329 -0.011937177740037441 -1.007243037223816
1681766874.8722298 108.93669128417969 0.012724983505904675 -0.011029512621462345 -1.0129764080047607
1681766874.8852105 108.94651794433594 0.009090296924114227 -0.011324499733746052 -1.0089197158813477
1681766874.903193 108.95653533935547 0.010109186172485352 -0.009802192449569702 -1.0055744647979736
1681766874.9032168 108.99522399902344 0.00922406930476427 -0.003553380724042654 -1.0082975625991821
1681766874.917217 109.00505065917969 0.011294707655906677 -0.0006314257625490427 -1.009421467781067
1681766874.9332137 109.01005554199219 0.011158495210111141 -0.0006110272370278835 -1.0107603073120117
1681766874.9462285 109.0140609741211 0.01116048451513052 0.0003276173083577305 -1.0143414735794067
1681766874.9462678 109.01797485351562 0.008404238149523735 -0.0011380106443539262 -1.0104564428329468
1681766874.9582875 109.02790069580078 0.009037910029292107 0.0012247071135789156 -1.0127854347229004
1681766874.97223 109.0378189086914 0.008944779634475708 0.0013392160180956125 -1.0106391906738281
1681766874.9852386 109.04774475097656 0.006132933311164379 0.0006245680269785225 -1.00990629196167
1681766874.9982839 109.06057739257812 0.006781297270208597 -0.00130650051869452 -1.0098891258239746
1681766875.012256 109.06458282470703 0.007399439346045256 0.0003653423045761883 -1.0145676136016846
1681766875.0262449 109.11328125 0.0057526323944330215 -0.004473618697375059 -1.0100247859954834
1681766875.038276 109.12320709228516 0.002957457210868597 -0.007090849336236715 -1.0095105171203613
1681766875.053249 109.13212585449219 0.005484587978571653 -0.004421872086822987 -1.012977957725525
1681766875.0532722 109.13804626464844 0.005462128669023514 -0.006158992648124695 -1.011967658996582
1681766875.0662413 109.14796447753906 0.002920006401836872 -0.008064983412623405 -1.0091667175292969
1681766875.0783217 109.1558837890625 0.00569922337308526 -0.004619657061994076 -1.0131511688232422
1681766875.094327 109.16180419921875 0.005899384617805481 -0.006953047588467598 -1.0091792345046997
1681766875.1072898 109.17272186279297 0.004229951649904251 -0.007557067554444075 -1.0102399587631226
1681766875.119251 109.18464660644531 0.006275145336985588 -0.005439236294478178 -1.0098298788070679
1681766875.1372206 109.2232437133789 0.005241835955530405 -0.004734398331493139 -1.0081309080123901
1681766875.1372428 109.22724914550781 0.005882219411432743 -0.0042087603360414505 -1.0085114240646362
1681766875.1502554 109.23516845703125 0.009014399722218513 -0.001836933195590973 -1.0103578567504883
1681766875.1632652 109.24700164794922 0.007681419141590595 -0.0028239754028618336 -1.0128248929977417
1681766875.1762786 109.2578353881836 0.008969426155090332 -0.0017980218399316072 -1.013059377670288
1681766875.1912842 109.26366424560547 0.008520576171576977 -0.0037802965380251408 -1.011306881904602
1681766875.2032702 109.2735824584961 0.006329277064651251 -0.0066479784436523914 -1.0095086097717285
1681766875.2162092 109.28341674804688 0.007325449027121067 -0.0057252817787230015 -1.0132544040679932
1681766875.2312815 109.29425048828125 0.007814975455403328 -0.006995214615017176 -1.0157139301300049
1681766875.2313054 109.29816436767578 0.005300626158714294 -0.008523870259523392 -1.0112911462783813
1681766875.2432363 109.30999755859375 0.007055887021124363 -0.007807623594999313 -1.011877179145813
1681766875.2582521 109.31391143798828 0.006779520772397518 -0.010517406277358532 -1.0114123821258545
1681766875.271292 109.31991577148438 0.006478177849203348 -0.01003437303006649 -1.0160294771194458
1681766875.2713196 109.32574462890625 0.0033038672991096973 -0.014114880934357643 -1.0098918676376343
1681766875.28428 109.37016296386719 0.005944204516708851 -0.014377322047948837 -1.015182614326477
1681766875.2843058 109.37516784667969 0.0025667776353657246 -0.017523938789963722 -1.0082684755325317
1681766875.2972474 109.38700103759766 0.006114811170846224 -0.015256596729159355 -1.0106512308120728
1681766875.3102763 109.3949203491211 0.006031082943081856 -0.012113849632441998 -1.0170931816101074
1681766875.3232794 109.40484619140625 0.00634990306571126 -0.011944388039410114 -1.0139775276184082
1681766875.3372934 109.415771484375 0.0074076117016375065 -0.009352275170385838 -1.010313630104065
1681766875.3512962 109.4197769165039 0.007996771484613419 -0.008706885389983654 -1.013160228729248
1681766875.3652976 109.42969512939453 0.0042837755754590034 -0.007744224742054939 -1.0120762586593628
1681766875.3653233 109.43360900878906 0.005467535462230444 -0.004766372032463551 -1.012689232826233
1681766875.3782704 109.44353485107422 0.006324508227407932 -0.00473806681111455 -1.0118931531906128
1681766875.3912666 109.45145416259766 0.0024348110891878605 -0.006282913964241743 -1.0074419975280762
1681766875.4032297 109.46228790283203 0.0037399856373667717 -0.004131532274186611 -1.0072060823440552
1681766875.418245 109.46820068359375 0.004773649852722883 -0.0023941099643707275 -1.0106008052825928
1681766875.4324014 109.5206298828125 0.004280668683350086 -0.003648158861324191 -1.012064814567566
1681766875.4464061 109.53237915039062 0.001802814076654613 -0.00699125649407506 -1.0083869695663452
1681766875.4592514 109.54129791259766 0.0036307312548160553 -0.007427544333040714 -1.0089690685272217
1681766875.4732368 109.5511245727539 0.0024237665347754955 -0.00828922726213932 -1.008916974067688
1681766875.4732552 109.55513000488281 0.0020105973817408085 -0.009741355665028095 -1.0067013502120972
1681766875.4862316 109.5649642944336 0.0037393802776932716 -0.008806459605693817 -1.0071079730987549
1681766875.514253 109.5729751586914 0.007571075111627579 -0.006708112545311451 -1.0130119323730469
1681766875.5142777 109.5779800415039 0.004675026051700115 -0.009310800582170486 -1.0107834339141846
1681766875.5272968 109.58781433105469 0.006181889213621616 -0.008652113378047943 -1.0118753910064697
1681766875.5402577 109.59973907470703 0.008576691150665283 -0.007046063430607319 -1.0161243677139282
1681766875.553194 109.611572265625 0.008646145462989807 -0.007369994185864925 -1.013327717781067
1681766875.5811849 109.62649536132812 0.010409599170088768 -0.0072363438084721565 -1.0141987800598145
1681766875.5943687 109.67884063720703 0.010497470386326313 -0.011196342296898365 -1.011631965637207
1681766875.6062157 109.69076538085938 0.009851031005382538 -0.011792285367846489 -1.0109610557556152
1681766875.6212375 109.6996841430664 0.010033952072262764 -0.012072531506419182 -1.0157464742660522
1681766875.6212769 109.70560455322266 0.006599532440304756 -0.014611131511628628 -1.0102423429489136
1681766875.6342156 109.71734619140625 0.007592479698359966 -0.012468014843761921 -1.0141030550003052
1681766875.661231 109.72726440429688 0.009068140760064125 -0.012292809784412384 -1.0157676935195923
1681766875.6612554 109.73126983642578 0.006221560295671225 -0.0138937309384346 -1.0139572620391846
1681766875.6732683 109.74028015136719 0.006086521781980991 -0.013487101532518864 -1.0169411897659302
1681766875.6861987 109.75211334228516 0.007609998341649771 -0.013217194005846977 -1.0191128253936768
1681766875.6992412 109.76395416259766 0.004821675829589367 -0.0158365648239851 -1.015129566192627
1681766875.727292 109.77787780761719 0.0074354540556669235 -0.012952226214110851 -1.0185552835464478
1681766875.740269 109.82740020751953 0.008018066175282001 -0.009600600227713585 -1.0133470296859741
1681766875.7542348 109.83914184570312 0.004769846331328154 -0.01099319290369749 -1.0101959705352783
1681766875.7652736 109.8509750366211 0.00717314425855875 -0.008488738909363747 -1.0110869407653809
1681766875.7653034 109.85498046875 0.007465076167136431 -0.006991990841925144 -1.0127347707748413
1681766875.7782354 109.8639907836914 0.004341402556747198 -0.008082873187959194 -1.007280945777893
1681766875.8062541 109.87390899658203 0.004987409804016352 -0.005801912397146225 -1.004943609237671
1681766875.806277 109.87982940673828 0.008341873064637184 -0.0023882738314568996 -1.0099308490753174
1681766875.819188 109.8897476196289 0.0038279881700873375 -0.0033206630032509565 -1.0088273286819458
1681766875.8322687 109.89967346191406 0.005079303868114948 -0.0021125166676938534 -1.0054655075073242
1681766875.8462496 109.91050720214844 0.002131079090759158 -0.0016707670874893665 -1.006062626838684
1681766875.8462868 109.91632843017578 0.004106968175619841 -0.0008590594516135752 -1.0099027156829834
1681766875.8732924 109.92424774169922 0.00483888341113925 -0.0006597375613637269 -1.0083611011505127
1681766875.8862414 109.93417358398438 0.003289296291768551 -0.001582189230248332 -1.0078822374343872
1681766875.8862708 109.97467803955078 0.005465806927531958 -0.00816095806658268 -1.0101592540740967
1681766875.9002473 109.98377990722656 0.006295982748270035 -0.00757115613669157 -1.0173612833023071
1681766875.9132288 109.99552154541016 0.006681130733340979 -0.008883868344128132 -1.0167919397354126
1681766875.9252908 110.00553894042969 0.007683638483285904 -0.00907662883400917 -1.0179753303527832
1681766875.939299 110.01536560058594 0.003374119522050023 -0.011786368675529957 -1.0135564804077148
1681766875.9393225 110.01937103271484 0.005179376341402531 -0.009754174388945103 -1.017886996269226
1681766875.9552438 110.0242919921875 0.004463620483875275 -0.010315108112990856 -1.0133413076400757
1681766875.9662492 110.0282974243164 0.005391939543187618 -0.010934682562947273 -1.0128459930419922
1681766875.9802582 110.04022216796875 0.004220849368721247 -0.010622425004839897 -1.0118283033370972
1681766875.9802995 110.04413604736328 0.0064025698229670525 -0.008081265725195408 -1.015177845954895
1681766875.9933193 110.0540542602539 0.007757699117064476 -0.007084457669407129 -1.0126981735229492
1681766876.0062933 110.06488800048828 0.004985922947525978 -0.008843382820487022 -1.0056759119033813
1681766876.0352855 110.0826416015625 0.011414319276809692 -0.004472660832107067 -1.009516716003418
1681766876.049236 110.13507080078125 0.010994059965014458 -0.010050183162093163 -1.0125874280929565
1681766876.062262 110.14308166503906 0.007220911793410778 -0.013300986029207706 -1.0095404386520386
1681766876.076251 110.15582275390625 0.008507674559950829 -0.014164458028972149 -1.0089436769485474
1681766876.0762827 110.1617431640625 0.00898532010614872 -0.013052398338913918 -1.0133960247039795
1681766876.0882528 110.16966247558594 0.005276957526803017 -0.016011899337172508 -1.0102310180664062
1681766876.1032898 110.17557525634766 0.0063271247781813145 -0.015613876283168793 -1.0121636390686035
1681766876.1172686 110.17958068847656 0.005640626419335604 -0.015550381503999233 -1.0090491771697998
1681766876.1173239 110.18367767333984 0.007384113501757383 -0.01509669329971075 -1.0125970840454102
1681766876.1292918 110.19642639160156 0.0058603910729289055 -0.01665121503174305 -1.0124833583831787
1681766876.1423426 110.2083511352539 0.007414704654365778 -0.015720102936029434 -1.0116273164749146
1681766876.1572459 110.21817779541016 0.00518177542835474 -0.016518406569957733 -1.0103460550308228
1681766876.1683517 110.22718811035156 0.006854843348264694 -0.014789371751248837 -1.0124439001083374
1681766876.1823487 110.23119354248047 0.0062917685136199 -0.015776829794049263 -1.0104089975357056
1681766876.1962938 110.283447265625 0.005888055078685284 -0.01328794751316309 -1.0131111145019531
1681766876.209279 110.29336547851562 0.005009274929761887 -0.01203590352088213 -1.0141078233718872
1681766876.2212262 110.30338287353516 0.007643901277333498 -0.008753137663006783 -1.0147621631622314
1681766876.2363052 110.31421661376953 0.009612076915800571 -0.004995026625692844 -1.0161592960357666
1681766876.236355 110.32022094726562 0.004926546011120081 -0.008186323568224907 -1.008383870124817
1681766876.2632906 110.33014678955078 0.00665096752345562 -0.0037024272605776787 -1.0101560354232788
1681766876.2763128 110.34598541259766 0.005732696503400803 -0.0033142990432679653 -1.006187081336975
1681766876.2892601 110.35881805419922 0.0064433361403644085 -0.0014926933217793703 -1.004616141319275
1681766876.3022492 110.36864471435547 0.005921062082052231 0.0004862521309405565 -1.005671501159668
1681766876.3303006 110.38448333740234 0.006841018795967102 -0.0005413689650595188 -1.0043846368789673
1681766876.3452847 110.39531707763672 0.005015970673412085 -0.00170830637216568 -1.0050958395004272
1681766876.3592775 110.44393157958984 0.0067468201741576195 -0.005283112172037363 -1.0140541791915894
1681766876.3593113 110.44784545898438 0.0026717460714280605 -0.009084704332053661 -1.0096478462219238
1681766876.3733177 110.457763671875 0.005977023392915726 -0.007169701159000397 -1.0127439498901367
1681766876.3862603 110.46768951416016 0.006697528995573521 -0.006381472572684288 -1.0183582305908203
1681766876.4012055 110.478515625 0.005743938963860273 -0.007996931672096252 -1.0164827108383179
1681766876.4143174 110.48452758789062 0.004843293689191341 -0.00860044825822115 -1.0134729146957397
1681766876.4273896 110.49244689941406 0.008302639238536358 -0.006595502607524395 -1.016045093536377
1681766876.442276 110.50428009033203 0.007211489137262106 -0.007451333105564117 -1.015703797340393
1681766876.442313 110.50828552246094 0.008179531432688236 -0.006974987685680389 -1.01204514503479
1681766876.4542549 110.52102661132812 0.010051335208117962 -0.0041392226703464985 -1.0150268077850342
1681766876.4822154 110.53495788574219 0.010336032137274742 -0.005095197819173336 -1.0087629556655884
1681766876.5083153 110.59639739990234 0.006290453486144543 -0.007717886008322239 -1.0111757516860962
1681766876.521245 110.60823059082031 0.004840886685997248 -0.00885289628058672 -1.0114679336547852
1681766876.5342686 110.61614990234375 0.004067760892212391 -0.011073709465563297 -1.01126229763031
1681766876.5483096 110.62798309326172 0.0011589759960770607 -0.013582300394773483 -1.009230613708496
1681766876.5753374 110.64291381835938 0.005060609895735979 -0.012385276146233082 -1.0141186714172363
1681766876.5892894 110.65274810791016 0.0016364989569410682 -0.01530365739017725 -1.0104708671569824
1681766876.5893297 110.65866088867188 0.005368461366742849 -0.011994432657957077 -1.0164501667022705
1681766876.6022744 110.66858673095703 0.0073540485464036465 -0.01215074211359024 -1.0156348943710327
1681766876.6152427 110.67741394042969 0.00374796730466187 -0.015131709165871143 -1.010207176208496
1681766876.6313004 110.68342590332031 0.00722893001511693 -0.01138044148683548 -1.0144091844558716
1681766876.6313314 110.72201538085938 0.009756403043866158 -0.008544903248548508 -1.0142627954483032
1681766876.644317 110.73194122314453 0.008164318278431892 -0.008010170422494411 -1.013420820236206
1681766876.6742728 110.73995208740234 0.0075391256250441074 -0.010141435079276562 -1.0078870058059692
1681766876.6743004 110.74586486816406 0.008352466858923435 -0.006166443694382906 -1.0140008926391602
1681766876.6873353 110.75479125976562 0.004348370712250471 -0.008234192617237568 -1.0081489086151123
1681766876.6992433 110.76653289794922 0.006511093117296696 -0.005179750733077526 -1.007880687713623
1681766876.712277 110.77654266357422 0.003571898676455021 -0.005442382767796516 -1.0033717155456543
1681766876.7403696 110.7903823852539 0.005811363458633423 -0.004023190587759018 -1.0043634176254272
1681766876.7532418 110.84172058105469 0.008382000029087067 -0.0008850048761814833 -1.0109031200408936
1681766876.767248 110.85163879394531 0.003265456296503544 -0.004064873792231083 -1.0077849626541138
1681766876.7803051 110.85955810546875 0.006254294887185097 -0.0008969042100943625 -1.0130524635314941
1681766876.780354 110.865478515625 0.005424153059720993 -0.00441623292863369 -1.0097993612289429
1681766876.7933977 110.87649536132812 0.0037330719642341137 -0.005131950136274099 -1.0116084814071655
1681766876.8212461 110.8883285522461 0.005415853578597307 -0.006136922165751457 -1.012364387512207
1681766876.8212824 110.89424133300781 0.00758435670286417 -0.005458751227706671 -1.0163531303405762
1681766876.8342957 110.90625762939453 0.004673304967582226 -0.008487903513014317 -1.0134996175765991
1681766876.8472278 110.91417694091797 0.0068115307949483395 -0.008407811634242535 -1.0129921436309814
1681766876.861261 110.92501068115234 0.0043722838163375854 -0.009224487468600273 -1.0119123458862305
1681766876.861307 110.93092346191406 0.005764887668192387 -0.00915959570556879 -1.0127851963043213
1681766876.8882258 110.9409408569336 0.007936511188745499 -0.008316649124026299 -1.0109121799468994
1681766876.9022827 110.95277404785156 0.005419739056378603 -0.009366113692522049 -1.008508563041687
1681766876.9023204 110.99327850341797 0.012318347580730915 -0.005068603903055191 -1.006651520729065
1681766876.9152207 111.00220489501953 0.0073850760236382484 -0.008983521722257137 -1.001494288444519
1681766876.9282606 111.0119400024414 0.01133719552308321 -0.007462439127266407 -1.0051912069320679
1681766876.940275 111.02195739746094 0.009478773921728134 -0.00888720341026783 -1.0068029165267944
1681766876.9552922 111.03369903564453 0.009103273041546345 -0.009387577883899212 -1.0087772607803345
1681766876.9811943 111.04662322998047 0.006824352778494358 -0.011175952851772308 -1.0104578733444214
1681766876.9952538 111.0565414428711 0.00728992884978652 -0.011664061807096004 -1.0110329389572144
1681766876.9952867 111.06246185302734 0.00812024250626564 -0.012012703344225883 -1.0109132528305054
1681766877.0082757 111.07429504394531 0.003930860199034214 -0.014530232176184654 -1.0100151300430298
1681766877.0202813 111.08512878417969 0.007041381672024727 -0.012170800939202309 -1.0142641067504883
1681766877.0342472 111.09095001220703 0.007793082855641842 -0.012559423223137856 -1.015462040901184
1681766877.0472815 111.10287475585938 0.005528014153242111 -0.01326831616461277 -1.0137499570846558
1681766877.0603824 111.14766693115234 0.005122037138789892 -0.012440498918294907 -1.0135740041732788
1681766877.0743032 111.15758514404297 0.008733665570616722 -0.008769270032644272 -1.0174986124038696
1681766877.0743263 111.16259002685547 0.007711269427090883 -0.008714037016034126 -1.0157692432403564
1681766877.0872402 111.17242431640625 0.005191314034163952 -0.009195479564368725 -1.0114814043045044
1681766877.1002488 111.18444061279297 0.006914912257343531 -0.00739289540797472 -1.0105549097061157
1681766877.1282256 111.19827270507812 0.003164644120261073 -0.006495353300124407 -1.0080393552780151
1681766877.1413107 111.21111297607422 0.006080280058085918 -0.0030113724060356617 -1.010644793510437
1681766877.1542895 111.22093963623047 0.0024608566891402006 -0.004616130143404007 -1.0033137798309326
1681766877.1692076 111.23086547851562 0.005286852829158306 -0.00070751499151811 -1.0068894624710083
1681766877.1692343 111.23477935791016 0.00616123341023922 -0.0003202431835234165 -1.0076932907104492
1681766877.1952746 111.24369812011719 0.003164867404848337 -0.0014206550549715757 -1.0041149854660034
1681766877.2092938 111.29603576660156 0.0037470688112080097 -0.0020810416899621487 -1.0069561004638672
1681766877.224287 111.30596160888672 0.00740894116461277 -0.0017554080113768578 -1.0124750137329102
1681766877.2243123 111.30996704101562 0.006862568203359842 -0.0020540801342576742 -1.0137019157409668
1681766877.237263 111.31788635253906 0.00384098244830966 -0.00525264348834753 -1.011134147644043
1681766877.25027 111.3268051147461 0.006315193139016628 -0.0035495387855917215 -1.014346957206726
1681766877.264261 111.33663940429688 0.006804848555475473 -0.004464333411306143 -1.0170249938964844
1681766877.291314 111.35065460205078 0.008260473608970642 -0.005807495675981045 -1.0151866674423218
1681766877.304236 111.36048889160156 0.006878088694065809 -0.005588673520833254 -1.0175220966339111
1681766877.3182902 111.37332153320312 0.007925203070044518 -0.005899121519178152 -1.012965202331543
1681766877.3183188 111.37924194335938 0.009959760122001171 -0.00531165162101388 -1.0121312141418457
1681766877.3332872 111.42174530029297 0.012455794028937817 -0.005242155399173498 -1.0042457580566406
1681766877.3452892 111.43357849121094 0.010895279236137867 -0.006432432681322098 -1.004996418952942
1681766877.360352 111.44450378417969 0.009806342422962189 -0.007196400314569473 -1.0026686191558838
1681766877.374345 111.44841766357422 0.011205618269741535 -0.007036169059574604 -1.0046619176864624
1681766877.3862677 111.458251953125 0.00877390056848526 -0.009044301696121693 -1.0054880380630493
1681766877.4002795 111.46626281738281 0.007513902150094509 -0.008697994984686375 -1.006375789642334
1681766877.4003046 111.4722671508789 0.009372061118483543 -0.008144241757690907 -1.009095549583435
1681766877.4132526 111.48210144042969 0.0066452487371861935 -0.009252618998289108 -1.0110321044921875
1681766877.4273303 111.49293518066406 0.009115219116210938 -0.009151235222816467 -1.0120569467544556
1681766877.4412966 111.49694061279297 0.009475139901041985 -0.008829095400869846 -1.014628529548645
1681766877.454234 111.50695037841797 0.006234987638890743 -0.010973379015922546 -1.0135935544967651
1681766877.4672422 111.55537414550781 -0.02420746721327305 -0.011947195045650005 -0.995148777961731
1681766877.479224 111.56620788574219 -0.03848091512918472 -0.011132900603115559 -0.9898535013198853
1681766877.494259 111.57794952392578 -0.03542619198560715 -0.011388394050300121 -0.9990247488021851
1681766877.494306 111.58386993408203 -0.036106329411268234 -0.012616731226444244 -1.0044891834259033
1681766877.5052295 111.59378814697266 -0.03715194761753082 -0.011183003894984722 -1.006923794746399
1681766877.533248 111.6068115234375 -0.03958088532090187 -0.011104687117040157 -1.00688636302948
1681766877.5452173 111.6185531616211 -0.04131295531988144 -0.009249288588762283 -1.005926251411438
1681766877.558337 111.62847137451172 -0.0424032062292099 -0.01093990821391344 -1.0064246654510498
1681766877.5732894 111.6383056640625 -0.039528027176856995 -0.006120346020907164 -1.009865164756775
1681766877.5733151 111.64240264892578 -0.040219277143478394 -0.00659020384773612 -1.0106737613677979
1681766877.5863028 111.64740753173828 -0.04147271066904068 -0.006565471645444632 -1.011557936668396
1681766877.5992427 111.65132141113281 -0.04449606314301491 -0.007136457599699497 -1.0092198848724365
1681766877.614222 111.66315460205078 -0.04647933319211006 -0.005830672569572926 -1.000931739807129
1681766877.61425 111.70184326171875 -0.04128848388791084 -0.0006798368995077908 -1.015565276145935
1681766877.6272671 111.71176147460938 -0.04019927605986595 0.0010307978373020887 -1.0145220756530762
1681766877.640324 111.72168731689453 -0.0396132618188858 -0.00024096440756693482 -1.0143147706985474
1681766877.6532848 111.73260498046875 -0.040100887417793274 -0.0012491709785535932 -1.0166442394256592
1681766877.6682568 111.74243927001953 -0.03900086507201195 -0.0037206211127340794 -1.0155795812606812
1681766877.6683025 111.74644470214844 -0.036267828196287155 -0.001995341619476676 -1.016658902168274
1681766877.6942804 111.75645446777344 -0.035933077335357666 -0.004224390722811222 -1.013915777206421
1681766877.7112703 111.76437377929688 -0.035914838314056396 -0.003946065902709961 -1.0154880285263062
1681766877.7112985 111.76929473876953 -0.03767355531454086 -0.006147306878119707 -1.0130043029785156
1681766877.7252498 111.81198120117188 -0.04101214557886124 -0.010231981053948402 -1.0083037614822388
1681766877.7382624 111.82381439208984 -0.04148118570446968 -0.010686871595680714 -1.0088319778442383
1681766877.7512906 111.83173370361328 -0.04431327432394028 -0.012681766413152218 -1.0075688362121582
1681766877.764244 111.84356689453125 -0.04210173338651657 -0.011864883825182915 -1.0087743997573853
1681766877.7642703 111.84757995605469 -0.0423075370490551 -0.0123820248991251 -1.00814950466156
1681766877.7922142 111.85840606689453 -0.04037727788090706 -0.01142590306699276 -1.014404058456421
1681766877.8052483 111.86833190917969 -0.04041999578475952 -0.011836472898721695 -1.0133877992630005
1681766877.805269 111.8742446899414 -0.03878504037857056 -0.011447960510849953 -1.0121781826019287
1681766877.8182619 111.88616943359375 -0.036264568567276 -0.011139827780425549 -1.0117121934890747
1681766877.8322394 111.89500427246094 -0.03405052796006203 -0.009368250146508217 -1.013077974319458
1681766877.8462892 111.90091705322266 -0.03420456498861313 -0.009383810684084892 -1.011467456817627
1681766877.8603363 111.90892791748047 -0.03172749653458595 -0.009803477674722672 -1.0139002799987793
1681766877.8733022 111.95753479003906 -0.0286872535943985 -0.008874496445059776 -1.0109535455703735
1681766877.885302 111.96746063232422 -0.026947416365146637 -0.007437934633344412 -1.012263536453247
1681766877.89921 111.9782943725586 -0.02490391582250595 -0.007524753920733929 -1.0121771097183228
1681766877.8992326 111.98429870605469 -0.02289782091975212 -0.007421030197292566 -1.0126025676727295
1681766877.9132242 111.99622344970703 -0.0217747800052166 -0.0068023013882339 -1.010980486869812
1681766877.9272919 112.00214385986328 -0.02098269760608673 -0.00696145324036479 -1.009814977645874
1681766877.9402823 112.00614929199219 -0.019946450367569923 -0.006314133293926716 -1.0092843770980835
1681766877.9403064 112.01006317138672 -0.01911267638206482 -0.0070213936269283295 -1.009690523147583
1681766877.9542332 112.02088928222656 -0.01609986089169979 -0.0074957734905183315 -1.0106889009475708
1681766877.966249 112.03081512451172 -0.013774366118013859 -0.0076542263850569725 -1.012355923652649
1681766877.9793305 112.04273986816406 -0.01233268529176712 -0.008159948512911797 -1.0119662284851074
1681766877.9942906 112.05357360839844 -0.010422141291201115 -0.00858261901885271 -1.012345552444458
1681766878.0072987 112.05957794189453 -0.009220320731401443 -0.008196878246963024 -1.0115903615951538
1681766878.024312 112.1100082397461 -0.0009201440843753517 -0.004687884822487831 -1.009700059890747
1681766878.037275 112.11993408203125 0.0007790235686115921 -0.00493423268198967 -1.009427547454834
1681766878.0373008 112.12384796142578 0.0022186364512890577 -0.005335679277777672 -1.0116372108459473
1681766878.0503058 112.13467407226562 0.0039639826864004135 -0.005389298312366009 -1.0153532028198242
1681766878.0632958 112.14459991455078 0.002755121560767293 -0.006042367313057184 -1.0091354846954346
1681766878.0913177 112.16244506835938 0.00399518059566617 -0.004861362278461456 -1.0096499919891357
1681766878.1042788 112.17236328125 0.006818069145083427 -0.005890469532459974 -1.0116777420043945
1681766878.11831 112.18519592285156 0.009012567810714245 -0.004974042531102896 -1.0120311975479126
1681766878.118352 112.19111633300781 0.009413921274244785 -0.004249569959938526 -1.0135867595672607
1681766878.1312423 112.19903564453125 0.008706660009920597 -0.005206683184951544 -1.0101501941680908
1681766878.1464338 112.20494842529297 0.0093836709856987 -0.005482136271893978 -1.009913444519043
1681766878.1583335 112.20895385742188 0.009903722442686558 -0.006228094454854727 -1.0096246004104614
1681766878.1584115 112.21295928955078 0.010377906262874603 -0.0064922296442091465 -1.0089149475097656
1681766878.1732855 112.21987915039062 0.011397048830986023 -0.005835253279656172 -1.00901460647583
1681766878.1733153 112.2604751586914 0.016112210229039192 -0.004902461543679237 -1.011797547340393
1681766878.1863482 112.27230834960938 0.016294211149215698 -0.005193065851926804 -1.0098758935928345
1681766878.1993334 112.28022766113281 0.01675514318048954 -0.004858496133238077 -1.010915994644165
1681766878.2123165 112.29215240478516 0.017473626881837845 -0.004567075986415148 -1.0101253986358643
1681766878.2123504 112.29707336425781 0.017348621040582657 -0.00434157345443964 -1.0107367038726807
1681766878.2532456 112.31491088867188 0.016834843903779984 -0.006379786413162947 -1.0097719430923462
1681766878.2532787 112.3209228515625 0.016306592151522636 -0.006675184238702059 -1.0097062587738037
1681766878.2672935 112.33275604248047 0.016982922330498695 -0.005602843128144741 -1.010727882385254
1681766878.2803013 112.34358978271484 0.017307281494140625 -0.00723602157086134 -1.012402057647705
1681766878.2933674 112.35551452636719 0.0176042802631855 -0.007699993904680014 -1.012654423713684
1681766878.3072805 112.36151885986328 0.01788957417011261 -0.007204498164355755 -1.0123790502548218
1681766878.3212948 112.37135314941406 0.018458597362041473 -0.006889136508107185 -1.0116174221038818
1681766878.3332639 112.41595458984375 0.016350170597434044 -0.006696594413369894 -1.0126469135284424
1681766878.3472877 112.42878723144531 0.014664988964796066 -0.005604045931249857 -1.0108649730682373
1681766878.3473096 112.43461608886719 0.014152472838759422 -0.004666796885430813 -1.0108811855316162
1681766878.3603082 112.44453430175781 0.013159557245671749 -0.005446999333798885 -1.0104796886444092
1681766878.3723245 112.4543685913086 0.012275288812816143 -0.005693893413990736 -1.0102872848510742
1681766878.3882985 112.4593734741211 0.011512774042785168 -0.005600131582468748 -1.010127067565918
1681766878.4012694 112.46920776367188 0.010515986941754818 -0.0054439096711575985 -1.0101369619369507
1681766878.4133127 112.47712707519531 0.010230740532279015 -0.006071144249290228 -1.0101295709609985
1681766878.4282744 112.48905181884766 0.010148859582841396 -0.006238772068172693 -1.0101404190063477
1681766878.428334 112.494873046875 0.010226328857243061 -0.006086139008402824 -1.0106674432754517
1681766878.4413025 112.5038833618164 0.009374331682920456 -0.0061549236997962 -1.0107145309448242
1681766878.4692788 112.51180267333984 0.00876305066049099 -0.0063840486109256744 -1.011365294456482
1681766878.4693038 112.51781463623047 0.008715051226317883 -0.006253360770642757 -1.0113489627838135
1681766878.4833002 112.5625991821289 0.006783786229789257 -0.006051565986126661 -1.0095237493515015
1681766878.4953108 112.57252502441406 0.006622453685849905 -0.005733928643167019 -1.010433316230774
1681766878.5092638 112.5814437866211 0.006631041876971722 -0.006188767496496439 -1.010847806930542
1681766878.5092988 112.58735656738281 0.006832643877714872 -0.006452628411352634 -1.010741949081421
1681766878.5233784 112.59918975830078 0.007278148550540209 -0.006206091493368149 -1.0111197233200073
1681766878.550341 112.61511993408203 0.006757793016731739 -0.005623881239444017 -1.0115470886230469
1681766878.5642858 112.6259536743164 0.006619529332965612 -0.005551513284444809 -1.0110251903533936
1681766878.5764265 112.63787841796875 0.005968448705971241 -0.004986393731087446 -1.0099574327468872
1681766878.5942423 112.6478042602539 0.004986639134585857 -0.005124242044985294 -1.009127140045166
1681766878.594269 112.65180969238281 0.004703002516180277 -0.005420421250164509 -1.0088162422180176
1681766878.606302 112.69650268554688 0.004057357553392649 -0.00686582550406456 -1.0100349187850952
1681766878.620289 112.7054214477539 0.0038212030194699764 -0.007342024706304073 -1.009403109550476
1681766878.6482544 112.7192611694336 0.004324088338762522 -0.007142697460949421 -1.0092737674713135
1681766878.6602833 112.73118591308594 0.0047209057956933975 -0.006614319048821926 -1.0087966918945312
1681766878.6732826 112.74110412597656 0.005079210735857487 -0.006623850204050541 -1.008089542388916
1681766878.6843042 112.75011444091797 0.0051521980203688145 -0.006405288819223642 -1.008406162261963
1681766878.698259 112.75821685791016 0.005436832085251808 -0.00620025210082531 -1.0081325769424438
1681766878.6982822 112.76222229003906 0.005272239912301302 -0.005985782481729984 -1.0081076622009277
1681766878.726441 112.77032470703125 0.005606562830507755 -0.005242218263447285 -1.0088081359863281
1681766878.7403026 112.82112121582031 0.0070547061040997505 -0.00472448393702507 -1.009464979171753
1681766878.7532816 112.8338623046875 0.007513991091400385 -0.005046558100730181 -1.0095709562301636
1681766878.7663221 112.84378051757812 0.008432519622147083 -0.005264888517558575 -1.0102183818817139
1681766878.7793217 112.859619140625 0.008761340752243996 -0.006493003573268652 -1.011203646659851
1681766878.795303 112.86463165283203 0.00913775060325861 -0.0067652990110218525 -1.0120292901992798
1681766878.8072689 112.86863708496094 0.00934501551091671 -0.006946058943867683 -1.0124361515045166
1681766878.8072941 112.87454986572266 0.009634843096137047 -0.007399238180369139 -1.0126510858535767
1681766878.820259 112.88447570800781 0.010222699493169785 -0.007461682427674532 -1.0132899284362793
1681766878.834288 112.89248657226562 0.010316706262528896 -0.007784475106745958 -1.013719916343689
1681766878.8492448 112.90240478515625 0.009837379679083824 -0.007595981936901808 -1.0131689310073853
1681766878.862296 112.94609832763672 0.00880079623311758 -0.004868406802415848 -1.008983850479126
1681766878.8623447 112.95010375976562 0.00892858300358057 -0.004671507049351931 -1.0085281133651733
1681766878.87647 112.9599380493164 0.009268471039831638 -0.0044031571596860886 -1.0080158710479736
1681766878.903319 112.96794891357422 0.00963618140667677 -0.004326248075813055 -1.0082576274871826
1681766878.9033449 112.97195434570312 0.009701515547931194 -0.004510930739343166 -1.0087110996246338
1681766878.9172318 112.98187255859375 0.010388393886387348 -0.004652221221476793 -1.009724497795105
1681766878.9302707 112.99079132080078 0.0109625943005085 -0.004467182792723179 -1.010754942893982
1681766878.9433758 113.00271606445312 0.012080402113497257 -0.004343475680798292 -1.0117342472076416
1681766878.9434144 113.00662994384766 0.012256783433258533 -0.00420953705906868 -1.0116500854492188
1681766878.971336 113.01864624023438 0.011938374489545822 -0.003968576900660992 -1.011621117591858
1681766878.9843302 113.02757263183594 0.011352128349244595 -0.00407429551705718 -1.011731505393982
1681766878.9843569 113.0701675415039 0.009196825325489044 -0.0034147908445447683 -1.0101003646850586
1681766878.9973085 113.08009338378906 0.009424369782209396 -0.003352197352796793 -1.0093828439712524
1681766879.0113103 113.09210968017578 0.009136971086263657 -0.004351344890892506 -1.0089324712753296
1681766879.023273 113.10385131835938 0.009034786373376846 -0.004414837341755629 -1.0101161003112793
1681766879.0372872 113.11477661132812 0.008856737054884434 -0.0042840950191020966 -1.0104098320007324
1681766879.0642784 113.12670135498047 0.008687452413141727 -0.004306107293814421 -1.01087486743927
1681766879.0783467 113.13862609863281 0.008459254167973995 -0.003952787723392248 -1.010982632637024
1681766879.0783894 113.14253997802734 0.00845059659332037 -0.003968043718487024 -1.0109739303588867
1681766879.0923474 113.15145874023438 0.008231536485254765 -0.00400627963244915 -1.0115516185760498
1681766879.104291 113.161376953125 0.007768014911562204 -0.0038966522552073 -1.0113919973373413
1681766879.1202648 113.21017456054688 0.006800937931984663 -0.004710046574473381 -1.0105186700820923
1681766879.159312 113.22801208496094 0.006991508882492781 -0.0047897594049572945 -1.0103237628936768
1681766879.1733074 113.23702239990234 0.0075786057859659195 -0.004335182253271341 -1.0106772184371948
1681766879.1733322 113.24102783203125 0.007971598766744137 -0.0040468983352184296 -1.0105812549591064
1681766879.1912792 113.24913024902344 0.008078504353761673 -0.003487332258373499 -1.0097017288208008
1681766879.204276 113.28826904296875 0.008832179941236973 -0.0022024300415068865 -1.0095456838607788
1681766879.2192469 113.29828643798828 0.008829238824546337 -0.002191140316426754 -1.0096235275268555
1681766879.2192929 113.30220031738281 0.00854195561259985 -0.002793650608509779 -1.009509563446045
1681766879.232263 113.31111907958984 0.008490675128996372 -0.002907151123508811 -1.009505033493042
1681766879.260288 113.3270492553711 0.008763685822486877 -0.0030668398831039667 -1.0091626644134521
1681766879.273281 113.3350601196289 0.008929929696023464 -0.0031931009143590927 -1.009442925453186
1681766879.2913156 113.34498596191406 0.00899579282850027 -0.0034499450121074915 -1.009658932685852
1681766879.3053267 113.38768005371094 0.009883237071335316 -0.0039536491967737675 -1.0099717378616333
1681766879.3192623 113.39860534667969 0.009770823642611504 -0.004180451389402151 -1.0095995664596558
1681766879.3193057 113.40251922607422 0.009558635763823986 -0.004253377206623554 -1.0096250772476196
1681766879.3322756 113.41243743896484 0.009442863054573536 -0.0041783833876252174 -1.0096395015716553
1681766879.345248 113.42044830322266 0.009371946565806866 -0.004156758543103933 -1.0092692375183105
1681766879.3603466 113.42645263671875 0.00940821971744299 -0.004144149366766214 -1.0091586112976074
1681766879.3732784 113.4373779296875 0.009210625663399696 -0.00429619150236249 -1.0094984769821167
1681766879.3862588 113.44721221923828 0.009354837238788605 -0.0038507035933434963 -1.0096229314804077
1681766879.4042478 113.4552230834961 0.009182561188936234 -0.003463008441030979 -1.0096030235290527
1681766879.4042726 113.46122741699219 0.009302456863224506 -0.0035046711564064026 -1.0096831321716309
1681766879.4183443 113.50592041015625 0.008883523754775524 -0.003878589253872633 -1.0110934972763062
1681766879.4322963 113.51484680175781 0.00852105300873518 -0.003953039646148682 -1.0108281373977661
1681766879.4593892 113.52867889404297 0.008428727276623249 -0.003618791699409485 -1.010298252105713
1681766879.4713385 113.53668975830078 0.008320911787450314 -0.0032877796329557896 -1.0100547075271606
1681766879.4823055 113.54661560058594 0.0078041404485702515 -0.0033555475529283285 -1.0098819732666016
1681766879.494311 113.55553436279297 0.00798710621893406 -0.003065933706238866 -1.0109877586364746
1681766879.4943516 113.55953979492188 0.008137711323797703 -0.0028587528504431248 -1.0111384391784668
1681766879.5072854 113.56773376464844 0.008034230209887028 -0.002669096924364567 -1.0109280347824097
1681766879.5243192 113.61087799072266 0.008653606288135052 -0.0030294498428702354 -1.0112165212631226
1681766879.5383108 113.6187973022461 0.00856831669807434 -0.003097257576882839 -1.0110691785812378
1681766879.538336 113.622802734375 0.008517872542142868 -0.0030864165164530277 -1.0107299089431763
1681766879.5652752 113.63272857666016 0.008659101091325283 -0.0030688494443893433 -1.0105829238891602
1681766879.5792975 113.6456527709961 0.008869192562997341 -0.0034776011016219854 -1.0110955238342285
1681766879.5793269 113.649658203125 0.008862944319844246 -0.0037125288508832455 -1.0110186338424683
1681766879.5922856 113.65757751464844 0.009302318096160889 -0.003817784832790494 -1.0108004808425903
1681766879.6052065 113.66749572753906 0.00906599871814251 -0.003989809192717075 -1.0105644464492798
1681766879.6192195 113.67642211914062 0.009168341755867004 -0.004053621087223291 -1.0106037855148315
1681766879.63519 113.680419921875 0.009111964143812656 -0.004089793190360069 -1.010771632194519
1681766879.663296 113.73503875732422 0.009171421639621258 -0.00404171971604228 -1.009586215019226
1681766879.6633298 113.74105072021484 0.009240865707397461 -0.0038519608788192272 -1.0097330808639526
1681766879.676315 113.75106048583984 0.00913324300199747 -0.003650472965091467 -1.0093233585357666
1681766879.6893454 113.7598876953125 0.009049197658896446 -0.003271443070843816 -1.0096099376678467
1681766879.7032104 113.76981353759766 0.00926362443715334 -0.0028043484780937433 -1.010063648223877
1681766879.7032366 113.77581787109375 0.009259210899472237 -0.00286121922545135 -1.0101667642593384
1681766879.7303286 113.7877426147461 0.0092837018892169 -0.003073173575103283 -1.0104917287826538
1681766879.748266 113.79866790771484 0.009435261599719524 -0.002757513662800193 -1.010722279548645
1681766879.7482998 113.8364486694336 0.009023264981806278 -0.0028981328941881657 -1.0099995136260986
1681766879.7612288 113.84536743164062 0.009230847470462322 -0.0030941551085561514 -1.0100957155227661
1681766879.7743258 113.85729217529297 0.009155523031949997 -0.003459649160504341 -1.009490728378296
1681766879.7862914 113.8672103881836 0.008889326825737953 -0.0035417722538113594 -1.009107232093811
1681766879.7992194 113.87713623046875 0.008754611946642399 -0.003667385084554553 -1.0092928409576416
1681766879.8132608 113.88214111328125 0.008725541643798351 -0.0036885554436594248 -1.009830117225647
1681766879.8263397 113.89024353027344 0.008363517932593822 -0.0036099269054830074 -1.0097070932388306
1681766879.8433428 113.89834594726562 0.008381708525121212 -0.0036561856977641582 -1.0097835063934326
1681766879.8433666 113.9024429321289 0.00815554428845644 -0.0037830970250070095 -1.009824514389038
1681766879.856273 113.94158172607422 0.009814759716391563 -0.0033461644779890776 -1.010302186012268
1681766879.8683095 113.951416015625 0.009594045579433441 -0.003748792689293623 -1.010416030883789
1681766879.8822372 113.9604263305664 0.009651422500610352 -0.003951480146497488 -1.010346531867981
1681766879.882259 113.96434020996094 0.009672864340245724 -0.004139391705393791 -1.0105278491973877
1681766879.8963022 113.97425842285156 0.009532151743769646 -0.004376614931970835 -1.0107792615890503
1681766879.9242523 113.98828125 0.009725709445774555 -0.00407431460916996 -1.0110142230987549
1681766879.9372733 113.99620056152344 0.009744551964104176 -0.0038994369097054005 -1.0112974643707275
1681766879.9532175 114.03889465332031 0.009876692667603493 -0.0037375427782535553 -1.0112468004226685
1681766879.9662402 114.04781341552734 0.009685319848358631 -0.003580997232347727 -1.010656476020813
1681766879.9812653 114.05773162841797 0.009749670512974262 -0.0036966255865991116 -1.0110785961151123
1681766879.9813008 114.06173706054688 0.00966569036245346 -0.0035416726022958755 -1.0108810663223267
1681766879.9933054 114.07166290283203 0.009495332837104797 -0.003675420768558979 -1.0107277631759644
1681766880.0063126 114.08258056640625 0.009283531457185745 -0.003850276581943035 -1.0110191106796265
1681766880.022498 114.0885009765625 0.009305479004979134 -0.0037391583900898695 -1.0109620094299316
1681766880.0344276 114.0985107421875 0.009344564750790596 -0.004135648719966412 -1.01118004322052
1681766880.0473475 114.10652160644531 0.009592783637344837 -0.0041419463232159615 -1.0110467672348022
1681766880.0642798 114.11644744873047 0.009862200357019901 -0.00426786532625556 -1.0110496282577515
1681766880.0643065 114.120361328125 0.009968201629817486 -0.00402617733925581 -1.0109165906906128
1681766880.0763454 114.16405487060547 0.009275675751268864 -0.003832918358966708 -1.0106844902038574
1681766880.0893033 114.1739730834961 0.00923402514308691 -0.0039006839506328106 -1.0111998319625854
1681766880.1022487 114.18598937988281 0.009159392677247524 -0.003966289106756449 -1.01129150390625
1681766880.1162608 114.18990325927734 0.008991341106593609 -0.003914672881364822 -1.0110269784927368
1681766880.1282973 114.1998291015625 0.00914627593010664 -0.0036947401240468025 -1.0114116668701172
1681766880.1413457 114.2088394165039 0.00907837599515915 -0.003416392719373107 -1.0114094018936157
1681766880.1543217 114.2169418334961 0.009267164394259453 -0.0036173483822494745 -1.011580467224121
1681766880.1543436 114.220947265625 0.009382754564285278 -0.003491724142804742 -1.0118122100830078
1681766880.1683395 114.22904968261719 0.009657453745603561 -0.0035241972655057907 -1.0113524198532104
1681766880.185243 114.27210235595703 0.008997161872684956 -0.003138115396723151 -1.0107029676437378
1681766880.1972938 114.28193664550781 0.009092176333069801 -0.002969607710838318 -1.0107430219650269
1681766880.2133148 114.2889404296875 0.009130663238465786 -0.0027664450462907553 -1.0111597776412964
1681766880.2262928 114.29685974121094 0.009035698138177395 -0.0029223754536360502 -1.0109671354293823
1681766880.238305 114.30878448486328 0.009245702996850014 -0.0030775379855185747 -1.0104126930236816
1681766880.2532642 114.31871032714844 0.009241205640137196 -0.0033973015379160643 -1.011038899421692
1681766880.2532935 114.32271575927734 0.009271731600165367 -0.003572857240214944 -1.0111604928970337
1681766880.2662985 114.33163452148438 0.009120357222855091 -0.003631172003224492 -1.0103617906570435
1681766880.2942967 114.34156036376953 0.009076425805687904 -0.003484886372461915 -1.0103812217712402
1681766880.294322 114.34556579589844 0.00894855335354805 -0.003495682729408145 -1.0104165077209473
1681766880.3073208 114.39435577392578 0.009010647423565388 -0.0033804455306380987 -1.0099163055419922
1681766880.3192852 114.40227508544922 0.009325484745204449 -0.0034095945302397013 -1.010056495666504
1681766880.3332665 114.41320037841797 0.009001237340271473 -0.0034169615246355534 -1.0101392269134521
1681766880.346324 114.4231185913086 0.008669579401612282 -0.0035850005224347115 -1.0102661848068237
