1681767060.6662247 21.36203384399414 0.006805692333728075 -0.01556558907032013 -1.0116828680038452
1681767060.707203 21.3848819732666 0.06523764133453369 -0.009464800357818604 -1.0129350423812866
1681767060.7201867 21.396625518798828 0.1269136220216751 0.0014947406016290188 -1.065483570098877
1681767060.7388763 21.407548904418945 0.15442092716693878 0.004109589383006096 -1.0807055234909058
1681767060.7471752 21.417470932006836 0.21193531155586243 0.022449152544140816 -1.1310397386550903
1681767060.7641554 21.423295974731445 0.23512716591358185 0.022509943693876266 -1.1210570335388184
1681767060.7921913 21.48155403137207 0.2111290693283081 0.008780437521636486 -1.033989429473877
1681767060.792223 21.485559463500977 0.216745987534523 0.008263876661658287 -1.0476242303848267
1681767060.805216 21.498302459716797 0.21435652673244476 -0.00289542181417346 -1.0250657796859741
1681767060.8211424 21.508224487304688 0.19732633233070374 -0.004692353308200836 -0.9994211792945862
1681767060.8321843 21.52005958557129 0.19425202906131744 -0.008264945819973946 -1.0086709260940552
1681767060.8611283 21.532894134521484 0.18844802677631378 -0.012232675217092037 -0.9924917221069336
1681767060.8611538 21.53881072998047 0.18277108669281006 -0.0145108662545681 -0.9891813397407532
1681767060.8741496 21.54854965209961 0.18065319955348969 -0.019348060712218285 -0.9917392134666443
1681767060.8871427 21.56038475036621 0.18000108003616333 -0.02262905426323414 -0.9833968877792358
1681767060.9011564 21.569122314453125 0.17703963816165924 -0.02510933205485344 -0.9698485136032104
1681767060.9141486 21.57503890991211 0.17534291744232178 -0.026204435154795647 -0.9646390080451965
1681767060.9281693 21.62519645690918 0.17531625926494598 -0.020852848887443542 -0.9618031978607178
1681767060.9411917 21.63511848449707 0.16704116761684418 -0.02394060418009758 -0.9624444842338562
1681767060.9412227 21.6390323638916 0.16674798727035522 -0.023830249905586243 -0.9661061763763428
1681767060.9541893 21.64722442626953 0.1617862433195114 -0.022860737517476082 -0.9742791652679443
1681767060.9671304 21.659969329833984 0.1509876698255539 -0.02081802301108837 -0.9779994487762451
1681767060.9811597 21.6697998046875 0.14502760767936707 -0.024195661768317223 -0.9829455614089966
1681767060.995137 21.67580795288086 0.1396360844373703 -0.02801804430782795 -0.9839079976081848
1681767061.0082994 21.683727264404297 0.13847801089286804 -0.02172205038368702 -0.9891397953033447
1681767061.0213 21.694650650024414 0.12869656085968018 -0.022283300757408142 -0.9838382005691528
1681767061.035202 21.706392288208008 0.12452427297830582 -0.02221732772886753 -0.981713056564331
1681767061.035251 21.710397720336914 0.12228874117136002 -0.02131633087992668 -0.9832225441932678
1681767061.0482414 21.72022819519043 0.11756931245326996 -0.01946434937417507 -0.985072135925293
1681767061.0631359 21.724233627319336 0.11583458632230759 -0.017611127346754074 -0.9865521192550659
1681767061.0761187 21.735248565673828 0.10986978560686111 -0.01919259876012802 -0.9968237280845642
1681767061.0891514 21.781763076782227 0.09267281740903854 -0.016086788848042488 -1.0175424814224243
1681767061.0891848 21.78759002685547 0.09076370298862457 -0.014975438825786114 -1.0217669010162354
1681767061.1011472 21.797420501708984 0.08596888184547424 -0.012346514500677586 -1.0240957736968994
1681767061.113249 21.80743408203125 0.08423884212970734 -0.010290348902344704 -1.0278115272521973
1681767061.127343 21.818265914916992 0.08440961688756943 -0.013631634414196014 -1.022269606590271
1681767061.1274407 21.824182510375977 0.08530260622501373 -0.014342588372528553 -1.0272868871688843
1681767061.150326 21.836015701293945 0.07848023623228073 -0.01645447313785553 -1.0338828563690186
1681767061.1641972 21.843935012817383 0.07224980741739273 -0.01985953561961651 -1.0348591804504395
1681767061.1642358 21.848031997680664 0.06943167001008987 -0.02266687899827957 -1.0362317562103271
1681767061.1771996 21.85895538330078 0.06807128340005875 -0.028008731082081795 -1.0315297842025757
1681767061.1892152 21.870697021484375 0.0644216388463974 -0.024682391434907913 -1.028090000152588
1681767061.2171566 21.886627197265625 0.05357414856553078 -0.030651340261101723 -1.0260344743728638
1681767061.2281315 21.897550582885742 0.052362725138664246 -0.03290099278092384 -1.0267488956451416
1681767061.241234 21.907291412353516 0.05000879243016243 -0.03029756434261799 -1.0282750129699707
1681767061.2562125 21.949800491333008 0.050920967012643814 -0.03465960919857025 -1.0052299499511719
1681767061.2562366 21.953805923461914 0.04872801899909973 -0.0352366603910923 -1.0026246309280396
1681767061.268189 21.965730667114258 0.045353904366493225 -0.03593285009264946 -1.0049840211868286
1681767061.2811272 21.974742889404297 0.04643191397190094 -0.03651329129934311 -0.9992276430130005
1681767061.2961404 21.98065948486328 0.04542868584394455 -0.034062862396240234 -1.0015485286712646
1681767061.3091595 21.992401123046875 0.03975752741098404 -0.033481113612651825 -0.9956738352775574
1681767061.3221836 22.004234313964844 0.03343481197953224 -0.030907711014151573 -0.9902225136756897
1681767061.336186 22.01233673095703 0.035018760710954666 -0.029595740139484406 -0.9930455684661865
1681767061.3362257 22.0191650390625 0.036850061267614365 -0.025598719716072083 -0.9960082769393921
1681767061.3631153 22.030906677246094 0.03703218698501587 -0.022143393754959106 -0.9930723309516907
1681767061.37718 22.04073715209961 0.0332179069519043 -0.02311057224869728 -0.987599790096283
1681767061.3772037 22.04483413696289 0.035334035754203796 -0.02269064635038376 -0.9859428405761719
1681767061.3891597 22.08770751953125 0.0293460413813591 -0.010368186049163342 -1.0149588584899902
1681767061.403203 22.096628189086914 0.024217704311013222 -0.005216882564127445 -1.0137790441513062
1681767061.4172602 22.106460571289062 0.016324223950505257 0.0011218837462365627 -1.0142936706542969
1681767061.429117 22.12238883972168 0.014884819276630878 0.005522886291146278 -1.0295650959014893
1681767061.458106 22.132221221923828 0.009651320986449718 0.007223436143249273 -1.0369454622268677
1681767061.4581282 22.137226104736328 0.007338816300034523 0.00633087707683444 -1.0364223718643188
1681767061.470162 22.1469669342041 0.011666510254144669 0.00965556874871254 -1.0313656330108643
1681767061.4832897 22.156797409057617 0.02359292283654213 0.013643112033605576 -1.0266754627227783
1681767061.4961252 22.16872215270996 0.017760470509529114 0.006956600584089756 -1.02000093460083
1681767061.5101376 22.177642822265625 0.01101104449480772 -0.0015463568270206451 -1.010662317276001
1681767061.5242066 22.18355941772461 0.014117551036179066 -0.0016739220591261983 -1.013089895248413
1681767061.5381782 22.234081268310547 0.01942995749413967 -0.006752765271812677 -0.9951881766319275
1681767061.5512097 22.24209213256836 0.024531804025173187 -0.01001989096403122 -0.9982244968414307
1681767061.56418 22.253925323486328 0.027219031006097794 -0.009481856599450111 -0.9965441823005676
1681767061.5642169 22.258840560913086 0.02655152603983879 -0.012365628033876419 -0.9947621822357178
1681767061.57717 22.270673751831055 0.022023078054189682 -0.011001046746969223 -0.9968534111976624
1681767061.605144 22.28651237487793 0.01797371543943882 -0.0173816941678524 -0.9992679953575134
1681767061.6181624 22.296344757080078 0.01820654235780239 -0.027140434831380844 -0.9946696162223816
1681767061.6291742 22.3090877532959 0.014920889399945736 -0.02158021740615368 -0.9983141422271729
1681767061.642523 22.317007064819336 0.015210598707199097 -0.02024373970925808 -1.0016231536865234
1681767061.6561458 22.330842971801758 0.017473816871643066 -0.021082716062664986 -1.0058996677398682
1681767061.6832175 22.339946746826172 0.014790312387049198 -0.02016901597380638 -1.0125994682312012
1681767061.683251 22.34577178955078 0.01606723479926586 -0.0225426834076643 -1.008509635925293
1681767061.69617 22.39228630065918 0.0082636009901762 -0.022839516401290894 -1.0031172037124634
1681767061.7091436 22.402118682861328 0.010821894742548466 -0.021659918129444122 -1.010136604309082
1681767061.7221906 22.41204071044922 0.007617429830133915 -0.023566290736198425 -1.0172393321990967
1681767061.736164 22.421051025390625 0.005338357761502266 -0.029867414385080338 -1.0229345560073853
1681767061.7361908 22.424964904785156 0.005859019234776497 -0.030270513147115707 -1.0231984853744507
1681767061.7781353 22.442806243896484 0.011176102794706821 -0.02760416828095913 -1.0321340560913086
1681767061.7911534 22.49132537841797 -0.00019977701595053077 -0.030166111886501312 -1.0218350887298584
1681767061.8041618 22.499244689941406 -0.0008837339701130986 -0.03161144256591797 -1.0186119079589844
1681767061.817228 22.511987686157227 0.001636601984500885 -0.027411209419369698 -1.0179791450500488
1681767061.8292205 22.521728515625 0.006516741588711739 -0.019453998655080795 -1.0053434371948242
1681767061.829249 22.52773666381836 0.0048955390229821205 -0.017564576119184494 -1.0030131340026855
1681767061.8691342 22.546669006347656 0.013345803134143353 -0.014013033360242844 -0.9987818598747253
1681767061.869176 22.55258560180664 0.017653120681643486 -0.013787353411316872 -0.9977979063987732
1681767061.8822258 22.56241798400879 0.018163196742534637 -0.015244285576045513 -1.001962423324585
1681767061.8951862 22.57234001159668 0.021062813699245453 -0.015059326775372028 -0.9934170842170715
1681767061.9101222 22.580440521240234 0.018042970448732376 -0.010660305619239807 -0.9837930202484131
1681767061.9361415 22.59728240966797 0.019025791436433792 -0.014773063361644745 -0.9709383249282837
1681767061.9511404 22.64388656616211 0.019093094393610954 -0.024400576949119568 -0.9919655919075012
1681767061.9631398 22.659727096557617 0.014855042099952698 -0.028140457347035408 -1.015608310699463
1681767061.976142 22.670650482177734 0.011282961815595627 -0.02710341103374958 -1.014345407485962
1681767061.9891343 22.682392120361328 0.010154224000871181 -0.035330500453710556 -1.0168216228485107
1681767062.004172 22.688308715820312 0.009744232520461082 -0.03638230636715889 -1.0147558450698853
1681767062.017187 22.698139190673828 0.006445647217333317 -0.03953330218791962 -1.013838291168213
1681767062.0301373 22.708972930908203 0.011796458624303341 -0.044747598469257355 -1.0182642936706543
1681767062.0431774 22.720806121826172 0.018896708264946938 -0.045366037636995316 -1.0146265029907227
1681767062.0432181 22.724720001220703 0.018751557916402817 -0.041868653148412704 -1.0111898183822632
1681767062.056536 22.734642028808594 0.01626068912446499 -0.03113173134624958 -1.0067495107650757
1681767062.0721545 22.7386474609375 0.016621893271803856 -0.03071819245815277 -1.0059747695922852
1681767062.0841646 22.74274444580078 0.014738389290869236 -0.03401007130742073 -1.0045263767242432
1681767062.0841904 22.749662399291992 0.014548588544130325 -0.03512823209166527 -1.011136531829834
1681767062.097134 22.796085357666016 0.0026314733549952507 -0.012724645435810089 -0.9986678957939148
1681767062.1111867 22.806007385253906 0.005239421501755714 -0.015011816285550594 -1.0075452327728271
1681767062.1241484 22.81793212890625 0.011419410817325115 -0.008401604369282722 -1.0137351751327515
1681767062.124176 22.82184600830078 0.012297485023736954 -0.0078008733689785 -1.0118873119354248
1681767062.1371236 22.83277130126953 0.0072557623498141766 -0.010612092912197113 -1.0154401063919067
1681767062.1652083 22.842693328857422 0.0014103743014857173 -0.017246050760149956 -1.0112028121948242
1681767062.1652293 22.846696853637695 0.0012952961260452867 -0.020397663116455078 -1.017789602279663
1681767062.1780732 22.854707717895508 0.0008963360451161861 -0.022119859233498573 -1.02849543094635
1681767062.1912324 22.8646297454834 0.004358378704637289 -0.017475951462984085 -1.0305933952331543
1681767062.203182 22.87737274169922 0.005780254956334829 -0.02236252836883068 -1.0125421285629272
1681767062.2182336 22.88729476928711 -0.0030626789666712284 -0.030298324301838875 -1.0096426010131836
1681767062.232405 22.89330291748047 -0.003873806679621339 -0.03278729319572449 -1.0080796480178833
1681767062.245334 22.903135299682617 -0.0012408498441800475 -0.03268847241997719 -1.0119521617889404
1681767062.2582583 22.95274543762207 -0.007041898090392351 -0.04116774722933769 -1.020177960395813
1681767062.2722013 22.964487075805664 -0.0028691382613033056 -0.034305639564991 -1.0271047353744507
1681767062.2722564 22.96849250793457 -0.00379957165569067 -0.031104540452361107 -1.0257648229599
1681767062.284214 22.98032569885254 -0.005284117069095373 -0.028359143063426018 -1.0270154476165771
1681767062.2971733 22.989246368408203 -0.009600471705198288 -0.03073197975754738 -1.0210227966308594
1681767062.3132253 22.995073318481445 -0.009037376381456852 -0.031203489750623703 -1.019331693649292
1681767062.3252409 23.006906509399414 -0.007463996298611164 -0.028611427173018456 -1.0248968601226807
1681767062.3382099 23.018831253051758 -0.008919001556932926 -0.021636487916111946 -1.0212284326553345
1681767062.3532052 23.0296630859375 -0.004975765943527222 -0.025697022676467896 -1.0209413766860962
1681767062.3532631 23.035579681396484 -0.006118313875049353 -0.027213500812649727 -1.027007818222046
1681767062.3791866 23.047504425048828 -0.00937699619680643 -0.026639802381396294 -1.038018822669983
1681767062.3931577 23.059337615966797 -0.017637178301811218 -0.020988982170820236 -1.0340720415115356
1681767062.3931837 23.06525421142578 -0.01966584101319313 -0.022035622969269753 -1.0251796245574951
1681767062.404209 23.076087951660156 -0.020543428137898445 -0.02549448423087597 -1.020854115486145
1681767062.4173794 23.08782958984375 -0.021184507757425308 -0.025128571316599846 -1.0239371061325073
1681767062.4323459 23.12870216369629 -0.0016108942218124866 -0.027149541303515434 -1.0026198625564575
1681767062.4462357 23.138713836669922 -0.0070535545237362385 -0.03099745325744152 -1.0012413263320923
1681767062.4731607 23.155555725097656 -0.0007594497292302549 -0.030859526246786118 -1.0014933347702026
1681767062.4862309 23.165386199951172 -0.003160713706165552 -0.029765184968709946 -1.0030746459960938
1681767062.4862547 23.169391632080078 -0.004250182770192623 -0.02863323502242565 -1.0027332305908203
1681767062.5002058 23.17940330505371 -0.00399742042645812 -0.02831229194998741 -0.9956805109977722
1681767062.5131748 23.189144134521484 -0.0022698708344250917 -0.0323711521923542 -0.9917463660240173
1681767062.5402157 23.20589256286621 0.0033695222809910774 -0.032403573393821716 -0.9919066429138184
1681767062.5533397 23.2158145904541 0.00850597396492958 -0.03098970651626587 -0.9901325106620789
1681767062.5712976 23.227558135986328 0.01053318940103054 -0.03598516434431076 -0.9971054196357727
1681767062.5713959 23.27025032043457 0.0011287631932646036 -0.03679431229829788 -0.9987380504608154
1681767062.5841765 23.280990600585938 0.00465124286711216 -0.03554005175828934 -0.9998002052307129
1681767062.5972216 23.290821075439453 0.00650393171235919 -0.035969726741313934 -0.9967524409294128
1681767062.6251674 23.306751251220703 0.012134891003370285 -0.03095361404120922 -0.9977944493293762
1681767062.6372201 23.31767463684082 0.010537817142903805 -0.03159749135375023 -0.9914034605026245
1681767062.650179 23.329326629638672 0.016444535925984383 -0.031292494386434555 -0.9972378611564636
1681767062.665234 23.33724594116211 0.02060076594352722 -0.030013713985681534 -1.0011317729949951
1681767062.6652608 23.341251373291016 0.021230440586805344 -0.031605083495378494 -1.000503659248352
1681767062.692182 23.349353790283203 0.025107864290475845 -0.027727769687771797 -1.0163755416870117
1681767062.6922429 23.354358673095703 0.023397553712129593 -0.03242964297533035 -1.0165936946868896
1681767062.719233 23.40679168701172 0.006132875569164753 -0.023765770718455315 -1.01008141040802
1681767062.7192578 23.412708282470703 0.0069435955956578255 -0.01848077028989792 -1.0119507312774658
1681767062.7311974 23.424724578857422 0.00922076404094696 -0.008339403197169304 -1.015030026435852
1681767062.7441475 23.435556411743164 0.00237651402130723 -0.0029500010423362255 -1.0097665786743164
1681767062.759139 23.445478439331055 0.002913540927693248 0.007003144361078739 -1.0167611837387085
1681767062.775133 23.451486587524414 0.0015475223772227764 0.01026031095534563 -1.022685170173645
1681767062.7881799 23.461408615112305 0.0007244793232530355 0.015342329628765583 -1.0251615047454834
1681767062.8021786 23.471330642700195 -0.0026275007985532284 0.01957862451672554 -1.017873764038086
1681767062.8151438 23.48025131225586 -0.009722895920276642 0.022969095036387444 -1.0118507146835327
1681767062.8151782 23.486167907714844 -0.011385497637093067 0.022196592763066292 -1.007979154586792
1681767062.832216 23.530771255493164 -0.0034353723749518394 -0.0017407875275239348 -1.01671302318573
1681767062.8451345 23.538782119750977 -0.005139670334756374 -0.0031492826528847218 -1.0193684101104736
1681767062.8611684 23.548612594604492 -0.0076402900740504265 -0.0052792662754654884 -1.009131669998169
1681767062.8751965 23.5526180267334 -0.008365108631551266 -0.0026344014331698418 -1.0120375156402588
1681767062.8881264 23.561538696289062 -0.010213445872068405 -0.008331647142767906 -1.0172799825668335
1681767062.9021907 23.571552276611328 -0.017165062949061394 -0.01705903373658657 -1.021568775177002
1681767062.9022205 23.57546615600586 -0.01720089092850685 -0.014435116201639175 -1.0230984687805176
1681767062.915444 23.58538818359375 -0.01733725145459175 -0.008884891867637634 -1.0130577087402344
1681767062.9282336 23.595218658447266 -0.01014003437012434 -0.006732511334121227 -1.0120058059692383
1681767062.9561834 23.654478073120117 -0.008254192769527435 -0.029957927763462067 -1.0046911239624023
1681767062.969161 23.664400100708008 -0.005665365606546402 -0.031247900798916817 -1.0015785694122314
1681767062.9811912 23.6743221282959 -0.0010277669643983245 -0.030236339196562767 -1.002200722694397
1681767062.9951584 23.68515396118164 0.003315745387226343 -0.028513701632618904 -1.006708025932312
1681767063.009147 23.697078704833984 0.003983586560934782 -0.029400503262877464 -1.0022633075714111
1681767063.0351884 23.71291732788086 0.00891917571425438 -0.023166626691818237 -0.9996381998062134
1681767063.0502024 23.723840713500977 0.006168201100081205 -0.024265525862574577 -1.004526138305664
1681767063.0502322 23.727754592895508 0.0048797475174069405 -0.02524350956082344 -1.0061733722686768
1681767063.0622478 23.7376766204834 0.004271916579455137 -0.029797926545143127 -1.001408338546753
1681767063.0751677 23.749601364135742 0.005363049916923046 -0.022036217153072357 -1.0045850276947021
1681767063.091224 23.755517959594727 0.000715891714207828 -0.017036158591508865 -1.000394582748413
1681767063.103212 23.76634979248047 -0.005946359597146511 -0.013207596726715565 -0.9993529319763184
1681767063.1164596 23.810863494873047 -0.004714425187557936 -0.015039204619824886 -1.029154658317566
1681767063.1303978 23.818782806396484 -0.0032376968301832676 -0.019176369532942772 -1.0271192789077759
1681767063.1304622 23.824790954589844 -0.00043105473741889 -0.020437225699424744 -1.0331729650497437
1681767063.1423721 23.836624145507812 0.0005590247455984354 -0.021478911861777306 -1.0460188388824463
1681767063.1562715 23.847457885742188 -0.011887017637491226 -0.02884570136666298 -1.0357915163040161
1681767063.1832774 23.86539077758789 -0.0086112255230546 -0.02860475517809391 -1.027527928352356
1681767063.1961927 23.877132415771484 -0.012141567654907703 -0.025324217975139618 -1.031719446182251
1681767063.2101743 23.8880558013916 -0.015345850959420204 -0.022946635261178017 -1.0262598991394043
1681767063.223215 23.899890899658203 -0.007955808192491531 -0.014252987690269947 -1.0267281532287598
1681767063.250272 23.91581916809082 -0.011279579252004623 -0.016392312943935394 -1.0231117010116577
1681767063.2652771 23.958330154418945 -0.008526057004928589 -0.015469929203391075 -1.0059725046157837
1681767063.2792175 23.969161987304688 -0.012744762934744358 -0.018242688849568367 -1.0005885362625122
1681767063.2792776 23.975078582763672 -0.012813937850296497 -0.02001318894326687 -0.9945654273033142
1681767063.2922027 23.985000610351562 -0.008377178572118282 -0.011662226170301437 -0.9941279888153076
1681767063.3043187 23.994741439819336 -0.005101596936583519 -0.007620534859597683 -0.9957634210586548
1681767063.3192601 24.003662109375 -0.0028632439207285643 -0.0080564608797431 -0.9921053051948547
1681767063.333265 24.009578704833984 -0.0016842198092490435 -0.007406672462821007 -0.9877623319625854
1681767063.3451474 24.0194091796875 7.693574298173189e-05 -0.006868800148367882 -0.9846165776252747
1681767063.3601174 24.027328491210938 0.0008236751891672611 -0.013436655513942242 -0.9915708303451538
1681767063.3601396 24.033245086669922 0.003187470603734255 -0.013147806748747826 -0.9966726899147034
1681767063.3732173 24.044078826904297 0.0023332629352808 -0.015267407521605492 -0.9926064014434814
1681767063.3851802 24.054000854492188 0.0009197897161357105 -0.016590770334005356 -1.0000065565109253
1681767063.4001715 24.060007095336914 -0.001068391720764339 -0.01891973987221718 -0.9990023374557495
1681767063.4132004 24.11025619506836 -0.006970119662582874 -0.041707463562488556 -1.0293081998825073
1681767063.4261498 24.120267868041992 -0.007990669459104538 -0.04374442249536514 -1.033016324043274
1681767063.4391806 24.131101608276367 -0.006686162203550339 -0.04657141491770744 -1.0322188138961792
1681767063.4521897 24.142934799194336 -0.000577122496906668 -0.04113565385341644 -1.0255955457687378
1681767063.4641569 24.15485954284668 -0.005381327588111162 -0.037212591618299484 -1.0201271772384644
1681767063.4641843 24.15877342224121 -0.007766387425363064 -0.035421065986156464 -1.0142985582351685
1681767063.4912267 24.169788360595703 -0.007693586405366659 -0.03136245161294937 -1.0077171325683594
1681767063.5052257 24.181529998779297 -0.004510288592427969 -0.024622518569231033 -1.003893494606018
1681767063.5052762 24.185535430908203 -0.004933888092637062 -0.02209804393351078 -1.0008978843688965
1681767063.5182295 24.197368621826172 -0.0036881105042994022 -0.009974961169064045 -0.9970800876617432
1681767063.5312243 24.20638084411621 -0.003430665470659733 -0.007350543979555368 -0.9971646070480347
1681767063.5462196 24.212297439575195 0.0008465680293738842 -0.012213433161377907 -1.0005849599838257
1681767063.5592177 24.224130630493164 0.002145928330719471 -0.014835624024271965 -1.0161917209625244
1681767063.5761626 24.272830963134766 0.001685654860921204 -0.012519991025328636 -1.0020489692687988
1681767063.5911465 24.28266143798828 0.006895032245665789 -0.015650855377316475 -1.0041230916976929
1681767063.5911725 24.28757667541504 0.006862967740744352 -0.014525842852890491 -1.0000687837600708
1681767063.6041293 24.297409057617188 0.007719358894973993 -0.005930518265813589 -0.993766725063324
1681767063.6172578 24.307239532470703 0.009743411093950272 0.002682321472093463 -0.9892417192459106
1681767063.6323168 24.313247680664062 0.011159037239849567 0.003112200880423188 -0.9827736616134644
1681767063.6451826 24.323169708251953 0.016640009358525276 -0.0031224992126226425 -0.9741700887680054
1681767063.659103 24.33409309387207 0.022939104586839676 -0.00696635153144598 -0.9860418438911438
1681767063.6712048 24.34401512145996 0.017640668898820877 -0.00011347280815243721 -0.9787635803222656
1681767063.6851895 24.3519344329834 0.015597210265696049 0.0006075557903386652 -0.9776280522346497
1681767063.6852248 24.355939865112305 0.015405640006065369 -0.0022905725054442883 -0.9784457683563232
1681767063.699347 24.36185646057129 0.017009498551487923 -0.0016438746824860573 -0.9811857342720032
1681767063.7121518 24.365861892700195 0.01985619030892849 -0.000885186018422246 -0.9808470010757446
1681767063.7251756 24.417383193969727 0.004843590781092644 0.01605348289012909 -1.0221000909805298
1681767063.7402875 24.427305221557617 -0.0031182290986180305 0.004960542544722557 -1.0159478187561035
1681767063.740316 24.433313369750977 -0.0034575588069856167 0.002951589412987232 -1.0211617946624756
1681767063.7532315 24.444965362548828 -0.0020021358504891396 0.003693029750138521 -1.0163036584854126
1681767063.7662342 24.45579719543457 0.005778845865279436 0.006854611914604902 -1.0238752365112305
1681767063.7951446 24.469633102416992 -0.004359516780823469 0.003027399070560932 -1.0045104026794434
1681767063.8091693 24.481557846069336 -0.0019731693901121616 0.00338081456720829 -1.0085303783416748
1681767063.8221924 24.490386962890625 0.004295468330383301 0.0055180019699037075 -1.0118980407714844
1681767063.8352604 24.500308990478516 -0.0027003069408237934 0.010061429813504219 -1.0167057514190674
1681767063.835282 24.5062255859375 -0.005503656808286905 0.008600888773798943 -1.0174733400344849
1681767063.8631587 24.516239166259766 -0.011022127233445644 0.009755230508744717 -1.0206308364868164
1681767063.8752031 24.56867027282715 -0.012366382405161858 -0.01130950078368187 -1.0131375789642334
1681767063.8894103 24.5814151763916 -0.0012441056314855814 -0.01046716421842575 -1.0106819868087769
1681767063.88947 24.585329055786133 -0.00012865924509242177 -0.011997939087450504 -1.0132606029510498
1681767063.9023104 24.5953426361084 -0.0035711752716451883 -0.014046481810510159 -1.014756679534912
1681767063.9155045 24.605173110961914 0.00016862258780747652 -0.01118775736540556 -1.011444091796875
1681767063.9442048 24.62210464477539 0.009763186797499657 -0.017333868891000748 -1.0046613216400146
1681767063.9562397 24.630023956298828 0.007917436771094799 -0.02285703271627426 -1.003618597984314
1681767063.9692206 24.641948699951172 0.00846264511346817 -0.034159138798713684 -1.0018960237503052
1681767063.9812064 24.652780532836914 0.013330562971532345 -0.04877377673983574 -1.018404483795166
1681767063.9812336 24.6586971282959 0.017372068017721176 -0.05831832438707352 -1.0202362537384033
1681767064.009163 24.670440673828125 0.020758509635925293 -0.06074139103293419 -1.019436240196228
1681767064.0091906 24.67635726928711 0.015329617075622082 -0.06287850439548492 -1.0097131729125977
1681767064.022236 24.720779418945312 0.006743988487869501 -0.04830479621887207 -1.0067040920257568
1681767064.03419 24.728879928588867 0.006282384507358074 -0.055726245045661926 -1.010206699371338
1681767064.0471926 24.73780059814453 0.011312849819660187 -0.050892654806375504 -1.0194021463394165
1681767064.0611615 24.749544143676758 0.007990958169102669 -0.042263951152563095 -1.0175511837005615
1681767064.0612118 24.755550384521484 0.005433391313999891 -0.040759459137916565 -1.0167160034179688
1681767064.0742104 24.765472412109375 0.00135158677585423 -0.047767117619514465 -1.0119680166244507
1681767064.1031263 24.774484634399414 0.004429074469953775 -0.0454576350748539 -1.006687879562378
1681767064.103148 24.7804012298584 0.012275436893105507 -0.0349934957921505 -1.0084383487701416
1681767064.115301 24.792234420776367 0.009304805658757687 -0.026615260168910027 -1.00832200050354
1681767064.128151 24.802156448364258 0.007471392396837473 -0.01799485646188259 -1.004604697227478
1681767064.143136 24.81207847595215 0.008492577821016312 -0.016951456665992737 -1.014565348625183
1681767064.1562345 24.818998336791992 0.007777091581374407 -0.010980494320392609 -1.0177490711212158
1681767064.1691284 24.83083152770996 0.006358491722494364 -0.0044966754503548145 -1.0097243785858154
1681767064.1831458 24.87543487548828 0.004433921072632074 -0.002448206301778555 -1.0021041631698608
1681767064.1831715 24.88144302368164 0.007390060927718878 -0.0011158647248521447 -1.0041069984436035
1681767064.1962438 24.891273498535156 0.006635645404458046 -0.0002579925931058824 -1.0017119646072388
1681767064.2092032 24.90019416809082 0.00741825345903635 -0.006905577145516872 -1.0000970363616943
1681767064.2221582 24.912118911743164 0.004084448795765638 -0.008144319988787174 -1.0000358819961548
1681767064.2492297 24.92795753479004 0.0020059591624885798 -0.006576646585017443 -0.9928994178771973
1681767064.2632105 24.936786651611328 0.006809587590396404 -0.009117530658841133 -0.9886992573738098
1681767064.2771294 24.948530197143555 0.009433371014893055 -0.01252001617103815 -0.9967694878578186
1681767064.2902238 24.962547302246094 0.0011875542113557458 -0.015457873232662678 -0.9920719265937805
1681767064.3051858 24.968374252319336 0.006620301865041256 -0.019040821120142937 -0.998811662197113
1681767064.3182251 24.972379684448242 0.008720476180315018 -0.022204745560884476 -1.0047358274459839
1681767064.3182518 24.977386474609375 0.010778512805700302 -0.023628968745470047 -1.007902979850769
1681767064.3305624 25.023900985717773 -0.00297126779332757 -0.03480393439531326 -1.0340982675552368
1681767064.3452244 25.035734176635742 -0.0017114179208874702 -0.03134817257523537 -1.0306850671768188
1681767064.345248 25.039648056030273 -0.0008330391719937325 -0.03486735373735428 -1.0314321517944336
1681767064.3591921 25.051483154296875 -0.0007580842939205468 -0.03521436080336571 -1.0238471031188965
1681767064.3722541 25.062406539916992 0.0011252894764766097 -0.029963357374072075 -1.018399715423584
1681767064.4002068 25.08024787902832 0.008941857144236565 -0.02747569978237152 -1.0130417346954346
1681767064.4132514 25.090078353881836 0.0065948679111897945 -0.03013719618320465 -1.0116806030273438
1681767064.427164 25.0989990234375 0.006422298029065132 -0.02766202948987484 -1.0098309516906738
1681767064.4271917 25.104915618896484 0.00621542613953352 -0.028118450194597244 -1.0090620517730713
1681767064.439257 25.11474609375 0.009895275346934795 -0.030357416719198227 -1.0003418922424316
1681767064.4672334 25.122665405273438 0.01667632721364498 -0.026689210906624794 -1.0042213201522827
1681767064.4672585 25.126670837402344 0.01452059205621481 -0.025620564818382263 -1.0013536214828491
1681767064.4812908 25.173187255859375 0.013020260259509087 -0.020171530544757843 -0.9921227693557739
1681767064.4813182 25.177282333374023 0.008690154179930687 -0.019748516380786896 -0.9889989495277405
1681767064.4941618 25.188024520874023 0.012927347794175148 -0.023406503722071648 -0.995337963104248
1681767064.5061827 25.197946548461914 0.01716548018157482 -0.02511732652783394 -1.007691502571106
1681767064.5191412 25.207868576049805 0.011123002506792545 -0.028960544615983963 -1.0076385736465454
1681767064.533222 25.215787887573242 0.011447723954916 -0.03111853636801243 -1.0192201137542725
1681767064.5332718 25.220794677734375 0.010077737271785736 -0.03521794080734253 -1.020971417427063
1681767064.5601726 25.230716705322266 0.008340224623680115 -0.03394140675663948 -1.0240408182144165
1681767064.574229 25.24054718017578 0.005591420456767082 -0.029837284237146378 -1.0194040536880493
1681767064.5742576 25.246463775634766 0.0034256544895470142 -0.03224167972803116 -1.0170038938522339
1681767064.5872152 25.254383087158203 0.0023907094728201628 -0.03551625832915306 -1.0126738548278809
1681767064.604193 25.298986434936523 0.004148762673139572 -0.035468246787786484 -1.0041289329528809
1681767064.618127 25.31182098388672 0.011340850032866001 -0.03434738144278526 -1.0039973258972168
1681767064.6181514 25.31764793395996 0.015391580760478973 -0.03099050745368004 -1.0122976303100586
1681767064.6452823 25.325658798217773 0.013592556118965149 -0.028708184137940407 -1.0104409456253052
1681767064.6592124 25.337583541870117 0.006413685157895088 -0.02305266074836254 -1.00800359249115
1681767064.65924 25.342498779296875 0.004150319844484329 -0.024855388328433037 -1.0021392107009888
1681767064.6721947 25.352420806884766 0.01076282188296318 -0.017667125910520554 -1.001990556716919
1681767064.6842685 25.362342834472656 0.011514500714838505 -0.012480184435844421 -1.0070126056671143
1681767064.6992333 25.37235450744629 0.0030376294162124395 -0.007745047565549612 -1.0031214952468872
1681767064.713217 25.376270294189453 -0.0013702866854146123 -0.00707211485132575 -1.0030590295791626
1681767064.7252192 25.38719367980957 -0.00562072591856122 -0.007429789751768112 -1.0050476789474487
1681767064.7391968 25.43352508544922 -0.007295952644199133 0.007417736575007439 -1.0170851945877075
1681767064.7532227 25.447362899780273 -0.0014686816139146686 0.009475122205913067 -1.0034723281860352
1681767064.7662375 25.457284927368164 0.0033305238466709852 0.0067074475809931755 -1.0062212944030762
1681767064.7791908 25.46820831298828 -0.004384860396385193 -0.002214412670582533 -1.0119150876998901
1681767064.805199 25.48395538330078 -0.0029609748162329197 -0.007790334057062864 -1.0206331014633179
1681767064.8181915 25.493785858154297 -0.001715983496978879 -0.012587221339344978 -1.0228285789489746
1681767064.83027 25.501888275146484 -0.004911808762699366 -0.020000403746962547 -1.0240048170089722
1681767064.844182 25.514631271362305 -0.006350291892886162 -0.030034322291612625 -1.031851887702942
1681767064.844214 25.520458221435547 -0.005007639527320862 -0.03369169682264328 -1.0374187231063843
1681767064.8602183 25.52637481689453 -0.004471713677048683 -0.03207462280988693 -1.033835530281067
1681767064.8732073 25.530288696289062 -0.0053896852768957615 -0.03373510017991066 -1.0310455560684204
1681767064.884254 25.580991744995117 -0.009841348975896835 -0.05353124812245369 -1.0070743560791016
1681767064.899241 25.591915130615234 0.002102102153003216 -0.0490618497133255 -1.0075616836547852
1681767064.8992727 25.59783172607422 0.003146959003061056 -0.04812247306108475 -1.0040448904037476
1681767064.9122107 25.60775375366211 0.001833731192164123 -0.05155329406261444 -1.0022982358932495
1681767064.9242334 25.61749267578125 0.002318114507943392 -0.04965445399284363 -1.0038443803787231
1681767064.9394379 25.626596450805664 0.004582749214023352 -0.04354189336299896 -0.9998018741607666
1681767064.9522934 25.63251304626465 0.001963735558092594 -0.04030315950512886 -0.9972338676452637
1681767064.9654267 25.644254684448242 -0.001465478097088635 -0.03570582717657089 -0.9911907911300659
1681767064.9802253 25.656089782714844 -0.0007394824060611427 -0.034361205995082855 -0.9983412623405457
1681767064.9802585 25.660093307495117 0.0004216861561872065 -0.03259740769863129 -1.0026861429214478
1681767064.993174 25.67110824584961 0.0004471620195545256 -0.030052268877625465 -1.005994200706482
1681767065.0201967 25.679027557373047 0.0026768743991851807 -0.024785960093140602 -1.0089284181594849
1681767065.0202186 25.68494415283203 0.001474954653531313 -0.0217472855001688 -1.0054477453231812
1681767065.033213 25.731460571289062 0.0022610416635870934 -0.006016275379806757 -0.9987661838531494
1681767065.0462313 25.741291046142578 0.001328085083514452 0.0012245811522006989 -0.9933611750602722
1681767065.0591938 25.75230598449707 0.010437801480293274 0.004266766831278801 -0.9917667508125305
1681767065.0732143 25.762136459350586 0.014348908327519894 -0.0022735283710062504 -1.0082422494888306
1681767065.0732443 25.766141891479492 0.008011136204004288 -0.005402646958827972 -1.0054786205291748
1681767065.0862038 25.776153564453125 -0.002833336591720581 -0.002594019053503871 -0.9999811053276062
1681767065.1141489 25.788990020751953 -0.0029328083619475365 -0.01154324784874916 -1.0050382614135742
1681767065.1271634 25.798912048339844 0.0014812552835792303 -0.01339794136583805 -1.010235071182251
1681767065.1442468 25.839691162109375 -0.011852653697133064 -0.019381292164325714 -1.0282387733459473
1681767065.1581993 25.849613189697266 -0.014715658500790596 -0.01953117735683918 -1.0246309041976929
1681767065.1582477 25.853710174560547 -0.018437320366501808 -0.025064341723918915 -1.026611566543579
1681767065.1702068 25.863632202148438 -0.024255139753222466 -0.03193625807762146 -1.0236711502075195
1681767065.1842272 25.87446403503418 -0.020755978301167488 -0.033657629042863846 -1.0276111364364624
1681767065.1992364 25.880380630493164 -0.01594529114663601 -0.031287357211112976 -1.0293368101119995
1681767065.2111976 25.8882999420166 -0.017012203112244606 -0.031376052647829056 -1.0176482200622559
1681767065.2241638 25.898221969604492 -0.017925286665558815 -0.035115912556648254 -1.014161467552185
1681767065.2381475 25.906143188476562 -0.015523350797593594 -0.037597738206386566 -1.017195224761963
1681767065.2511683 25.916975021362305 -0.007411499507725239 -0.03967287018895149 -1.0289254188537598
1681767065.2511945 25.92098045349121 -0.007294918410480022 -0.03750216215848923 -1.0285886526107788
1681767065.2642229 25.95975685119629 -0.009011823683977127 -0.04577987641096115 -1.0284538269042969
1681767065.278187 25.96967887878418 -0.004975093994289637 -0.04401165992021561 -1.0297826528549194
1681767065.2912068 25.977689743041992 -0.01197553426027298 -0.04719929397106171 -1.0195039510726929
1681767065.3052301 25.983606338500977 -0.014304042793810368 -0.04850204288959503 -1.0164653062820435
1681767065.3191566 25.992618560791016 -0.014431027695536613 -0.053828634321689606 -1.007772445678711
1681767065.332287 26.00244903564453 -0.0022796867415308952 -0.052911024540662766 -1.0073360204696655
1681767065.33232 26.006454467773438 0.0010325820185244083 -0.05443829670548439 -1.007935881614685
1681767065.349219 26.047325134277344 0.006228401325643063 -0.042057182639837265 -0.999220073223114
1681767065.3632128 26.05733871459961 0.004853281658142805 -0.04573444277048111 -0.9946940541267395
1681767065.377217 26.065258026123047 0.003972246777266264 -0.045018162578344345 -0.9928990006446838
1681767065.3902402 26.07417869567871 0.00770768616348505 -0.046959154307842255 -0.9929762482643127
1681767065.39027 26.078094482421875 0.008078883402049541 -0.04749758914113045 -0.9965147972106934
1681767065.4162157 26.08619499206543 0.008200175128877163 -0.04641962796449661 -1.002040147781372
1681767065.4312856 26.094295501708984 0.009948003105819225 -0.04461129754781723 -0.9955886006355286
1681767065.4313304 26.098392486572266 0.010144511237740517 -0.04772890731692314 -0.9955387115478516
1681767065.4442248 26.137351989746094 0.0043689412996172905 -0.039288099855184555 -0.9953407049179077
1681767065.4562352 26.14736557006836 0.003968154080212116 -0.03264332190155983 -0.9939829707145691
1681767065.4711847 26.1581974029541 0.003924025222659111 -0.016742482781410217 -0.993672788143158
1681767065.471211 26.16420555114746 0.0011285939253866673 -0.013471457175910473 -0.9956731200218201
1681767065.4842324 26.17412757873535 -0.0022159162908792496 -0.007450667209923267 -1.0041754245758057
1681767065.4963312 26.184049606323242 -0.002934877062216401 -0.00022609462030231953 -1.006826400756836
1681767065.5123055 26.18805503845215 -0.003387782257050276 0.002514006569981575 -1.0090830326080322
1681767065.5252368 26.196975708007812 -0.0063268039375543594 0.006200960837304592 -1.0117287635803223
1681767065.5373285 26.20880889892578 -0.012629305012524128 0.011050820350646973 -1.0192972421646118
1681767065.550329 26.21672821044922 -0.014372767880558968 0.009257142432034016 -1.0242692232131958
1681767065.5642483 26.228471755981445 -0.0112971356138587 0.013149444945156574 -1.0360349416732788
1681767065.5642698 26.23247718811035 -0.011782988905906677 0.009981652721762657 -1.037439227104187
1681767065.5912938 26.245220184326172 -0.009521282278001308 0.015387911349534988 -1.0339618921279907
1681767065.604186 26.29555892944336 7.737195119261742e-05 0.005658578127622604 -0.9958451986312866
1681767065.6182146 26.305389404296875 0.0069319112226367 -0.00017051119357347488 -0.989479124546051
1681767065.6182392 26.311397552490234 0.013121342286467552 0.000546395662240684 -0.9921762347221375
1681767065.6312165 26.322229385375977 0.016139572486281395 -2.580054569989443e-06 -0.9989129900932312
1681767065.6443365 26.330148696899414 0.009137516841292381 -7.149181328713894e-06 -0.9962862133979797
1681767065.6722436 26.34617042541504 0.011682618409395218 0.0014065952273085713 -1.0001356601715088
1681767065.6852062 26.354089736938477 0.009551451541483402 0.0003363252617418766 -0.9932653903961182
1681767065.6982877 26.366832733154297 0.0025180508382618427 0.010633595287799835 -0.9904271960258484
1681767065.6983206 26.372751235961914 -0.0006292837206274271 0.00493380893021822 -0.988913893699646
1681767065.7111964 26.382673263549805 -0.0011818307684734464 0.00010287307668477297 -0.9954097867012024
1681767065.724208 26.388498306274414 0.005956761538982391 0.006089223548769951 -0.9981673955917358
1681767065.7372053 26.39250373840332 0.0075994692742824554 0.006808169651776552 -0.9944016337394714
1681767065.7372267 26.397510528564453 0.006932476535439491 0.007292493712157011 -0.9961628317832947
1681767065.7512333 26.446027755737305 0.003934792242944241 0.0001546909916214645 -1.011300802230835
1681767065.7643096 26.45585823059082 0.0004292848752811551 0.0001387707598041743 -1.0083184242248535
1681767065.7771657 26.467693328857422 0.00281617627479136 -0.004544015973806381 -1.0176690816879272
1681767065.7911992 26.478614807128906 0.00754156056791544 -0.007722815964370966 -1.0194815397262573
1681767065.8042576 26.490449905395508 -0.009328973479568958 -0.016442986205220222 -1.0091161727905273
1681767065.817237 26.496366500854492 -0.0064719743095338345 -0.0170360766351223 -1.0104689598083496
1681767065.8322353 26.508291244506836 0.0034575234167277813 -0.02368227392435074 -1.0177587270736694
1681767065.8322613 26.512205123901367 0.002530951052904129 -0.02651524916291237 -1.0159090757369995
1681767065.8442328 26.52322006225586 0.003799987491220236 -0.02717594802379608 -1.020142674446106
1681767065.8552175 26.534961700439453 0.007036874070763588 -0.027069825679063797 -1.019382357597351
1681767065.8712728 26.540878295898438 0.014656110666692257 -0.022561265155673027 -1.0180995464324951
1681767065.884284 26.550800323486328 0.01343729067593813 -0.016546083614230156 -1.018259048461914
1681767065.8983026 26.59540367126465 -0.00027959971339441836 -0.03216123953461647 -1.0164035558700562
1681767065.911184 26.606327056884766 -0.0035367985256016254 -0.0344749353826046 -1.0176682472229004
1681767065.9262068 26.618160247802734 -0.0016320000868290663 -0.03650316968560219 -1.0174134969711304
1681767065.926226 26.62216567993164 0.0042660171166062355 -0.03807292878627777 -1.0239180326461792
1681767065.938205 26.634000778198242 0.013322928920388222 -0.03915632888674736 -1.0287383794784546
1681767065.9662197 26.64883804321289 0.00380294444039464 -0.04155224189162254 -1.0240534543991089
1681767065.9792352 26.65876007080078 -0.0009424460586160421 -0.04886727035045624 -1.0217938423156738
1681767065.9922826 26.670684814453125 -0.0005439957021735609 -0.043839242309331894 -1.0197184085845947
1681767066.0062096 26.681516647338867 -0.003929908387362957 -0.036400359123945236 -1.014661431312561
1681767066.006233 26.687524795532227 -0.007548833265900612 -0.039909712970256805 -1.013342261314392
1681767066.0191846 26.69344139099121 -0.009261160157620907 -0.04170757532119751 -1.0139176845550537
1681767066.0334165 26.697446823120117 -0.008728938177227974 -0.04369339346885681 -1.0120506286621094
1681767066.047363 26.70545768737793 8.522684220224619e-05 -0.03931747004389763 -1.0096344947814941
1681767066.0474763 26.74614715576172 0.00024907116312533617 -0.009870704263448715 -0.9936628937721252
1681767066.060228 26.75606918334961 0.0020117356907576323 -0.008541385643184185 -0.9941404461860657
1681767066.0731628 26.766809463500977 0.00034238887019455433 0.0005292517598718405 -0.9884293079376221
1681767066.086199 26.778553009033203 -0.012561293318867683 0.0011466628639027476 -0.9795730710029602
1681767066.0991938 26.78838348388672 -0.005027699284255505 -0.0015488853678107262 -0.9880598187446594
1681767066.1272264 26.803220748901367 0.006719609722495079 -0.004284932743757963 -1.001813292503357
1681767066.1382132 26.820880889892578 -0.003176904981955886 -0.010208256542682648 -0.9991427659988403
1681767066.1511698 26.832805633544922 0.004758032504469156 -0.00865283701568842 -1.002399206161499
1681767066.1642907 26.840906143188477 0.010855077765882015 -0.01043706014752388 -1.0059419870376587
1681767066.1792076 26.847732543945312 0.008847236633300781 -0.01232889760285616 -1.0030672550201416
1681767066.1922495 26.85947608947754 0.006230917293578386 -0.015712620690464973 -1.0092885494232178
1681767066.2052379 26.869306564331055 0.008703083731234074 -0.013844233937561512 -1.0072031021118164
1681767066.2201893 26.913909912109375 0.011148425750434399 -0.016587991267442703 -1.0125889778137207
1681767066.2202117 26.918006896972656 0.011751965619623661 -0.01379736140370369 -1.0144762992858887
1681767066.233223 26.928930282592773 0.011453325860202312 -0.011540678329765797 -1.012681007385254
1681767066.2472599 26.938671112060547 0.00829567015171051 -0.01512988843023777 -1.0147449970245361
1681767066.273222 26.954509735107422 -0.00294707203283906 -0.028194721788167953 -1.02030348777771
1681767066.2872097 26.962610244750977 0.0003732109325937927 -0.02992079220712185 -1.031191110610962
1681767066.2992396 26.975353240966797 -0.0008517096284776926 -0.026759598404169083 -1.0188921689987183
1681767066.3132322 26.983274459838867 -0.003550507128238678 -0.02560846135020256 -1.016540288925171
1681767066.3132539 26.989280700683594 -0.00355542846955359 -0.03188570588827133 -1.0229212045669556
1681767066.340253 26.999113082885742 0.0006079265149310231 -0.03888806700706482 -1.0258731842041016
1681767066.3531837 27.01003646850586 0.012823804281651974 -0.03647980839014053 -1.028241515159607
1681767066.3672397 27.056550979614258 0.016384754329919815 -0.029952915385365486 -0.9909322261810303
1681767066.367269 27.06046485900879 0.01651265099644661 -0.030645180493593216 -0.9866544604301453
1681767066.379211 27.072298049926758 0.013815653510391712 -0.01998158171772957 -0.9837073087692261
1681767066.3912308 27.082311630249023 0.01439343299716711 -0.013069898821413517 -0.982008159160614
1681767066.4041376 27.093143463134766 0.015552342869341373 -0.008790302090346813 -0.9788063764572144
1681767066.4172182 27.09906005859375 0.01352488249540329 -0.008933030068874359 -0.9744109511375427
1681767066.4302626 27.10898208618164 0.013334128074347973 -0.0065046981908380985 -0.9824905395507812
1681767066.4432428 27.11881446838379 0.012099317274987698 -0.0005821653176099062 -0.9924694299697876
1681767066.4572518 27.127826690673828 0.013246859423816204 0.006685649044811726 -0.9958411455154419
1681767066.457276 27.133743286132812 0.012831337749958038 0.010152767412364483 -0.9961069226264954
1681767066.4692233 27.145484924316406 0.012280422262847424 0.012194899842143059 -0.9964457750320435
1681767066.4984038 27.161415100097656 0.006103423424065113 0.014662924222648144 -1.0002391338348389
1681767066.510178 27.206018447875977 0.010360216721892357 0.011183970607817173 -1.0066205263137817
1681767066.5242462 27.218852996826172 0.019048089161515236 0.009067809209227562 -1.0133370161056519
1681767066.5382764 27.228775024414062 0.019007539376616478 0.009935380890965462 -1.0159692764282227
1681767066.538298 27.234783172607422 0.012374510057270527 0.0035293265245854855 -1.0107630491256714
1681767066.5501816 27.244613647460938 0.00717634754255414 -0.004476196598261595 -1.0036665201187134
1681767066.5652313 27.24962043762207 0.0059295096434652805 -0.007438727654516697 -1.0015467405319214
1681767066.5792685 27.253625869750977 0.006470069754868746 -0.007320676930248737 -0.9990349411964417
1681767066.5792904 27.25954246520996 0.00794148724526167 -0.006194294895976782 -0.9971092343330383
1681767066.5912225 27.26946449279785 0.006361695937812328 -0.0059421975165605545 -1.0058443546295166
1681767066.604205 27.277475357055664 0.002904011867940426 -0.0032429646234959364 -1.009975552558899
1681767066.6182096 27.287397384643555 -0.002103811129927635 -0.00025911477860063314 -1.0130040645599365
1681767066.6313157 27.300323486328125 -2.954259980469942e-05 -0.0037580018397420645 -1.0203030109405518
1681767066.6452646 27.30432891845703 0.001839950680732727 -0.006369002163410187 -1.0227060317993164
1681767066.659235 27.354848861694336 -0.004229086451232433 -0.018978575244545937 -1.0230705738067627
1681767066.6712592 27.366682052612305 -0.009975465014576912 -0.022806944325566292 -1.0194042921066284
1681767066.6852543 27.377424240112305 -0.006170973181724548 -0.021573491394519806 -1.0246729850769043
1681767066.6852999 27.38334083557129 -0.0031270929612219334 -0.019935812801122665 -1.023665189743042
1681767066.6983366 27.395174026489258 -0.0016353740356862545 -0.02394350990653038 -1.0189241170883179
1681767066.7132008 27.401090621948242 -0.001327344449236989 -0.02874510921537876 -1.020296573638916
1681767066.7262273 27.40900993347168 0.0034224088303744793 -0.028012104332447052 -1.0263793468475342
1681767066.7392387 27.419843673706055 0.003397602355107665 -0.021321380510926247 -1.0195261240005493
1681767066.7511916 27.42967414855957 0.0003519053861964494 -0.02218148112297058 -1.0135077238082886
1681767066.7652347 27.441598892211914 -0.0024012725334614515 -0.030644722282886505 -1.006378412246704
1681767066.7652605 27.4475154876709 -0.0016133782919496298 -0.02863548882305622 -1.003301978111267
1681767066.7802587 27.452430725097656 -0.0009132213890552521 -0.024902580305933952 -0.9978960156440735
1681767066.7911675 27.45834732055664 -0.0030872239731252193 -0.02179679274559021 -0.9955474138259888
1681767066.8042367 27.470090866088867 -0.00459012296050787 -0.023891158401966095 -0.9940991997718811
1681767066.823249 27.479921340942383 3.571703564375639e-05 -0.027010830119252205 -0.9984917640686035
1681767066.8232784 27.520702362060547 0.013062519952654839 -0.030419234186410904 -1.015070915222168
1681767066.8351893 27.53071403503418 0.00601058779284358 -0.03079771250486374 -1.0197383165359497
1681767066.848286 27.541547775268555 -0.0008595002582296729 -0.02716919220983982 -1.0093755722045898
1681767066.8632202 27.551469802856445 0.001650831662118435 -0.026445409283041954 -1.0126217603683472
1681767066.87625 27.55547332763672 -0.0013523816596716642 -0.025829700753092766 -1.0097801685333252
1681767066.8892417 27.565486907958984 -0.003528512315824628 -0.020851917564868927 -1.016656756401062
1681767066.903232 27.57440757751465 -0.007688675541430712 -0.019637905061244965 -1.0205693244934082
1681767066.9032578 27.57832145690918 -0.009086196310818195 -0.018430648371577263 -1.0181865692138672
1681767066.9162679 27.59015655517578 -0.007106604985892773 -0.011608927510678768 -1.0135716199874878
1681767066.9292486 27.600078582763672 -0.0012308380100876093 -0.014132346026599407 -1.0264002084732056
1681767066.944224 27.603992462158203 -0.0020699980668723583 -0.014668984338641167 -1.0284453630447388
1681767066.9572437 27.612003326416016 -0.0050199516117572784 -0.013547271490097046 -1.0239273309707642
1681767066.9702423 27.665252685546875 -0.02827577292919159 -0.030058911070227623 -1.0043919086456299
1681767066.9832726 27.675085067749023 -0.03987906500697136 -0.03386197239160538 -1.000418782234192
1681767066.9952211 27.686918258666992 -0.04703754186630249 -0.03498110920190811 -1.0000066757202148
1681767067.0101905 27.69593048095703 -0.04788217321038246 -0.034827664494514465 -1.0102522373199463
1681767067.010212 27.701847076416016 -0.05011454224586487 -0.03348841518163681 -1.0184084177017212
1681767067.036253 27.71167755126953 -0.07376265525817871 -0.032673873007297516 -1.007417917251587
1681767067.0502927 27.721691131591797 -0.06960329413414001 -0.0362338088452816 -0.9874403476715088
1681767067.0503178 27.727516174316406 -0.06783769279718399 -0.0302268136292696 -1.0117905139923096
1681767067.063245 27.736528396606445 -0.05973464250564575 -0.03389878198504448 -1.0241726636886597
1681767067.0762315 27.748271942138672 -0.07868429273366928 -0.0313916876912117 -1.0092865228652954
1681767067.1042745 27.766021728515625 -0.057856909930706024 -0.021456506103277206 -1.0197685956954956
1681767067.1172938 27.810806274414062 -0.04940422996878624 -0.01623597741127014 -1.0122449398040771
1681767067.131395 27.81972885131836 -0.04965558648109436 -0.020142465829849243 -1.015511393547058
1681767067.1315122 27.82364273071289 -0.05323462188243866 -0.022759774699807167 -1.018698811531067
1681767067.1442602 27.83356475830078 -0.0560607947409153 -0.02016526646912098 -1.0229517221450806
1681767067.1572514 27.84157371520996 -0.06185797601938248 -0.024292904883623123 -1.015809178352356
1681767067.1702716 27.85149574279785 -0.06403937190771103 -0.027622083202004433 -1.0095726251602173
1681767067.1983383 27.8663330078125 -0.06390418112277985 -0.026138052344322205 -1.0060033798217773
1681767067.2112274 27.87625503540039 -0.06924469769001007 -0.025154119357466698 -0.9921820759773254
1681767067.2263765 27.888090133666992 -0.05700535327196121 -0.025029879063367844 -1.0111764669418335
1681767067.2264328 27.89409637451172 -0.05845680460333824 -0.030345844104886055 -1.0112018585205078
1681767067.2372541 27.90502166748047 -0.06796348094940186 -0.030591648072004318 -0.9996498823165894
1681767067.2562551 27.94971466064453 -0.05979914218187332 -0.03185374289751053 -1.0083601474761963
1681767067.2712967 27.95763397216797 -0.05802406743168831 -0.027765318751335144 -1.0075552463531494
1681767067.283235 27.963642120361328 -0.05434867739677429 -0.025288831442594528 -1.0121811628341675
1681767067.2971745 27.975475311279297 -0.06505726277828217 -0.030249496921896935 -0.9980421662330627
1681767067.3112595 27.986217498779297 -0.06443047523498535 -0.02549460530281067 -1.003122091293335
1681767067.3232121 28.004058837890625 -0.06306905299425125 -0.02621837519109249 -1.0057485103607178
1681767067.3521695 28.011978149414062 -0.06290411949157715 -0.029778005555272102 -1.0092962980270386
1681767067.352195 28.01598358154297 -0.0626862496137619 -0.030355429276823997 -1.0128685235977173
1681767067.3643155 28.024904251098633 -0.06297901272773743 -0.03125340864062309 -1.0134683847427368
1681767067.3782117 28.067779541015625 -0.058932989835739136 -0.035398852080106735 -1.0292174816131592
1681767067.3782415 28.071693420410156 -0.06190157309174538 -0.03570212051272392 -1.0227681398391724
1681767067.391225 28.07970428466797 -0.06605437397956848 -0.03811657801270485 -1.0168668031692505
1681767067.4052706 28.08771324157715 -0.06581713259220123 -0.03761013597249985 -1.0120470523834229
1681767067.4202197 28.09763526916504 -0.06499802321195602 -0.03433268517255783 -1.0047099590301514
1681767067.4202456 28.102642059326172 -0.06706728786230087 -0.035065267235040665 -0.9992555379867554
1681767067.4591784 28.1204833984375 -0.06508978456258774 -0.03728137165307999 -1.003017783164978
1681767067.4592083 28.12458038330078 -0.06437996029853821 -0.03664502501487732 -1.001151204109192
1681767067.4732037 28.167726516723633 -0.058181773871183395 -0.02728533186018467 -0.9939646124839783
1681767067.4852653 28.17582893371582 -0.056269872933626175 -0.025353575125336647 -0.9918643832206726
1681767067.4992313 28.18484115600586 -0.05453953519463539 -0.024411257356405258 -0.998001754283905
1681767067.5121965 28.194671630859375 -0.056179214268922806 -0.02543984353542328 -0.9994069337844849
1681767067.5251732 28.20659637451172 -0.05423135682940483 -0.0254037007689476 -1.01153564453125
1681767067.5251987 28.212512969970703 -0.05388656258583069 -0.025329377502202988 -1.0177490711212158
1681767067.5531886 28.220523834228516 -0.05614859610795975 -0.02477007545530796 -1.0217626094818115
1681767067.566204 28.231355667114258 -0.06163903325796127 -0.02519732341170311 -1.0233323574066162
1681767067.5662355 28.237272262573242 -0.0635044202208519 -0.025836816057562828 -1.0251623392105103
1681767067.5792966 28.245283126831055 -0.06771931797266006 -0.02424648031592369 -1.0182641744613647
1681767067.592206 28.2572078704834 -0.07227946817874908 -0.023798536509275436 -1.0122735500335693
1681767067.6102324 28.30162811279297 -0.06905253231525421 -0.017912091687321663 -1.0022417306900024
1681767067.637244 28.318286895751953 -0.06571365147829056 -0.01881508156657219 -1.0067118406295776
1681767067.6512313 28.326297760009766 -0.06415759027004242 -0.020284703001379967 -1.0092836618423462
1681767067.6512635 28.33221435546875 -0.06346099823713303 -0.019820021465420723 -1.0103073120117188
1681767067.6642811 28.342227935791016 -0.0647047683596611 -0.020170923322439194 -1.0118279457092285
1681767067.6772373 28.35506248474121 -0.06692195683717728 -0.022186394780874252 -1.0111994743347168
1681767067.6892133 28.36298179626465 -0.0691438540816307 -0.023239703848958015 -1.008094310760498
1681767067.7052374 28.366987228393555 -0.06969942152500153 -0.023624183610081673 -1.008151650428772
1681767067.7202265 28.3789119720459 -0.06996472179889679 -0.023525135591626167 -1.0088474750518799
1681767067.7322123 28.426427841186523 -0.06994011253118515 -0.022791165858507156 -1.0103460550308228
1681767067.7462509 28.436349868774414 -0.06876285374164581 -0.023769579827785492 -1.013548493385315
1681767067.746284 28.4422664642334 -0.06811770051717758 -0.023708883672952652 -1.0152344703674316
1681767067.7622168 28.450185775756836 -0.06646990031003952 -0.023722901940345764 -1.0156317949295044
1681767067.7752552 28.462020874023438 -0.06474931538105011 -0.0236270222812891 -1.0153368711471558
1681767067.8022633 28.476856231689453 -0.0651487186551094 -0.024515165016055107 -1.0076764822006226
1681767067.8162181 28.4866886138916 -0.06412483006715775 -0.024971606209874153 -1.0041640996932983
1681767067.8292859 28.498613357543945 -0.06131488457322121 -0.024023495614528656 -1.0028910636901855
1681767067.8422406 28.507442474365234 -0.05891389399766922 -0.02308073453605175 -1.0020164251327515
1681767067.8422656 28.511356353759766 -0.058525871485471725 -0.023193424567580223 -1.0021247863769531
1681767067.8592381 28.555959701538086 -0.0587632916867733 -0.018098490312695503 -1.0045090913772583
1681767067.8732367 28.563880920410156 -0.059352125972509384 -0.01733149215579033 -1.0066496133804321
1681767067.902184 28.577898025512695 -0.05949629098176956 -0.01902080327272415 -1.009269118309021
1681767067.9152527 28.588729858398438 -0.058320313692092896 -0.01981133222579956 -1.0117132663726807
1681767067.9292731 28.598560333251953 -0.05659740790724754 -0.02100391313433647 -1.0132468938827515
1681767067.9292994 28.60447883605957 -0.05543006584048271 -0.021333079785108566 -1.0137343406677246
1681767067.942197 28.61440086364746 -0.05405345931649208 -0.021440420299768448 -1.0138815641403198
1681767067.9571998 28.62022590637207 -0.05377548187971115 -0.022697903215885162 -1.0131688117980957
1681767067.9692166 28.624231338500977 -0.05313374102115631 -0.023462088778614998 -1.0125329494476318
1681767067.9692433 28.629146575927734 -0.05245407670736313 -0.023319555446505547 -1.011965274810791
1681767067.9831991 28.673749923706055 -0.05228085815906525 -0.021750235930085182 -1.0028201341629028
1681767067.9962597 28.68758773803711 -0.05386776104569435 -0.021932147443294525 -1.0049433708190918
1681767068.009306 28.69951057434082 -0.054772332310676575 -0.021397903561592102 -1.00443434715271
1681767068.0223715 28.710433959960938 -0.056696776300668716 -0.02151714451611042 -1.0059247016906738
1681767068.0362775 28.720264434814453 -0.05745980888605118 -0.021803881973028183 -1.007053017616272
1681767068.0493228 28.724180221557617 -0.058178216218948364 -0.022130515426397324 -1.0073301792144775
1681767068.0622597 28.734102249145508 -0.05689249560236931 -0.022054344415664673 -1.0084357261657715
1681767068.0772667 28.743932723999023 -0.05672245845198631 -0.022380169481039047 -1.0099849700927734
1681767068.077309 28.74793815612793 -0.05660179257392883 -0.02280416153371334 -1.0090442895889282
1681767068.0892477 28.758769989013672 -0.05709915980696678 -0.023125624284148216 -1.0098601579666138
1681767068.1022692 28.768600463867188 -0.05722350999712944 -0.023764004930853844 -1.0086864233016968
1681767068.118269 28.774608612060547 -0.05679541826248169 -0.02368801459670067 -1.0098239183425903
1681767068.132295 28.825220108032227 -0.05501576513051987 -0.02267291583120823 -1.009742259979248
1681767068.1452653 28.83605194091797 -0.05521946772933006 -0.022563979029655457 -1.0089390277862549
1681767068.159248 28.847976684570312 -0.05547326058149338 -0.023169316351413727 -1.0070042610168457
1681767068.1712673 28.85780906677246 -0.05414704978466034 -0.022814273834228516 -1.007859706878662
1681767068.1852922 28.86773109436035 -0.05490697920322418 -0.022342918440699577 -1.0060614347457886
1681767068.1853302 28.87264633178711 -0.05282675102353096 -0.021930929273366928 -1.0075048208236694
1681767068.2132814 28.880657196044922 -0.05358444154262543 -0.022992054000496864 -1.0072436332702637
1681767068.2262454 28.896495819091797 -0.05130418762564659 -0.022746600210666656 -1.0098987817764282
1681767068.2392378 28.906326293945312 -0.051987431943416595 -0.02231728471815586 -1.008951187133789
1681767068.2512543 28.917158126831055 -0.05050725117325783 -0.020464029163122177 -1.0087579488754272
1681767068.2662263 28.95775604248047 -0.04673129692673683 -0.018805548548698425 -1.008180856704712
1681767068.266257 28.963672637939453 -0.04517870768904686 -0.018024422228336334 -1.00991952419281
1681767068.2792387 28.973594665527344 -0.04289592429995537 -0.018197283148765564 -1.0092697143554688
1681767068.3062468 28.981605529785156 -0.042324475944042206 -0.01846187934279442 -1.007889747619629
1681767068.3062737 28.98752212524414 -0.04108550399541855 -0.01849772222340107 -1.0091222524642944
1681767068.3201742 28.99844741821289 -0.03948233649134636 -0.0189809687435627 -1.0086913108825684
1681767068.3322465 29.01028060913086 -0.03598405420780182 -0.019550567492842674 -1.0096004009246826
1681767068.3451984 29.018199920654297 -0.034384649246931076 -0.019922977313399315 -1.0093553066253662
1681767068.3732708 29.032127380371094 -0.03175986930727959 -0.021609092131257057 -1.0086077451705933
1681767068.389277 29.081554412841797 -0.019681259989738464 -0.021793974563479424 -1.0093052387237549
1681767068.3893056 29.085468292236328 -0.01847108267247677 -0.02149028144776821 -1.00929594039917
1681767068.402251 29.09539031982422 -0.016371184960007668 -0.0221587922424078 -1.0091925859451294
1681767068.4143598 29.107223510742188 -0.014293091371655464 -0.020650941878557205 -1.0095933675765991
1681767068.4282453 29.11605453491211 -0.012360518798232079 -0.020648842677474022 -1.0093601942062378
1681767068.4422586 29.127887725830078 -0.009248854592442513 -0.02005922794342041 -1.0100221633911133
1681767068.4552293 29.133895874023438 -0.007740085478872061 -0.019035061821341515 -1.0087602138519287
1681767068.4682312 29.145729064941406 -0.006017905659973621 -0.019080188125371933 -1.009702444076538
1681767068.4822822 29.15373992919922 -0.005287657026201487 -0.01813410222530365 -1.0087568759918213
1681767068.4823186 29.160566329956055 -0.004111671354621649 -0.017605803906917572 -1.0083186626434326
1681767068.495261 29.172401428222656 -0.0011336043244227767 -0.016218192875385284 -1.0087313652038574
1681767068.5243661 29.182231903076172 9.364885045215487e-05 -0.016807708889245987 -1.008859395980835
1681767068.5244195 29.188148498535156 0.0015679330099374056 -0.01686815358698368 -1.0084660053253174
1681767068.5362277 29.197250366210938 0.003230529371649027 -0.017063189297914505 -1.0093069076538086
1681767068.5492654 29.209083557128906 0.004938085097819567 -0.01631866581737995 -1.0099066495895386
1681767068.5632498 29.220918655395508 0.005892105400562286 -0.016994288191199303 -1.008833646774292
1681767068.563284 29.226835250854492 0.006880016531795263 -0.016972152516245842 -1.009215235710144
1681767068.5803862 29.27544403076172 0.012670017778873444 -0.0167609341442585 -1.009408712387085
1681767068.6082058 29.288278579711914 0.012901552952826023 -0.017374468967318535 -1.0094718933105469
1681767068.6082242 29.294105529785156 0.013026251457631588 -0.016864432021975517 -1.0096898078918457
1681767068.6212687 29.30411720275879 0.014744405634701252 -0.016979360952973366 -1.0093474388122559
1681767068.634253 29.313949584960938 0.015184717252850533 -0.01663092151284218 -1.0097404718399048
1681767068.649256 29.324871063232422 0.015613706782460213 -0.016644757241010666 -1.010867714881897
1681767068.6752353 29.33879852294922 0.015895675867795944 -0.01589272916316986 -1.0094106197357178
1681767068.6892939 29.34872055053711 0.016645018011331558 -0.015655092895030975 -1.008956789970398
1681767068.689338 29.387409210205078 0.01824168674647808 -0.015981700271368027 -1.008732795715332
1681767068.7012231 29.397239685058594 0.01846066489815712 -0.016145365312695503 -1.0099048614501953
1681767068.7152274 29.40816307067871 0.0181192047894001 -0.017443960532546043 -1.0103318691253662
1681767068.7282445 29.417993545532227 0.01864868775010109 -0.0173336174339056 -1.0104080438613892
1681767068.7412465 29.428007125854492 0.018200702965259552 -0.017638253048062325 -1.0102111101150513
1681767068.7552636 29.433923721313477 0.01804579794406891 -0.01728689856827259 -1.0102547407150269
1681767068.7692482 29.44475555419922 0.018110986799001694 -0.017298249527812004 -1.0112111568450928
1681767068.783233 29.456680297851562 0.017945148050785065 -0.01714581623673439 -1.0100723505020142
1681767068.7962818 29.470516204833984 0.017466524615883827 -0.01686016283929348 -1.0096672773361206
1681767068.8092444 29.4814395904541 0.01740235649049282 -0.016690446063876152 -1.00957190990448
1681767068.8242297 29.485353469848633 0.017443552613258362 -0.016592180356383324 -1.0101609230041504
1681767068.837281 29.495275497436523 0.01732831448316574 -0.016720913350582123 -1.0099880695343018
1681767068.850222 29.539878845214844 0.013678483664989471 -0.016155963763594627 -1.0089209079742432
1681767068.8633368 29.549800872802734 0.012904759496450424 -0.016609296202659607 -1.0089643001556396
1681767068.877281 29.559722900390625 0.01245210226625204 -0.01635528728365898 -1.00960373878479
1681767068.8773043 29.564640045166016 0.011726953089237213 -0.016701163724064827 -1.0095255374908447
1681767068.8902652 29.576473236083984 0.011020438745617867 -0.016929032281041145 -1.0093011856079102
1681767068.9184246 29.58648681640625 0.010168727487325668 -0.01729980669915676 -1.0088566541671753
1681767068.918491 29.590490341186523 0.009775337763130665 -0.017031511291861534 -1.009089708328247
1681767068.9314954 29.600322723388672 0.009006993845105171 -0.01738039031624794 -1.0095561742782593
1681767068.943354 29.611154556274414 0.008356379345059395 -0.01720801368355751 -1.00919508934021
1681767068.9582574 29.621076583862305 0.0072795613668859005 -0.01715746894478798 -1.0090506076812744
1681767068.9872768 29.6815185546875 0.0024209856055676937 -0.017417849972844124 -1.009269118309021
1681767069.003311 29.68843650817871 0.002101568505167961 -0.017387686297297478 -1.0089590549468994
1681767069.0162067 29.69826889038086 0.0013941667275503278 -0.017440173774957657 -1.0086581707000732
1681767069.0282378 29.70627784729004 0.000788018514867872 -0.01742752268910408 -1.008225440979004
1681767069.0412133 29.71811294555664 0.00042999081779271364 -0.01699027046561241 -1.0080324411392212
1681767069.0562615 29.729034423828125 0.00011810225259978324 -0.017014147713780403 -1.0080910921096802
1681767069.056284 29.73495101928711 -5.123875962453894e-05 -0.016734009608626366 -1.0080904960632324
1681767069.0832143 29.742870330810547 -0.000194999243831262 -0.016703428700566292 -1.0083794593811035
1681767069.0992777 29.795303344726562 -0.0005893005291000009 -0.01739816926419735 -1.0084456205368042
1681767069.1114 29.80322265625 -0.0003059346927329898 -0.017401928082108498 -1.0086894035339355
1681767069.1242938 29.814054489135742 -6.289780139923096e-05 -0.017146751284599304 -1.0087218284606934
1681767069.1382554 29.823976516723633 0.0002851463796105236 -0.016759740188717842 -1.0088871717453003
1681767069.1382945 29.829986572265625 0.0002076570235658437 -0.016758745536208153 -1.008794903755188
1681767069.1652155 29.83981704711914 0.0008086870075203478 -0.016428858041763306 -1.0088095664978027
1681767069.1792507 29.848737716674805 0.001517978380434215 -0.016216201707720757 -1.0092620849609375
1681767069.1792774 29.85465431213379 0.0017191115766763687 -0.016165800392627716 -1.0093070268630981
1681767069.1912324 29.86457633972168 0.00197985558770597 -0.016302110627293587 -1.0096542835235596
1681767069.2042618 29.876501083374023 0.0023693889379501343 -0.015663985162973404 -1.0101943016052246
1681767069.2192826 29.8873348236084 0.002659405115991831 -0.01594618335366249 -1.0107656717300415
1681767069.2322912 29.893251419067383 0.00266911368817091 -0.016208339482545853 -1.0107295513153076
