1681767893.9449997 6.702284336090088 0.016518210992217064 0.0019289138726890087 -1.0099552869796753
1681767893.96005 6.7122063636779785 0.014045484364032745 0.0021696356125175953 -1.0075676441192627
1681767893.9729185 6.721218109130859 0.022462932392954826 0.0033903303556144238 -1.0055365562438965
1681767893.9849665 6.733051776885986 0.06608442217111588 0.009574918076395988 -1.0176156759262085
1681767893.9978745 6.740971088409424 0.10000613331794739 0.010146156884729862 -1.0253828763961792
1681767894.0129313 6.750802040100098 0.16471275687217712 0.026505736634135246 -1.070074439048767
1681767894.0389628 6.811972618103027 0.3062448799610138 0.044704776257276535 -1.0848366022109985
1681767894.0519621 6.823897361755371 0.30091509222984314 0.04527628421783447 -1.0741430521011353
1681767894.067933 6.835639953613281 0.2876693904399872 0.04073883220553398 -1.0684200525283813
1681767894.0680158 6.840555667877197 0.284672349691391 0.04326512664556503 -1.0670756101608276
1681767894.0809724 6.850386619567871 0.2705448269844055 0.04572904482483864 -1.0657017230987549
1681767894.094065 6.8563032150268555 0.26737335324287415 0.04524875059723854 -1.0609840154647827
1681767894.1079566 6.860217571258545 0.2704334855079651 0.045538920909166336 -1.0575872659683228
1681767894.1080222 6.866225242614746 0.2775566577911377 0.03820466250181198 -1.0620640516281128
1681767894.120932 6.875965118408203 0.2708755135536194 0.030100593343377113 -1.0505398511886597
1681767894.1339898 6.884795188903809 0.2714763879776001 0.033422429114580154 -1.0419539213180542
1681767894.147962 6.8966288566589355 0.2635473608970642 0.022403337061405182 -1.0065672397613525
1681767894.1480613 6.900542736053467 0.2640994191169739 0.02064472623169422 -0.9989036321640015
1681767894.161072 6.906459808349609 0.26645615696907043 0.011227465234696865 -0.9904157519340515
1681767894.1749554 6.910373687744141 0.2698207199573517 0.010091672651469707 -0.9844744801521301
1681767894.188893 6.958800792694092 0.3023487329483032 -0.026926245540380478 -0.8961390852928162
1681767894.188953 6.963807106018066 0.3077143430709839 -0.026880891993641853 -0.8917504549026489
1681767894.2019026 6.975640773773193 0.3085336983203888 -0.017465053126215935 -0.8897563815116882
1681767894.2149856 6.983560085296631 0.29529911279678345 -0.02366085909307003 -0.8835468888282776
1681767894.2271028 6.995393753051758 0.3176082968711853 -0.00990420114248991 -0.8876305222511292
1681767894.241909 7.006317138671875 0.30423712730407715 -0.0018619352485984564 -0.9068667888641357
1681767894.2559211 7.0102314949035645 0.30556145310401917 0.0027695256285369396 -0.9137683510780334
1681767894.267992 7.020153522491455 0.3041909337043762 0.009157280437648296 -0.9496291875839233
1681767894.2819917 7.030075550079346 0.27653011679649353 0.00454340036958456 -0.9404574632644653
1681767894.2820733 7.03599214553833 0.2693449854850769 0.004757816903293133 -0.9344013333320618
1681767894.2959363 7.045003890991211 0.25805339217185974 0.004583644215017557 -0.9399445652961731
1681767894.3229818 7.060751914978027 0.2415969967842102 0.004984044469892979 -0.9445559978485107
1681767894.3368793 7.113274574279785 0.17969582974910736 0.03152728080749512 -0.9804139137268066
1681767894.3490036 7.124197959899902 0.20422959327697754 0.011811777949333191 -1.0273077487945557
1681767894.361971 7.136031627655029 0.204511821269989 0.005123319569975138 -1.0256227254867554
1681767894.3769555 7.147956371307373 0.2001843899488449 0.010167162865400314 -1.0075048208236694
1681767894.3770444 7.151961326599121 0.19079269468784332 0.0025588597636669874 -1.0024752616882324
1681767894.417802 7.170804023742676 0.1964140087366104 -0.0029377853497862816 -1.0161199569702148
1681767894.4178452 7.174718379974365 0.2000986486673355 0.002835639985278249 -1.0235339403152466
1681767894.4298625 7.184640407562256 0.20412589609622955 -0.0011131478240713477 -1.032511830329895
1681767894.4428957 7.194653511047363 0.19910861551761627 -0.003360985079780221 -1.0418859720230103
1681767894.4600012 7.2055768966674805 0.1730375736951828 -0.00549285626038909 -1.0352874994277954
1681767894.4739034 7.243353366851807 0.12551718950271606 0.002714589238166809 -1.037300705909729
1681767894.4739745 7.248359680175781 0.12149463593959808 0.008677227422595024 -1.0427663326263428
1681767894.4868853 7.256279468536377 0.11985480040311813 0.017393607646226883 -1.058393120765686
1681767894.5009134 7.262196063995361 0.11496023088693619 0.019424578174948692 -1.056267261505127
1681767894.5148597 7.266201496124268 0.11090899258852005 0.019743068143725395 -1.0525504350662231
1681767894.5149102 7.270297527313232 0.10678184777498245 0.023967988789081573 -1.0470783710479736
1681767894.5278547 7.280219554901123 0.09057792276144028 0.030005676671862602 -1.0433979034423828
1681767894.540901 7.29114294052124 0.07676554471254349 0.035901814699172974 -1.0445600748062134
1681767894.5549023 7.301064968109131 0.07456661015748978 0.03603009879589081 -1.0494338274002075
1681767894.554963 7.30497932434082 0.07368320971727371 0.04164968803524971 -1.048715591430664
1681767894.567858 7.3109869956970215 0.07060602307319641 0.041927505284547806 -1.0566984415054321
1681767894.5819116 7.314992427825928 0.07182660698890686 0.047823622822761536 -1.0647861957550049
1681767894.5959034 7.368698596954346 0.05521959438920021 0.043455202132463455 -1.026895523071289
1681767894.607924 7.376708984375 0.05215933173894882 0.04062049463391304 -1.0137380361557007
1681767894.6209903 7.384810447692871 0.05317700281739235 0.03829098120331764 -1.014910340309143
1681767894.6348956 7.392911911010742 0.05065442994236946 0.03201117366552353 -1.0083353519439697
1681767894.634968 7.396917343139648 0.051846254616975784 0.033648982644081116 -1.0045034885406494
1681767894.6478806 7.4050188064575195 0.05346863344311714 0.03641238436102867 -1.001565933227539
1681767894.66192 7.412027835845947 0.053285375237464905 0.03666556999087334 -0.9854643940925598
1681767894.6762376 7.415942192077637 0.05395929142832756 0.03058721125125885 -0.9854745268821716
1681767894.6763396 7.421949863433838 0.05344777554273605 0.028173435479402542 -0.9867587089538574
1681767894.6889877 7.429960250854492 0.04511808976531029 0.022161994129419327 -0.9774050712585449
1681767894.7019122 7.472561359405518 0.04549006000161171 0.029889026656746864 -0.9619861245155334
1681767894.7149334 7.4843950271606445 0.035999931395053864 0.02579416148364544 -0.9668493270874023
1681767894.7288048 7.493224620819092 0.03635025769472122 0.023309404030442238 -0.9559635519981384
1681767894.7288404 7.499141693115234 0.04235491529107094 0.027001673355698586 -0.9529002904891968
1681767894.741802 7.509063720703125 0.04031917825341225 0.03729702904820442 -0.9460553526878357
1681767894.7557712 7.515071392059326 0.040440633893013 0.03528144583106041 -0.951883852481842
1681767894.76986 7.52490234375 0.03601028025150299 0.03595671057701111 -0.9619079232215881
1681767894.78306 7.535825729370117 0.03706958517432213 0.03972378745675087 -0.9609060287475586
1681767894.794798 7.545656681060791 0.03916534036397934 0.04135841131210327 -0.9714551568031311
1681767894.8087687 7.555578708648682 0.034000128507614136 0.03534017875790596 -0.9839640855789185
1681767894.8088002 7.561495304107666 0.03252670168876648 0.0316944420337677 -0.988046407699585
1681767894.8228655 7.565500736236572 0.03347969800233841 0.03131380304694176 -0.9895405769348145
1681767894.8358564 7.570416450500488 0.032369982451200485 0.033533524721860886 -0.9864405989646912
1681767894.849782 7.620936393737793 0.03995781019330025 -0.02579854056239128 -1.0525357723236084
1681767894.849808 7.626944541931152 0.03962913155555725 -0.03311971202492714 -1.0528843402862549
1681767894.8638337 7.63695764541626 0.04016687721014023 -0.03347688540816307 -1.0578430891036987
1681767894.8758461 7.646788597106934 0.040332552045583725 -0.044919464737176895 -1.0632389783859253
1681767894.8888583 7.655709266662598 0.046796880662441254 -0.058067187666893005 -1.0775814056396484
1681767894.903846 7.667634010314941 0.038010869175195694 -0.05569228529930115 -1.0736953020095825
1681767894.9167805 7.6716389656066895 0.035952165722846985 -0.05285019427537918 -1.0703610181808472
1681767894.9309797 7.683472633361816 0.028239961713552475 -0.07307016104459763 -1.0660368204116821
1681767894.9310918 7.687386989593506 0.026400448754429817 -0.07619529217481613 -1.0634762048721313
1681767894.9440985 7.69630765914917 0.026649052277207375 -0.07435575872659683 -1.053717017173767
1681767894.955952 7.708232402801514 0.03368641063570976 -0.06634940207004547 -1.049737811088562
1681767894.9860282 7.724071025848389 0.031128844246268272 -0.07946333289146423 -1.050750494003296
1681767894.9979339 7.773407936096191 0.0298639927059412 -0.06522782891988754 -1.0084702968597412
1681767895.0119953 7.785241603851318 0.030137643218040466 -0.0603182390332222 -1.0093580484390259
1681767895.0249963 7.793161392211914 0.02410637028515339 -0.05661361292004585 -0.9966763854026794
1681767895.0388992 7.8050856590271 0.02802213653922081 -0.048627451062202454 -0.992814838886261
1681767895.054 7.814006805419922 0.029325321316719055 -0.039904095232486725 -0.9898740649223328
1681767895.0799096 7.8279337882995605 0.024455707520246506 -0.02596520446240902 -0.9876920580863953
1681767895.0949802 7.835853099822998 0.0306163989007473 -0.024468906223773956 -0.9831472635269165
1681767895.0950642 7.841860771179199 0.033737845718860626 -0.018549062311649323 -0.9867650270462036
1681767895.1079655 7.851692199707031 0.025339845567941666 -0.006383806932717562 -0.9797634482383728
1681767895.1200078 7.864617824554443 0.020736437290906906 0.0001292733068112284 -0.9657222032546997
1681767895.13687 7.870534896850586 0.024746911600232124 0.0034153233282268047 -0.9658788442611694
1681767895.136938 7.91322660446167 0.020253323018550873 0.020156778395175934 -0.98847496509552
1681767895.1498919 7.919234752655029 0.015260831452906132 0.022231684997677803 -0.9926750659942627
1681767895.162973 7.9231486320495605 0.013217092491686344 0.026667790487408638 -0.9938719272613525
1681767895.1779034 7.931159019470215 0.013880045153200626 0.028299221768975258 -0.9974373579025269
1681767895.178006 7.936074733734131 0.016359545290470123 0.030505718663334846 -0.9992547631263733
1681767895.190961 7.947999477386475 0.009092695079743862 0.026450982317328453 -1.0140882730484009
1681767895.2030237 7.955918788909912 0.005472630728036165 0.028878193348646164 -1.0206923484802246
1681767895.2179816 7.9659318923950195 0.0020251767709851265 0.029015690088272095 -1.0302953720092773
1681767895.2440064 7.980860710144043 -0.010756634175777435 0.022861668840050697 -1.052985668182373
1681767895.2580614 8.02946949005127 -0.0015813224017620087 -0.002243243157863617 -1.046329379081726
1681767895.270978 8.041393280029297 -0.002108039567247033 0.0021918986458331347 -1.0249511003494263
1681767895.2860272 8.053227424621582 0.005228978581726551 -0.013149228878319263 -1.0090361833572388
1681767895.2860925 8.05814266204834 0.011540938168764114 -0.010550466366112232 -0.997719407081604
1681767895.2989066 8.06988525390625 0.022270571440458298 -0.008232380263507366 -0.9969519376754761
1681767895.314016 8.075711250305176 0.027724774554371834 -0.018582917749881744 -0.9979529976844788
1681767895.3269947 8.085633277893066 0.035643622279167175 -0.022772740572690964 -0.9905025959014893
1681767895.3399065 8.095464706420898 0.0322185754776001 -0.026550790295004845 -0.9789646863937378
1681767895.3529627 8.108299255371094 0.02445382997393608 -0.03771961107850075 -0.9690797924995422
1681767895.3669615 8.120132446289062 0.015026967972517014 -0.04034598916769028 -0.9525321125984192
1681767895.380939 8.126049995422363 0.017868436872959137 -0.036825992166996 -0.9679450988769531
1681767895.3940468 8.135880470275879 0.020851055160164833 -0.042535413056612015 -0.9887385368347168
1681767895.411082 8.146803855895996 0.019000343978405 -0.05238568037748337 -1.0126912593841553
1681767895.4111967 8.152629852294922 0.016509249806404114 -0.051699452102184296 -1.0219974517822266
1681767895.42392 8.197324752807617 -0.00364674162119627 -0.02871379256248474 -1.0552681684494019
1681767895.439003 8.207337379455566 -0.0009049264481291175 -0.02582065388560295 -1.0633407831192017
1681767895.4529576 8.215256690979004 -0.006747094914317131 -0.013861900195479393 -1.0594909191131592
1681767895.4679363 8.226089477539062 -0.010534139350056648 -0.015167749486863613 -1.0509098768234253
1681767895.4809783 8.230185508728027 -0.008588521741330624 -0.014840558171272278 -1.0475578308105469
1681767895.4940248 8.24001693725586 -0.006570290308445692 -0.0008397549390792847 -1.023384928703308
1681767895.5120246 8.24993896484375 0.00043217570055276155 0.006390483118593693 -1.0425646305084229
1681767895.5121255 8.255946159362793 -0.0023429167922586203 0.0007026712410151958 -1.039516806602478
1681767895.523936 8.298638343811035 -0.003689591074362397 -0.0014631797093898058 -1.0026872158050537
1681767895.5379953 8.309471130371094 0.004748092032968998 0.004133021924644709 -1.0073705911636353
1681767895.551044 8.319393157958984 0.00810148473829031 -0.008477998897433281 -1.0083088874816895
1681767895.5649977 8.32740306854248 0.008921725675463676 -0.012006005272269249 -1.0078710317611694
1681767895.5789998 8.33341121673584 0.004562765825539827 -0.0053006792441010475 -1.0026556253433228
1681767895.5930827 8.342331886291504 -0.000273043115157634 -0.007238511461764574 -0.9981103539466858
1681767895.6049247 8.358170509338379 -0.0002536167739890516 -0.01685868762433529 -0.9966422319412231
1681767895.6179106 8.370004653930664 -0.00201113848015666 -0.0005654672277159989 -0.9929942488670349
1681767895.6340368 8.375921249389648 0.0005758274346590042 -0.0008649548981338739 -1.0003217458724976
1681767895.6460152 8.386844635009766 -0.0013385640922933817 -0.011787928640842438 -1.0036636590957642
1681767895.6629245 8.437182426452637 -0.0009104995988309383 -0.008024469017982483 -1.0034027099609375
1681767895.6759644 8.445101737976074 0.0038214395754039288 -0.019328074529767036 -1.0161606073379517
1681767895.6909852 8.457026481628418 0.012371975928544998 -0.017263999208807945 -1.0099055767059326
1681767895.6910853 8.460941314697266 0.01606011390686035 -0.012276903726160526 -1.0089057683944702
1681767895.7049475 8.473775863647461 0.017112838104367256 -0.021606232970952988 -0.9997285008430481
1681767895.7179725 8.479692459106445 0.018168022856116295 -0.01506457943469286 -1.0004699230194092
1681767895.731949 8.483697891235352 0.01575130969285965 -0.014794457703828812 -0.9956651329994202
1681767895.7320518 8.489614486694336 0.01646742969751358 -0.008248034864664078 -0.9920873641967773
1681767895.7460387 8.499536514282227 0.02870285138487816 -0.00336618535220623 -0.9910699725151062
1681767895.759053 8.510368347167969 0.033375129103660583 -0.006351388990879059 -1.0031745433807373
1681767895.7719064 8.52029037475586 0.020398207008838654 -0.003207628382369876 -1.0049797296524048
1681767895.7859645 8.528301239013672 0.017851021140813828 -0.005572413094341755 -0.9980013370513916
1681767895.799966 8.534309387207031 0.019336454570293427 -0.004579468164592981 -1.0010614395141602
1681767895.8119476 8.582826614379883 0.007241516839712858 -0.006946788169443607 -1.0238394737243652
1681767895.8242795 8.591930389404297 0.008183267898857594 -0.007595049683004618 -1.0192497968673706
1681767895.8359632 8.604036331176758 0.0038484393153339624 -0.0208724532276392 -1.0178142786026
1681767895.8489716 8.612229347229004 0.0049848477356135845 -0.011312218382954597 -1.0138801336288452
1681767895.8618896 8.620330810546875 0.004544905852526426 -0.011532978154718876 -1.0068186521530151
1681767895.877015 8.631162643432617 0.012048795819282532 -0.019707323983311653 -1.014522671699524
1681767895.8900168 8.635168075561523 0.011129998601973057 -0.019002282992005348 -1.0111314058303833
1681767895.902941 8.645090103149414 0.013762776739895344 -0.015540565364062786 -1.005146861076355
1681767895.9199789 8.689693450927734 0.023369017988443375 -0.016351481899619102 -0.9947041273117065
1681767895.9201164 8.695610046386719 0.02066381275653839 -0.01582144759595394 -1.0023694038391113
1681767895.931981 8.706533432006836 0.014868966303765774 -0.013527467846870422 -0.9990376830101013
1681767895.9460037 8.716455459594727 0.016184674575924873 -0.007857331074774265 -0.9959551692008972
1681767895.9590085 8.724374771118164 0.014264029450714588 -0.011266052722930908 -1.0075500011444092
1681767895.9889374 8.738302230834961 0.014443951658904552 -0.00560099259018898 -1.0183639526367188
1681767896.0020592 8.747222900390625 0.011743796057999134 -0.006177208852022886 -1.0142911672592163
1681767896.0190318 8.757144927978516 0.006286554969847202 -0.007091009058058262 -1.0226010084152222
1681767896.0191035 8.795831680297852 0.039314765483140945 0.013369515538215637 -1.047364592552185
1681767896.032945 8.805753707885742 0.045156389474868774 0.012940787710249424 -1.0432486534118652
1681767896.0470192 8.815767288208008 0.058004092425107956 0.013877795077860355 -1.035608172416687
1681767896.0600626 8.823686599731445 0.059365108609199524 0.019120637327432632 -1.0175068378448486
1681767896.0750494 8.83260726928711 0.06374417245388031 0.020213356241583824 -1.0064777135849
1681767896.0879698 8.83652114868164 0.06553281098604202 0.019289100542664528 -1.007567048072815
1681767896.1009767 8.846443176269531 0.06514523178339005 0.011043626815080643 -1.00021231174469
1681767896.1149545 8.858367919921875 0.0689350888133049 0.009758363477885723 -1.01028311252594
1681767896.115018 8.862281799316406 0.06766939908266068 0.006477114744484425 -1.01261305809021
1681767896.126969 8.87120246887207 0.0705140084028244 0.003096716944128275 -1.014291524887085
1681767896.1409028 8.881124496459961 0.05862901359796524 -0.006237178109586239 -1.0022069215774536
1681767896.1558833 8.887042045593262 0.05374772474169731 -0.007223344873636961 -0.9982858896255493
1681767896.1688874 8.937471389770508 0.061901334673166275 -0.03799087181687355 -0.984219491481781
1681767896.1689224 8.941385269165039 0.06035871058702469 -0.042938102036714554 -0.9778691530227661
1681767896.181894 8.950305938720703 0.05988297611474991 -0.04891182482242584 -0.9645434021949768
1681767896.1948524 8.961957931518555 0.06705180555582047 -0.03900548070669174 -0.9554482698440552
1681767896.2078283 8.973882675170898 0.07465794682502747 -0.037624191492795944 -0.9629056453704834
1681767896.2078702 8.979799270629883 0.07414918392896652 -0.03791234269738197 -0.965630292892456
1681767896.2219136 8.985715866088867 0.07734010368585587 -0.029929738491773605 -0.9690614342689514
1681767896.235904 8.99072265625 0.07583457976579666 -0.02446986362338066 -0.9739670753479004
1681767896.2489276 9.002647399902344 0.07027927786111832 -0.008072801865637302 -0.9883339405059814
1681767896.2489727 9.008563995361328 0.06550676375627518 -0.0058639743365347385 -0.9929822683334351
1681767896.2619655 9.018486022949219 0.0482860803604126 -0.008883603848516941 -1.001221776008606
1681767896.2760608 9.02840805053711 0.045314889401197433 0.003020685398951173 -1.0210975408554077
1681767896.303008 9.043336868286133 0.03076150454580784 0.009692453779280186 -1.0379103422164917
1681767896.3180199 9.091763496398926 0.02222169004380703 -0.0005378063069656491 -1.0522890090942383
1681767896.3319268 9.101685523986816 0.02544737607240677 4.3526291847229004e-05 -1.0515556335449219
1681767896.3469589 9.112608909606934 0.03128166124224663 0.006681015249341726 -1.043563961982727
1681767896.3470225 9.116522789001465 0.02961246483027935 0.006146833300590515 -1.0313258171081543
1681767896.360102 9.12835693359375 0.035600535571575165 -0.010429400950670242 -1.028684377670288
1681767896.387914 9.14228343963623 0.032525863498449326 -0.017593393102288246 -1.0181833505630493
1681767896.4008746 9.153206825256348 0.03248171508312225 -0.007933389395475388 -0.9971042275428772
1681767896.4129643 9.16303825378418 0.03275441750884056 -0.012245017103850842 -0.9979645013809204
1681767896.4268832 9.17296028137207 0.029886256903409958 -0.01598440855741501 -0.9924453496932983
1681767896.4269557 9.17896842956543 0.03041939064860344 -0.012214580550789833 -0.985405683517456
1681767896.4589334 9.22939682006836 0.03109484724700451 -0.017219791188836098 -0.9768542051315308
1681767896.473927 9.238226890563965 0.036838386207818985 -0.03701549768447876 -0.9961515665054321
1681767896.4879851 9.24414348602295 0.036651190370321274 -0.0501973032951355 -1.0096098184585571
1681767896.4999332 9.253974914550781 0.046931084245443344 -0.042069826275110245 -1.017552375793457
1681767896.5140111 9.26580810546875 0.03967617452144623 -0.037343718111515045 -1.009820580482483
1681767896.5141044 9.269721984863281 0.03712289035320282 -0.046847619116306305 -1.0126558542251587
1681767896.5270758 9.28055477142334 0.027351951226592064 -0.05497440695762634 -1.0181965827941895
1681767896.5550208 9.294391632080078 0.03354523330926895 -0.06319013983011246 -1.0335689783096313
1681767896.5689955 9.343000411987305 0.02567131072282791 -0.04644292965531349 -1.0419737100601196
1681767896.5810113 9.352922439575195 0.0286326352506876 -0.05146407335996628 -1.0452791452407837
1681767896.5940187 9.363754272460938 0.024294234812259674 -0.028668377548456192 -1.0165239572525024
1681767896.6069827 9.373676300048828 0.027192603796720505 -0.009988665580749512 -0.9911686182022095
1681767896.6210167 9.383598327636719 0.02405223436653614 -0.018277429044246674 -0.9937757253646851
1681767896.647881 9.398435592651367 0.0275711752474308 -0.01274573989212513 -0.9900543689727783
1681767896.660867 9.410269737243652 0.036195334047079086 -0.003641075687482953 -0.9915744662284851
1681767896.6609168 9.414274215698242 0.034825604408979416 -0.0028329994529485703 -0.9925335645675659
1681767896.6749487 9.424287796020508 0.030003538355231285 0.005873543210327625 -0.978139340877533
1681767896.6878402 9.434118270874023 0.023345887660980225 0.002452963963150978 -0.9926708936691284
1681767896.7009063 9.443038940429688 0.02014436200261116 0.0064212665893137455 -0.9891783595085144
1681767896.7168627 9.449047088623047 0.020712604746222496 0.0045283492654562 -0.9949051141738892
1681767896.729861 9.497655868530273 0.01056246180087328 0.001551841152831912 -1.0032775402069092
1681767896.7429814 9.507669448852539 0.022173266857862473 0.011350568383932114 -1.0091376304626465
1681767896.7431157 9.51158332824707 0.019544895738363266 0.002860697917640209 -1.0045558214187622
1681767896.7559152 9.520503997802734 0.021808572113513947 -0.0024487341288477182 -1.002591848373413
1681767896.7689588 9.530426025390625 0.01862006075680256 0.002958285389468074 -0.9920357465744019
1681767896.7829826 9.542350769042969 0.016436293721199036 0.0002628648653626442 -0.9964975118637085
1681767896.796872 9.546356201171875 0.015507018193602562 0.0032076770439743996 -0.9948514103889465
1681767896.809934 9.556278228759766 0.01798383519053459 0.00879989005625248 -0.9910135269165039
1681767896.823909 9.567201614379883 0.013315506279468536 0.0006125784711912274 -0.998789370059967
1681767896.8239522 9.571115493774414 0.013888264074921608 0.0036091168876737356 -1.0008196830749512
1681767896.8388956 9.583130836486816 0.011692600324749947 0.023361722007393837 -0.9982457756996155
1681767896.8518763 9.625640869140625 0.00026617920957505703 0.01511365082114935 -1.0497838258743286
1681767896.865901 9.635472297668457 -0.009883923456072807 0.012267599813640118 -1.0385304689407349
1681767896.880951 9.644302368164062 0.0015373846981674433 0.005694717168807983 -1.058351755142212
1681767896.8948393 9.650309562683105 0.00037251762114465237 -0.008758429437875748 -1.0593886375427246
1681767896.9069488 9.660140991210938 0.010346956551074982 -0.012543541379272938 -1.0437343120574951
1681767896.9209504 9.669971466064453 0.01869763620197773 -0.008813921362161636 -1.0273966789245605
1681767896.9209976 9.675888061523438 0.018840419128537178 -0.013230420649051666 -1.0163310766220093
1681767896.9338412 9.686720848083496 0.03183766454458237 -0.005959902890026569 -0.9870363473892212
1681767896.9619102 9.700556755065918 0.04619600996375084 0.007942840456962585 -0.9660678505897522
1681767896.9889956 9.75317096710205 0.02655693143606186 0.005125431809574366 -0.9529992341995239
1681767897.0029635 9.7680082321167 0.018994707614183426 0.002120016608387232 -1.0002621412277222
1681767897.0159276 9.77793025970459 0.012539025396108627 0.0026295650750398636 -1.0240532159805298
1681767897.027877 9.785941123962402 0.008061327040195465 0.003669477067887783 -1.0407193899154663
1681767897.0429745 9.795863151550293 -0.006600664928555489 0.004440887365490198 -1.0501326322555542
1681767897.0569649 9.7998685836792 -0.019175877794623375 6.360071711242199e-05 -1.0492823123931885
1681767897.068879 9.812703132629395 -0.023193007335066795 -0.006059110630303621 -1.0756317377090454
1681767897.0829198 9.822534561157227 -0.017089905217289925 -0.006729281973093748 -1.0813915729522705
1681767897.0830185 9.82854175567627 -0.008830615319311619 -0.005501609295606613 -1.0840076208114624
1681767897.095881 9.838373184204102 -0.0003216431359760463 0.001291693071834743 -1.084826946258545
1681767897.1239598 9.85503101348877 -0.003867208259180188 -0.018032899126410484 -1.0605709552764893
1681767897.1379523 9.903367042541504 0.022311482578516006 -0.0017351459246128798 -0.9815044403076172
1681767897.137996 9.909374237060547 0.024853337556123734 -0.006441357545554638 -0.979457676410675
1681767897.1498888 9.919205665588379 0.03252231702208519 -0.01222760695964098 -0.9829913377761841
1681767897.1628728 9.930038452148438 0.02961237169802189 0.0019176492933183908 -0.9660439491271973
1681767897.1759102 9.941871643066406 0.029584892094135284 -0.011108459904789925 -0.9766459465026855
1681767897.2039235 9.955799102783203 0.02664550393819809 -0.03159155696630478 -0.9755099415779114
1681767897.2178483 9.964719772338867 0.02420245110988617 -0.03972431272268295 -0.9892542362213135
1681767897.22992 9.980558395385742 0.033522773534059525 -0.02929522469639778 -1.0048061609268188
1681767897.2438571 9.98847770690918 0.02951935864984989 -0.03470920771360397 -1.0080665349960327
1681767897.273927 10.043094635009766 0.022384554147720337 -0.031369391828775406 -1.0231696367263794
1681767897.2740307 10.048009872436523 0.020517317578196526 -0.03503787890076637 -1.0205843448638916
1681767897.3019319 10.057931900024414 0.015749942511320114 -0.03728324919939041 -1.012049913406372
1681767897.3150084 10.067853927612305 0.02840874157845974 -0.03382203355431557 -1.0116769075393677
1681767897.3150651 10.073770523071289 0.022892309352755547 -0.028490593656897545 -0.9990429878234863
1681767897.3288977 10.08369255065918 0.027316715568304062 -0.01022129412740469 -0.9949137568473816
1681767897.3419733 10.096527099609375 0.028462715446949005 -0.020480545237660408 -0.9973096251487732
1681767897.3559585 10.102444648742676 0.02839062549173832 -0.02365957200527191 -0.9904454350471497
1681767897.3689551 10.112457275390625 0.03707461804151535 -0.015801407396793365 -0.9831670522689819
1681767897.382881 10.155057907104492 0.0258486308157444 -0.009227345697581768 -1.0142292976379395
1681767897.3959107 10.164979934692383 0.02620709501206875 -0.008451435714960098 -1.0199161767959595
1681767897.395978 10.169986724853516 0.022587256506085396 -0.011463772505521774 -1.0205177068710327
1681767897.408974 10.179818153381348 0.004254631698131561 -0.006920665502548218 -1.0146154165267944
1681767897.4219935 10.187828063964844 0.009537847712635994 -0.002606804482638836 -1.0222736597061157
1681767897.4349258 10.199752807617188 0.007294001989066601 -0.011470352299511433 -1.0319257974624634
1681767897.4498959 10.203667640686035 0.004129726439714432 -0.01898033916950226 -1.0318050384521484
1681767897.4628708 10.2125883102417 0.011456296779215336 -0.023692406713962555 -1.0213687419891357
1681767897.476897 10.224512100219727 0.009432804770767689 -0.014713873155415058 -1.0067039728164673
1681767897.4948373 10.23243236541748 0.013172642327845097 -0.015235066413879395 -1.010860562324524
1681767897.494889 10.238348960876465 0.013200618326663971 -0.02246575802564621 -0.9983524084091187
1681767897.5069504 10.281041145324707 0.022357862442731857 -0.018536290153861046 -0.9705376625061035
1681767897.5198915 10.289871215820312 0.027575062587857246 -0.008640287443995476 -0.9822189211845398
1681767897.5338523 10.299793243408203 0.023715795949101448 -0.01562616042792797 -1.0030766725540161
1681767897.547935 10.305709838867188 0.01921706274151802 -0.027915488928556442 -1.0010136365890503
1681767897.5599585 10.315813064575195 0.022188210859894753 -0.023265065625309944 -1.0048396587371826
1681767897.572035 10.325644493103027 0.01172531209886074 -0.024997437372803688 -1.0059137344360352
1681767897.5838814 10.33465576171875 0.007404407486319542 -0.030149463564157486 -1.0129506587982178
1681767897.5839286 10.338661193847656 0.006947940681129694 -0.03699714317917824 -1.0141994953155518
1681767897.5958486 10.346854209899902 0.009227954782545567 -0.04333198443055153 -1.0399682521820068
1681767897.6239343 10.35896110534668 0.004785440396517515 -0.055848684161901474 -1.0653756856918335
1681767897.6368432 10.410664558410645 0.0031649547163397074 -0.028075244277715683 -1.0609333515167236
1681767897.6498995 10.422407150268555 0.022621499374508858 -0.018494263291358948 -1.0433316230773926
1681767897.6628563 10.430326461791992 0.026311181485652924 -0.007075203582644463 -1.0347715616226196
1681767897.6778967 10.440340042114258 0.017774930223822594 0.0025894581340253353 -1.014370322227478
1681767897.6919625 10.451171875 0.00880631897598505 0.007759981323033571 -0.9881995320320129
1681767897.7202053 10.467010498046875 0.025912994518876076 0.005570580717176199 -0.9756487011909485
1681767897.720256 10.471015930175781 0.029953600838780403 0.018221132457256317 -0.9716557264328003
1681767897.7328973 10.482940673828125 0.03838477283716202 0.034294240176677704 -0.9616723656654358
1681767897.745897 10.491861343383789 0.02972138673067093 0.027065236121416092 -0.9606181383132935
1681767897.7618852 10.501691818237305 0.016421126201748848 0.014400352723896503 -0.9533761143684387
1681767897.7769454 10.544384002685547 0.001361047732643783 0.009175137616693974 -1.0115468502044678
1681767897.7770102 10.548297882080078 -0.003846202278509736 0.007837322540581226 -1.0095351934432983
1681767897.7908733 10.55630874633789 -0.00639253668487072 0.006718467455357313 -1.0102183818817139
1681767897.819957 10.566230773925781 0.009731469675898552 0.005530795082449913 -1.0312539339065552
1681767897.8199978 10.570236206054688 0.005461031571030617 0.005296729505062103 -1.0159319639205933
1681767897.8319504 10.581159591674805 0.005389305762946606 0.007652385160326958 -1.0160971879959106
1681767897.8449047 10.59099006652832 0.0014689289964735508 0.003667971817776561 -1.0144909620285034
1681767897.8590918 10.601003646850586 -0.0006104737985879183 -0.0024210356641560793 -1.008907675743103
1681767897.8719199 10.610834121704102 0.006868073716759682 -0.0030083495657891035 -1.0185794830322266
1681767897.8859105 10.617843627929688 0.010262890718877316 0.005608777515590191 -1.0108219385147095
1681767897.8998916 10.668272972106934 0.025187930092215538 -0.011764097027480602 -1.0158861875534058
1681767897.9128857 10.676283836364746 0.025150511413812637 -0.012979225255548954 -1.0042065382003784
1681767897.9259973 10.688207626342773 0.024945765733718872 -0.016622275114059448 -1.0242364406585693
1681767897.926061 10.692122459411621 0.017294302582740784 -0.022523097693920135 -1.024592399597168
1681767897.9389389 10.703045845031738 0.004375432152301073 -0.03730909526348114 -1.0159388780593872
1681767897.9678466 10.717063903808594 0.008255468681454659 -0.0256282277405262 -1.0221476554870605
1681767897.980907 10.72689437866211 0.01216717716306448 -0.021942414343357086 -1.0260895490646362
1681767897.9979725 10.771589279174805 0.00675811804831028 -0.0234944187104702 -1.042268991470337
1681767898.0110602 10.780509948730469 0.0042297616600990295 -0.027175987139344215 -1.0340574979782104
1681767898.0249536 10.792344093322754 0.00032487185671925545 -0.0283457413315773 -1.0346704721450806
1681767898.0250177 10.796257972717285 -0.00527985580265522 -0.026103513315320015 -1.0227277278900146
1681767898.0369875 10.808182716369629 0.009265935979783535 -0.014603421092033386 -1.0171945095062256
1681767898.0528576 10.812188148498535 0.011348296888172626 -0.012384090572595596 -1.0141198635101318
1681767898.0658464 10.817193984985352 0.01465704943984747 -0.008967850357294083 -1.0130904912948608
1681767898.0659065 10.8211088180542 0.022000601515173912 0.0002549481578171253 -1.0150058269500732
1681767898.077837 10.833033561706543 0.02487143501639366 0.0022769798524677753 -1.002585530281067
1681767898.0919728 10.842955589294434 0.021722622215747833 -0.0025320635177195072 -0.9931933283805847
1681767898.1058633 10.852877616882324 0.020410165190696716 -0.007627574726939201 -0.9869579672813416
1681767898.1058886 10.857792854309082 0.019445959478616714 -0.007724616676568985 -0.9765368700027466
1681767898.1189258 10.863801002502441 0.019896801561117172 0.0021221896167844534 -0.9660757184028625
1681767898.131912 10.867714881896973 0.02236432395875454 0.002083087805658579 -0.9699705839157104
1681767898.1468904 10.877636909484863 0.026135237887501717 -0.0004809834063053131 -0.9862616658210754
1681767898.1469378 10.920419692993164 0.013402651995420456 -0.02240382321178913 -1.0117084980010986
1681767898.1590645 10.930251121520996 0.002045245375484228 -0.01893715374171734 -1.024383783340454
1681767898.1709921 10.93917179107666 0.00419278908520937 -0.023018574342131615 -1.0280869007110596
1681767898.1819718 10.947364807128906 -0.004256797954440117 -0.035095565021038055 -1.0239858627319336
1681767898.195983 10.955465316772461 -0.00044303337926976383 -0.032752737402915955 -1.0288008451461792
1681767898.196069 10.959470748901367 -0.0021705692633986473 -0.02966882288455963 -1.0182329416275024
1681767898.2370265 10.98259162902832 0.0021914388053119183 -0.008897335268557072 -1.006716251373291
1681767898.2500443 10.994425773620605 0.00981574784964323 -0.01482719462364912 -1.0191317796707153
1681767898.2629719 11.004347801208496 0.0028914357535541058 -0.015294092707335949 -0.9981705546379089
1681767898.278043 11.014269828796387 0.014831754378974438 -0.01068284921348095 -0.9869914054870605
1681767898.2781281 11.054868698120117 0.0283056553453207 -0.0266917385160923 -1.0019065141677856
1681767898.2920446 11.065792083740234 0.016756299883127213 -0.026847217231988907 -0.9859719276428223
1681767898.3190734 11.07562255859375 0.016714446246623993 -0.011520608328282833 -1.002533197402954
1681767898.3191316 11.079627990722656 0.017106404528021812 -0.009741461835801601 -1.0148307085037231
1681767898.331908 11.089550018310547 0.013938122428953648 -0.007122187875211239 -1.0158607959747314
1681767898.346038 11.100473403930664 0.012856678105890751 0.0001079938083421439 -1.0306360721588135
1681767898.3582075 11.110395431518555 0.002688127802684903 0.001594561617821455 -1.0384190082550049
1681767898.3859916 11.12623405456543 0.010730448178946972 0.024895472452044487 -1.0308305025100708
1681767898.4040308 11.17265796661377 0.018160955980420113 0.037732698023319244 -0.9948166012763977
1681767898.4169998 11.185493469238281 0.02611849270761013 0.03475194424390793 -0.9990383386611938
1681767898.4299877 11.197418212890625 0.022138461470603943 0.025754567235708237 -0.9683676362037659
1681767898.442064 11.205428123474121 0.027394387871026993 0.014646997675299644 -0.985329270362854
1681767898.457056 11.215259552001953 0.024387279525399208 0.012251039035618305 -0.9768351912498474
1681767898.4840317 11.228185653686523 0.021314913406968117 0.0050979722291231155 -0.9974278807640076
1681767898.4979982 11.24010944366455 0.008337573148310184 -0.004860193468630314 -1.018664836883545
1681767898.5119607 11.250031471252441 -0.0011531980708241463 -0.01463607233017683 -1.029901385307312
1681767898.5120294 11.2560396194458 -0.008488643914461136 -0.02695809304714203 -1.034395456314087
1681767898.524083 11.266963005065918 -0.0008942524436861277 -0.02440287359058857 -1.0398640632629395
1681767898.5669239 11.329225540161133 -0.008495050482451916 -0.033913854509592056 -1.0272012948989868
1681767898.5669959 11.335142135620117 -0.010209945961833 -0.04054092988371849 -1.0206639766693115
1681767898.5799997 11.344062805175781 -0.005152157507836819 -0.041055526584386826 -1.0091208219528198
1681767898.594011 11.353894233703613 0.009781819768249989 -0.041943520307540894 -1.0164484977722168
1681767898.6070864 11.365818977355957 0.030139844864606857 -0.047619905322790146 -1.0226191282272339
1681767898.6340706 11.381567001342773 0.02435208298265934 -0.05002279579639435 -1.0104763507843018
1681767898.647958 11.394309997558594 0.015798991546034813 -0.052664779126644135 -1.0000474452972412
1681767898.6480565 11.400227546691895 0.01666293852031231 -0.04648567736148834 -0.9930448532104492
1681767898.660932 11.410240173339844 0.02559707686305046 -0.037469666451215744 -0.9831640720367432
1681767898.6739242 11.420071601867676 0.02333003096282482 -0.030032917857170105 -0.9817245602607727
1681767898.6890268 11.425077438354492 0.022976303473114967 -0.03062104433774948 -0.9844869375228882
1681767898.7039516 11.477601051330566 0.013341043144464493 0.0022471363190561533 -0.9714290499687195
1681767898.7170653 11.48952579498291 0.0072455620393157005 0.0114183584228158 -0.9601678252220154
1681767898.7291112 11.501359939575195 0.008297343738377094 0.01847330667078495 -0.9546123147010803
1681767898.7429879 11.512100219726562 0.02597498893737793 0.020833022892475128 -0.9821340441703796
1681767898.7430658 11.516105651855469 0.021874234080314636 0.01850782334804535 -0.9919191598892212
1681767898.7840292 11.537952423095703 0.005025865975767374 0.002445240505039692 -1.0072436332702637
1681767898.796979 11.546873092651367 -0.003026242135092616 0.002888265298679471 -1.0076571702957153
1681767898.8100626 11.558706283569336 0.0009608538239262998 0.004597793333232403 -1.005910038948059
1681767898.8240168 11.570540428161621 0.008788988925516605 -0.009657752700150013 -1.0315356254577637
1681767898.8380654 11.576366424560547 0.008781026117503643 -0.013996440917253494 -1.0306488275527954
1681767898.8520133 11.587289810180664 0.015208574011921883 -0.014546796679496765 -1.0246511697769165
1681767898.867009 11.633804321289062 0.028919313102960587 -0.02250136248767376 -1.0233806371688843
1681767898.8670897 11.639812469482422 0.021592460572719574 -0.028917919844388962 -1.01101553440094
1681767898.8799648 11.64773178100586 0.011995852924883366 -0.028901204466819763 -0.999886691570282
1681767898.8940637 11.659656524658203 0.019411910325288773 -0.010638111270964146 -1.0064443349838257
1681767898.9069684 11.668577194213867 0.012038161978125572 -0.023246772587299347 -1.019861102104187
1681767898.935028 11.682413101196289 0.014505990780889988 -0.035088300704956055 -1.042119026184082
1681767898.9489434 11.690423965454102 0.002235975582152605 -0.030759621411561966 -1.0300778150558472
1681767898.9490037 11.696340560913086 0.0007864419021643698 -0.030197104439139366 -1.0272399187088013
1681767898.9620829 11.736757278442383 0.015695299953222275 -0.024194641038775444 -1.017295002937317
1681767898.9751785 11.74467658996582 0.01551824901252985 -0.03207748010754585 -1.010014533996582
1681767898.9879303 11.753597259521484 0.022341739386320114 -0.026400282979011536 -0.9998477697372437
1681767899.0020275 11.765430450439453 0.026245253160595894 -0.00424548052251339 -0.9715237021446228
1681767899.002092 11.76943588256836 0.028634950518608093 -0.002092848066240549 -0.9741109609603882
1681767899.0290608 11.77935791015625 0.036895010620355606 -0.007082887925207615 -0.9837816953659058
1681767899.043009 11.787368774414062 0.027989385649561882 -0.004038204904645681 -0.9845650792121887
1681767899.043097 11.794286727905273 0.020427508279681206 -0.001398384803906083 -0.9933074116706848
1681767899.0559735 11.804208755493164 0.01893228478729725 0.013587077148258686 -1.0129185914993286
1681767899.0690637 11.812128067016602 0.004550190642476082 0.01619933545589447 -1.021859884262085
1681767899.0872636 11.856731414794922 -0.021348552778363228 0.0201471708714962 -1.0446040630340576
1681767899.1009815 11.871387481689453 -0.016974302008748055 0.010662538930773735 -1.040663719177246
1681767899.1289353 11.88112735748291 -0.0060612414963543415 0.003931762650609016 -1.0386990308761597
1681767899.129 11.887043952941895 -0.0036233211867511272 0.00890921801328659 -1.0282799005508423
1681767899.1421392 11.896965980529785 0.008661743253469467 0.008518515154719353 -1.0127800703048706
1681767899.155003 11.906978607177734 0.016373254358768463 0.008735448122024536 -0.9860329627990723
1681767899.167992 11.917811393737793 0.020317189395427704 0.013877964578568935 -0.9733459949493408
1681767899.1819997 11.92755126953125 0.02107176184654236 0.0023985495790839195 -0.9645717740058899
1681767899.1959674 11.931557655334473 0.01741199567914009 -0.002430040156468749 -0.962406575679779
1681767899.2100043 11.941479682922363 0.01294183824211359 -0.01998380944132805 -0.9556530117988586
1681767899.221921 11.990179061889648 -0.04027838259935379 -0.03275322541594505 -1.0002626180648804
1681767899.23592 12.001011848449707 -0.058931633830070496 -0.03388943895697594 -1.0239793062210083
1681767899.235988 12.005017280578613 -0.06858030706644058 -0.030781595036387444 -1.0329627990722656
1681767899.248971 12.017032623291016 -0.08966745436191559 -0.03678103908896446 -0.991835355758667
1681767899.260963 12.028865814208984 -0.08769215643405914 -0.036862704902887344 -1.040084719657898
1681767899.277044 12.033782005310059 -0.08520138263702393 -0.04245949164032936 -1.0405139923095703
1681767899.28902 12.045615196228027 -0.08694583922624588 -0.03974715247750282 -1.049399971961975
1681767899.3020825 12.057449340820312 -0.06378702819347382 -0.03567248582839966 -1.0611340999603271
1681767899.3159993 12.069282531738281 -0.05323919653892517 -0.024836905300617218 -1.042169213294983
1681767899.3431082 12.086122512817383 -0.05920955911278725 -0.03204194828867912 -1.0397214889526367
1681767899.3569963 12.09404182434082 -0.0644938051700592 -0.037536971271038055 -1.0177720785140991
1681767899.3570936 12.10004997253418 -0.05111992359161377 -0.01804278790950775 -1.025194764137268
1681767899.3709996 12.109880447387695 -0.03569893538951874 -0.009544860571622849 -1.0314042568206787
1681767899.3869972 12.120713233947754 -0.04957647621631622 -0.007423677481710911 -1.0098061561584473
1681767899.400005 12.169231414794922 -0.05804469436407089 0.014449508860707283 -1.0108692646026611
1681767899.4140658 12.17715072631836 -0.07013209909200668 0.011563464999198914 -0.9954071044921875
1681767899.4410527 12.192989349365234 -0.06116800010204315 0.01617758721113205 -1.0028258562088013
1681767899.4540482 12.203821182250977 -0.06756296008825302 0.008710220456123352 -0.9867700934410095
1681767899.4541116 12.209738731384277 -0.056162651628255844 0.01771187223494053 -0.9966638088226318
1681767899.4679604 12.219660758972168 -0.05080991983413696 0.017391985282301903 -0.9873651266098022
1681767899.4810236 12.229582786560059 -0.0578596331179142 0.008464634418487549 -1.0006338357925415
1681767899.4959557 12.233587265014648 -0.059990424662828445 0.011102452874183655 -0.9923993349075317
1681767899.5091033 12.244510650634766 -0.0592157319188118 0.008812826126813889 -0.9997539520263672
1681767899.5230832 12.286930084228516 -0.06438747048377991 -0.019975801929831505 -1.0307751893997192
1681767899.523187 12.290935516357422 -0.0627422034740448 -0.021201061084866524 -1.0342892408370972
1681767899.5370176 12.300948143005371 -0.06307154893875122 -0.025443481281399727 -1.028150200843811
1681767899.550098 12.310870170593262 -0.06270532310009003 -0.033106282353401184 -1.0268994569778442
1681767899.5639536 12.32170295715332 -0.07222014665603638 -0.050232890993356705 -1.0234096050262451
1681767899.5640454 12.327619552612305 -0.06563379615545273 -0.045792508870363235 -1.0162221193313599
1681767899.5910351 12.337541580200195 -0.053237445652484894 -0.04202995076775551 -1.0361133813858032
1681767899.6050413 12.347554206848145 -0.0410882793366909 -0.05013149604201317 -1.0419297218322754
1681767899.6051073 12.351469039916992 -0.042210809886455536 -0.04821314290165901 -1.0363413095474243
1681767899.6170375 12.362391471862793 -0.05385143309831619 -0.04744170978665352 -1.0209013223648071
1681767899.6310809 12.374225616455078 -0.05840499699115753 -0.050962626934051514 -1.0126335620880127
1681767899.647992 12.382235527038574 -0.057856302708387375 -0.040839049965143204 -0.9934247136116028
1681767899.662974 12.430663108825684 -0.04563162103295326 -0.017240459099411964 -0.974665105342865
1681767899.6630821 12.434576988220215 -0.0468444786965847 -0.017052505165338516 -0.9785217046737671
1681767899.6921656 12.443497657775879 -0.049378763884305954 -0.02201269567012787 -0.9835639595985413
1681767899.7039723 12.459336280822754 -0.04328008368611336 -0.01192970760166645 -0.9797108769416809
1681767899.717061 12.471170425415039 -0.02890860289335251 -0.01156498584896326 -0.9978450536727905
1681767899.7300267 12.480091094970703 -0.036688074469566345 -0.013728000223636627 -0.9864224791526794
1681767899.758229 12.495929718017578 -0.05361217260360718 -0.011857395991683006 -0.9734406471252441
1681767899.7709713 12.540350914001465 -0.04412645474076271 -0.0028115217573940754 -0.9915904402732849
1681767899.7840428 12.550272941589355 -0.0476595014333725 0.008574374951422215 -0.9904733896255493
1681767899.7841113 12.556190490722656 -0.049403171986341476 0.01835535652935505 -0.9851557612419128
1681767899.7979732 12.56511116027832 -0.052082207053899765 0.021717973053455353 -1.00149667263031
1681767899.8110054 12.577034950256348 -0.055752772837877274 0.012348642572760582 -1.008521556854248
1681767899.825087 12.584955215454102 -0.04937302693724632 0.025614425539970398 -1.0292879343032837
1681767899.838919 12.590962409973145 -0.048947177827358246 0.025413189083337784 -1.0354129076004028
1681767899.8520381 12.598881721496582 -0.054758306592702866 0.023503314703702927 -1.0401723384857178
1681767899.865032 12.6098051071167 -0.06311474740505219 0.009150287136435509 -1.0501378774642944
1681767899.8780227 12.623641967773438 -0.07518511265516281 0.009569190442562103 -1.0404174327850342
1681767899.8919792 12.635475158691406 -0.06976477056741714 -0.003135298378765583 -1.0455414056777954
1681767899.906022 12.639480590820312 -0.0643603652715683 -0.007989749312400818 -1.0530303716659546
1681767899.9330292 12.700833320617676 -0.06439623236656189 -0.02366666868329048 -1.0034544467926025
1681767899.944981 12.710845947265625 -0.05662234127521515 -0.02881154604256153 -1.0133552551269531
1681767899.9590127 12.718765258789062 -0.05643842741847038 -0.027400339022278786 -1.011659860610962
1681767899.9730198 12.72968864440918 -0.05616193264722824 -0.018197815865278244 -1.0112195014953613
1681767899.9880111 12.737607955932617 -0.05733078718185425 -0.031188661232590675 -1.0141454935073853
1681767900.0150177 12.751535415649414 -0.06104002892971039 -0.03551590070128441 -1.0238069295883179
1681767900.0289905 12.798141479492188 -0.05572504922747612 -0.0229580570012331 -1.0087485313415527
1681767900.029086 12.802056312561035 -0.05466218292713165 -0.021657947450876236 -1.0185294151306152
1681767900.0420022 12.812979698181152 -0.05686411261558533 -0.029700223356485367 -1.020613431930542
1681767900.0550008 12.822810173034668 -0.06366272270679474 -0.02290692925453186 -1.00629723072052
1681767900.069044 12.83482551574707 -0.05926074832677841 -0.00910278595983982 -1.0026774406433105
1681767900.069101 12.838740348815918 -0.06017444655299187 -0.008203652687370777 -0.9995554685592651
1681767900.082047 12.842745780944824 -0.0621410608291626 -0.00999777764081955 -0.9980018138885498
1681767900.095992 12.84775161743164 -0.06395140290260315 -0.005334622226655483 -0.9997621178627014
1681767900.108968 12.85949420928955 -0.06018080562353134 0.007678986992686987 -1.010138750076294
1681767900.1090252 12.863499641418457 -0.05910236015915871 0.010411767289042473 -1.0105555057525635
1681767900.1231031 12.873421669006348 -0.0555255189538002 0.01778029277920723 -1.023752212524414
1681767900.1359868 12.883343696594238 -0.06461593508720398 0.014116404578089714 -1.0317823886871338
1681767900.163012 12.898180961608887 -0.07880237698554993 0.006762790493667126 -1.0175201892852783
1681767900.176983 12.948701858520508 -0.0585135743021965 0.0012548643862828612 -1.0144057273864746
1681767900.1889944 12.958532333374023 -0.05756308138370514 0.0004145365674048662 -1.0163079500198364
1681767900.2019858 12.967453002929688 -0.06802016496658325 -0.013207458890974522 -1.0108433961868286
1681767900.2170281 12.979377746582031 -0.08067964762449265 -0.02081410400569439 -0.9984775185585022
1681767900.21713 12.983383178710938 -0.07603877037763596 -0.015255783684551716 -1.0025120973587036
1681767900.2289987 12.991302490234375 -0.0739903450012207 -0.014768559485673904 -0.9967566728591919
1681767900.258146 13.003227233886719 -0.07845506817102432 -0.02702762745320797 -1.0040994882583618
1681767900.258264 13.008142471313477 -0.07942584902048111 -0.030086757615208626 -1.005863070487976
1681767900.2699883 13.019976615905762 -0.0784619152545929 -0.026283709332346916 -1.011293888092041
1681767900.2830853 13.031991958618164 -0.06668373942375183 -0.022055400535464287 -1.0225718021392822
1681767900.2980592 13.04382610321045 -0.0693264901638031 -0.030684364959597588 -1.025768518447876
1681767900.3109736 13.048741340637207 -0.07205851376056671 -0.03254003822803497 -1.0247962474822998
1681767900.3240304 13.058663368225098 -0.07341701537370682 -0.025452855974435806 -1.0164357423782349
1681767900.338075 13.10317611694336 -0.0659458339214325 -0.009053612127900124 -0.9960002899169922
1681767900.3381383 13.107181549072266 -0.06167814880609512 -0.008631138131022453 -0.9958928823471069
1681767900.3509653 13.119105339050293 -0.05700332671403885 -0.0051581161096692085 -0.9947564005851746
1681767900.3640175 13.129938125610352 -0.05613899603486061 -0.005454609170556068 -1.0033444166183472
1681767900.3769677 13.14177131652832 -0.061506301164627075 -0.0065981801599264145 -1.0009843111038208
1681767900.3911684 13.147687911987305 -0.06051966920495033 -0.0050201620906591415 -1.003027081489563
1681767900.4039867 13.159704208374023 -0.06605637818574905 -0.005459688603878021 -0.9944941997528076
1681767900.4180396 13.170536041259766 -0.06439131498336792 0.0001916022738441825 -0.9948025345802307
1681767900.4310396 13.18237018585205 -0.06201319769024849 -0.006079833023250103 -1.0081727504730225
1681767900.4311354 13.188286781311035 -0.06319396197795868 -0.007868519052863121 -1.0132333040237427
1681767900.4599683 13.200211524963379 -0.06300782412290573 -0.005052871070802212 -1.0191539525985718
1681767900.472051 13.215048789978027 -0.060762256383895874 0.0020002834498882294 -1.0098786354064941
1681767900.4850488 13.257650375366211 -0.06650403887033463 -0.00404932489618659 -1.0213587284088135
1681767900.4980109 13.26948356628418 -0.06904347985982895 -0.00241120089776814 -1.0134191513061523
1681767900.5121098 13.27940559387207 -0.0679570809006691 -0.0045586940832436085 -1.0116703510284424
1681767900.5122087 13.285322189331055 -0.06447503715753555 -0.0026413544546812773 -1.0174593925476074
1681767900.5252044 13.296154975891113 -0.06231353431940079 -0.0014222267782315612 -1.0195810794830322
1681767900.553024 13.305985450744629 -0.05292496830224991 -0.000986951868981123 -1.0190330743789673
1681767900.5530846 13.309990882873535 -0.052687011659145355 -0.0010263576405122876 -1.01318359375
1681767900.5660114 13.320003509521484 -0.06115128844976425 -0.004415635950863361 -1.0112468004226685
1681767900.5789852 13.329834938049316 -0.06581723690032959 -0.010344887152314186 -1.0134645700454712
1681767900.592102 13.340758323669434 -0.06231686472892761 -0.012706459499895573 -1.0313316583633423
1681767900.6061113 13.350589752197266 -0.06344863772392273 -0.017970051616430283 -1.0350983142852783
1681767900.6199772 13.35468578338623 -0.06453955918550491 -0.01461699977517128 -1.0333857536315918
1681767900.6340978 13.403112411499023 -0.07401106506586075 -0.016072172671556473 -1.0225481986999512
1681767900.64697 13.41403579711914 -0.07124944031238556 -0.015310336835682392 -1.0174812078475952
1681767900.6619778 13.423866271972656 -0.0713861957192421 -0.009586005471646786 -1.0025665760040283
1681767900.6620896 13.429783821105957 -0.07040460407733917 -0.005880699492990971 -0.9981261491775513
1681767900.674058 13.439796447753906 -0.06912407279014587 -0.0028715638909488916 -0.9908340573310852
1681767900.6873744 13.449627876281738 -0.06683273613452911 -0.0038504605181515217 -0.9971386790275574
1681767900.7030656 13.454543113708496 -0.06480927765369415 -0.0038467678241431713 -1.0003015995025635
1681767900.7150297 13.464465141296387 -0.06445075571537018 -0.003953803330659866 -1.0043940544128418
1681767900.728022 13.474387168884277 -0.06740252673625946 0.0003969602403230965 -1.0103048086166382
1681767900.7420359 13.484309196472168 -0.07283562421798706 0.00106697843875736 -1.0105003118515015
1681767900.7421153 13.490317344665527 -0.07628520578145981 -0.0022397676948457956 -1.008567214012146
1681767900.755052 13.499146461486816 -0.07798291742801666 -0.004354532342404127 -1.0079345703125
1681767900.7819896 13.51107120513916 -0.07425650209188461 -0.0032992681954056025 -1.0048539638519287
1681767900.7960339 13.559497833251953 -0.058350373059511185 -0.013493913225829601 -1.0071269273757935
1681767900.7961502 13.565414428710938 -0.05867350846529007 -0.014484397135674953 -1.0005813837051392
1681767900.8089252 13.576337814331055 -0.061226967722177505 -0.015506129711866379 -0.9975829720497131
1681767900.8220563 13.58817195892334 -0.06164221465587616 -0.020138313993811607 -1.0026366710662842
1681767900.8359752 13.600096702575684 -0.05948754400014877 -0.024426888674497604 -1.0161101818084717
1681767900.8499293 13.606013298034668 -0.05924564227461815 -0.025835465639829636 -1.0212403535842896
1681767900.8629715 13.613932609558105 -0.06218285113573074 -0.02504708617925644 -1.022463083267212
1681767900.8766427 13.624765396118164 -0.0685654729604721 -0.02657085470855236 -1.0160008668899536
1681767900.8890402 13.634687423706055 -0.06903813034296036 -0.02700943872332573 -1.0115855932235718
1681767900.8891 13.640604019165039 -0.06746438890695572 -0.026508649811148643 -1.0059281587600708
1681767900.903009 13.650434494018555 -0.06098411977291107 -0.024540068581700325 -1.004849910736084
1681767900.9170098 13.654349327087402 -0.058369796723127365 -0.024571366608142853 -1.005450963973999
1681767900.9300094 13.667274475097656 -0.05285760760307312 -0.025886792689561844 -1.0084642171859741
1681767900.9430032 13.711787223815918 -0.05389911308884621 -0.02007487788796425 -1.0052038431167603
1681767900.9590275 13.721709251403809 -0.05448254942893982 -0.01808902621269226 -1.0053976774215698
1681767900.972013 13.733543395996094 -0.05306241661310196 -0.012996889650821686 -1.011589765548706
1681767900.9860659 13.742464065551758 -0.05434493348002434 -0.012921729125082493 -1.018153429031372
1681767900.9861434 13.748380661010742 -0.0552850216627121 -0.01318129152059555 -1.0198365449905396
1681767901.012987 13.758302688598633 -0.05739554017782211 -0.011449710465967655 -1.021586537361145
1681767901.0270102 13.770318031311035 -0.06065317243337631 -0.009379061870276928 -1.0156116485595703
1681767901.0270798 13.774232864379883 -0.061169978231191635 -0.009542197920382023 -1.0151255130767822
1681767901.038977 13.785064697265625 -0.06499553471803665 -0.010711162351071835 -1.006183385848999
1681767901.0520349 13.79689884185791 -0.06648778915405273 -0.008869674988090992 -0.999252438545227
1681767901.0670328 13.8068208694458 -0.06415560096502304 -0.008845122531056404 -0.9976264238357544
1681767901.0799978 13.812737464904785 -0.06145963817834854 -0.009416402317583561 -0.9995866417884827
1681767901.0930486 13.860254287719727 -0.058817505836486816 -0.006913960445672274 -1.002404808998108
1681767901.1081123 13.872178077697754 -0.06239583343267441 -0.005707079544663429 -1.0055004358291626
1681767901.108243 13.876092910766602 -0.06344323605298996 -0.005900578107684851 -1.0068122148513794
1681767901.1200721 13.88610553741455 -0.06466566026210785 -0.006325663533061743 -1.0130705833435059
1681767901.1330826 13.895936965942383 -0.06463232636451721 -0.004624736495316029 -1.0143765211105347
1681767901.1473658 13.904857635498047 -0.0641995221376419 -0.003640486393123865 -1.0145995616912842
1681767901.1610353 13.910774230957031 -0.06467317789793015 -0.004913522861897945 -1.01340913772583
1681767901.174079 13.918785095214844 -0.0640629306435585 -0.0072498624213039875 -1.0104964971542358
1681767901.186976 13.930708885192871 -0.06219009310007095 -0.00905855093151331 -1.0079001188278198
1681767901.2030027 13.938629150390625 -0.06226654723286629 -0.009022732265293598 -1.0076868534088135
1681767901.2030625 13.977315902709961 -0.06988094747066498 -0.00943087786436081 -1.010910987854004
1681767901.2160158 13.986236572265625 -0.07162348926067352 -0.00817109178751707 -1.0111676454544067
1681767901.2292023 13.99606704711914 -0.07303348183631897 -0.007838068529963493 -1.0075780153274536
1681767901.2429712 14.005989074707031 -0.07262624055147171 -0.007035023532807827 -1.004489779472351
1681767901.2570364 14.011905670166016 -0.07048378139734268 -0.006519743241369724 -1.0048412084579468
1681767901.2700617 14.022829055786133 -0.06607883423566818 -0.006963733583688736 -1.0074594020843506
1681767901.2830229 14.034663200378418 -0.06217588856816292 -0.008423101156949997 -1.0069546699523926
1681767901.283112 14.040579795837402 -0.061324428766965866 -0.009722130373120308 -1.0050771236419678
1681767901.2960126 14.052504539489746 -0.06102024018764496 -0.011857585981488228 -1.001451849937439
1681767901.3241858 14.063337326049805 -0.05885034427046776 -0.011968813836574554 -1.0028499364852905
1681767901.3242624 14.069344520568848 -0.05832075700163841 -0.012919522821903229 -1.0034048557281494
1681767901.3369749 14.081178665161133 -0.0572388619184494 -0.012682477943599224 -1.0045746564865112
1681767901.3501046 14.09310245513916 -0.0595342293381691 -0.01320025697350502 -1.0049548149108887
1681767901.3640914 14.101022720336914 -0.06047689914703369 -0.012375084683299065 -1.0073833465576172
1681767901.3810103 14.154455184936523 -0.05941087007522583 -0.011953339911997318 -1.010307788848877
1681767901.409048 14.166471481323242 -0.058451347053050995 -0.01344538014382124 -1.0107072591781616
1681767901.4220653 14.176301956176758 -0.05658313259482384 -0.0146720502525568 -1.013448715209961
1681767901.4350343 14.185222625732422 -0.056812647730112076 -0.016291934996843338 -1.0124262571334839
1681767901.4479547 14.197056770324707 -0.055638305842876434 -0.01874384842813015 -1.0134453773498535
1681767901.462046 14.20898151397705 -0.05549638345837593 -0.02103211171925068 -1.0133628845214844
1681767901.4759762 14.214898109436035 -0.055036336183547974 -0.0214603953063488 -1.0141397714614868
