1681767225.1720417 185.80369567871094 0.010113516822457314 0.0028865551576018333 -1.0082106590270996
1681767225.1839998 185.8135223388672 0.01014380156993866 0.002831493504345417 -1.008817434310913
1681767225.198973 185.82244873046875 0.010278216563165188 0.0026447614654898643 -1.009219765663147
1681767225.199053 185.828369140625 0.010374626144766808 0.002625503810122609 -1.008872389793396
1681767225.2119513 185.83828735351562 0.010183597914874554 0.0028233882039785385 -1.0089884996414185
1681767225.2399035 185.85430908203125 0.010598793625831604 0.0030631625559180975 -1.008954644203186
1681767225.2528274 185.8632354736328 0.01043151319026947 0.003370422637090087 -1.0103271007537842
1681767225.2648406 185.87306213378906 0.00980939157307148 0.003238978562876582 -1.008078694343567
1681767225.2790587 185.88507080078125 0.010593061335384846 0.0028096551541239023 -1.0079667568206787
1681767225.2791517 185.8890838623047 0.01221555843949318 0.003657375695183873 -1.0088770389556885
1681767225.3070264 185.89891052246094 0.026788979768753052 0.003502721432596445 -1.0068886280059814
1681767225.3209949 185.950439453125 0.11909929662942886 0.012577897869050503 -1.032522439956665
1681767225.3340096 185.96035766601562 0.11168310791254044 0.011203894391655922 -1.0189348459243774
1681767225.3469694 185.97027587890625 0.1036745011806488 0.011692659929394722 -1.0061429738998413
1681767225.347039 185.9761962890625 0.10068146884441376 0.01314583420753479 -1.0074180364608765
1681767225.3600652 185.98712158203125 0.09201943874359131 0.012363893911242485 -1.006908893585205
1681767225.3729448 185.9969482421875 0.0840122178196907 0.014820823445916176 -1.0117666721343994
1681767225.3880613 186.00096130371094 0.08187428116798401 0.01722714677453041 -1.0167604684829712
1681767225.4009156 186.01087951660156 0.06506127864122391 0.012863604351878166 -1.0120750665664673
1681767225.4139743 186.018798828125 0.06224212795495987 0.015397376380860806 -1.012372612953186
1681767225.4270027 186.029541015625 0.05206600949168205 0.01061652135103941 -1.0072036981582642
1681767225.4271047 186.03546142578125 0.05373990535736084 0.01118310447782278 -1.0070631504058838
1681767225.440969 186.04537963867188 0.0468653105199337 0.0048869517631828785 -1.0023776292800903
1681767225.4680653 186.05711364746094 0.04505866393446922 0.0015580016188323498 -0.9951155185699463
1681767225.4820237 186.1066436767578 0.03962624445557594 0.002046549692749977 -1.0051333904266357
1681767225.4950345 186.1224822998047 0.034668583422899246 0.0034521319903433323 -1.0097194910049438
1681767225.5069585 186.13430786132812 0.033900078386068344 -0.001977849518880248 -1.0032216310501099
1681767225.5200143 186.1451416015625 0.033334337174892426 0.0035908904392272234 -1.0144009590148926
1681767225.5359385 186.15106201171875 0.034663762897253036 0.0001561653334647417 -1.0108330249786377
1681767225.5479603 186.160888671875 0.028987187892198563 0.003823926206678152 -1.0163969993591309
1681767225.560995 186.17080688476562 0.02749917469918728 0.00024083105381578207 -1.0076682567596436
1681767225.5749536 186.18055725097656 0.02624514512717724 0.005801722873002291 -1.0117522478103638
1681767225.575027 186.18556213378906 0.02472331002354622 0.0038042343221604824 -1.0082898139953613
1681767225.587105 186.19729614257812 0.02284536138176918 0.008532880805432796 -1.0122793912887573
1681767225.619968 186.209228515625 0.01991964876651764 0.006392229814082384 -1.0113996267318726
1681767225.620049 186.21505737304688 0.023813175037503242 0.012199748307466507 -1.015967845916748
1681767225.6320333 186.2634735107422 0.014574526809155941 0.01451837457716465 -1.0087302923202515
1681767225.6449382 186.27621459960938 0.013317309319972992 0.01357035432010889 -1.0115665197372437
1681767225.659035 186.28414916992188 0.012044521979987621 0.014453940093517303 -1.0131100416183472
1681767225.6590958 186.29005432128906 0.012245641089975834 0.010868922807276249 -1.0107855796813965
1681767225.6720157 186.29998779296875 0.011948460713028908 0.011153731495141983 -1.0100246667861938
1681767225.6999972 186.31080627441406 0.013016493059694767 0.007841264829039574 -1.0086570978164673
1681767225.7000535 186.3167266845703 0.010034045204520226 0.008216832764446735 -1.006751298904419
1681767225.712293 186.32655334472656 0.014970798045396805 0.005822747014462948 -1.008286476135254
1681767225.726015 186.33639526367188 0.013691567815840244 0.005483746062964201 -1.00896155834198
1681767225.7390099 186.34449768066406 0.012441413477063179 0.0037341604474931955 -1.0083177089691162
1681767225.7672832 186.35923767089844 0.01366525050252676 -0.0007905884413048625 -1.0086400508880615
1681767225.7810535 186.40585327148438 0.010118650272488594 -0.001221597078256309 -1.0110604763031006
1681767225.794005 186.41586303710938 0.013076800853013992 0.002099870704114437 -1.0131642818450928
1681767225.7941124 186.42185974121094 0.009731450118124485 0.0018737378995865583 -1.012477159500122
1681767225.808013 186.4307861328125 0.010919812135398388 0.004315465688705444 -1.0137951374053955
1681767225.8210752 186.44070434570312 0.008796356618404388 0.005689152050763369 -1.0087414979934692
1681767225.8330398 186.45263671875 0.007205185014754534 0.007575435563921928 -1.0080180168151855
1681767225.849042 186.45663452148438 0.008172357454895973 0.00698076281696558 -1.0063477754592896
1681767225.8620923 186.4645538330078 0.005784443113952875 0.006439672317355871 -1.0065624713897705
1681767225.8740377 186.4753875732422 0.009392707608640194 0.007331737317144871 -1.007137656211853
1681767225.8879418 186.4853057861328 0.008455577306449413 0.006673408206552267 -1.007112979888916
1681767225.8880234 186.48931884765625 0.009603410959243774 0.00638443510979414 -1.007707953453064
1681767225.906024 186.49923706054688 0.00852333102375269 0.00596469035372138 -1.0057735443115234
1681767225.9180734 186.5478515625 0.010542629286646843 0.010520326904952526 -1.0109944343566895
1681767225.947006 186.56277465820312 0.006822267547249794 0.012951817363500595 -1.006981372833252
1681767225.959021 186.57069396972656 0.0022898796014487743 0.013305161148309708 -1.0054339170455933
1681767225.973151 186.5806121826172 0.0014018602669239044 0.011716583743691444 -1.0055947303771973
1681767225.9732122 186.58462524414062 0.00037371888174675405 0.0102895088493824 -1.0048729181289673
1681767225.986031 186.59555053710938 0.0019440463511273265 0.009218060411512852 -1.0080543756484985
1681767225.9990842 186.60546875 0.0019319376442581415 0.006428444758057594 -1.0079535245895386
1681767226.0141091 186.60939025878906 0.0016252960776910186 0.005058829672634602 -1.0091496706008911
1681767226.028082 186.6600799560547 0.0014377566985785961 -0.00595114566385746 -1.00697660446167
1681767226.0400207 186.67001342773438 0.001011599786579609 -0.005923914723098278 -1.0095257759094238
1681767226.0530758 186.67892456054688 0.004687878303229809 -0.004325191490352154 -1.012283444404602
1681767226.0660443 186.69085693359375 0.0030490076169371605 -0.0015339362435042858 -1.0133259296417236
1681767226.0790012 186.70077514648438 0.0003531418042257428 -0.0007504176464863122 -1.0120570659637451
1681767226.0791233 186.706787109375 0.0025275524239987135 0.00079128029756248 -1.0112076997756958
1681767226.103988 186.7156982421875 0.0006170988781377673 0.0021057415287941694 -1.0131555795669556
1681767226.118103 186.7238006591797 0.0036803348921239376 0.004588249605149031 -1.0147868394851685
1681767226.118167 186.7279052734375 0.00204092962667346 0.004236616659909487 -1.0147593021392822
1681767226.1349971 186.7671356201172 0.0032920236699283123 0.005318961106240749 -1.0067405700683594
1681767226.1480534 186.77505493164062 0.0031516938470304012 0.005202570930123329 -1.0077089071273804
1681767226.163201 186.78497314453125 0.004163230769336224 0.0036050514318048954 -1.007158637046814
1681767226.1771014 186.7978973388672 0.0019896405283361673 0.003424703609198332 -1.0061726570129395
1681767226.2040787 186.81382751464844 0.0038483641110360622 0.002181433141231537 -1.0086162090301514
1681767226.2180207 186.82376098632812 0.00035581551492214203 0.00043962354538962245 -1.0056287050247192
1681767226.2330208 186.83177185058594 0.0049216789193451405 0.0005998684791848063 -1.0053656101226807
1681767226.2450953 186.87545776367188 0.007396611850708723 0.0012360445689409971 -1.0087430477142334
1681767226.260045 186.8833770751953 0.006138436961919069 0.0025371715892106295 -1.0097533464431763
1681767226.2601147 186.88739013671875 0.004428507294505835 0.002701028948649764 -1.0076863765716553
1681767226.2730372 186.89930725097656 0.00990915298461914 0.0034285339061170816 -1.0074924230575562
1681767226.2861605 186.9092254638672 0.00888408999890089 0.002971157431602478 -1.0070849657058716
1681767226.3160172 186.92416381835938 0.00900491513311863 0.006012993399053812 -1.007873773574829
1681767226.3290424 186.93408203125 0.008124180138111115 0.0049514612182974815 -1.0087541341781616
1681767226.3440497 186.974853515625 0.011518388986587524 0.005994871258735657 -1.0093010663986206
1681767226.3580697 186.98487854003906 0.008927898481488228 0.004729675594717264 -1.0034722089767456
1681767226.3581643 186.99078369140625 0.011647386476397514 0.004221353679895401 -1.0050489902496338
1681767226.3710241 187.001708984375 0.010969194583594799 0.003141761990264058 -1.0049786567687988
1681767226.3839808 187.0115509033203 0.008957134559750557 0.0029771446716040373 -1.004720687866211
1681767226.3990498 187.0155487060547 0.010602954775094986 0.0035709887742996216 -1.0044171810150146
1681767226.4100866 187.02757263183594 0.01097033265978098 0.0027741724625229836 -1.0065919160842896
1681767226.4230273 187.03549194335938 0.01263946108520031 0.0017356957541778684 -1.0068535804748535
1681767226.4349842 187.04440307617188 0.011887719854712486 0.0025887582451105118 -1.0066559314727783
1681767226.4480438 187.05250549316406 0.012777918018400669 0.001205200096592307 -1.008378267288208
1681767226.448136 187.05661010742188 0.010688417591154575 0.0008344573434442282 -1.007411241531372
1681767226.480015 187.10958862304688 0.014129068702459335 0.0016321809962391853 -1.0088603496551514
1681767226.5090077 187.12451171875 0.013384087942540646 0.0024554275441914797 -1.0100679397583008
1681767226.521062 187.13433837890625 0.012573027051985264 0.002201500115916133 -1.0068278312683105
1681767226.5360155 187.14234924316406 0.011843541637063026 0.001349567319266498 -1.0088286399841309
1681767226.5360837 187.1482696533203 0.010920076631009579 0.0014080810360610485 -1.0069020986557007
1681767226.549004 187.15919494628906 0.011054863221943378 0.001023417804390192 -1.0085355043411255
1681767226.577121 187.1691131591797 0.012331581674516201 0.000670036009978503 -1.0091760158538818
1681767226.5771894 187.1751251220703 0.009887447580695152 0.0020855036564171314 -1.0089558362960815
1681767226.590034 187.22190856933594 0.01023148838430643 0.0010386048816144466 -1.009403944015503
1681767226.603061 187.22982788085938 0.009764614515006542 0.0016044264193624258 -1.0110337734222412
1681767226.615984 187.24075317382812 0.009884175844490528 0.0017978238174691796 -1.0106768608093262
1681767226.6290557 187.25067138671875 0.011920123361051083 0.0031393184326589108 -1.009362816810608
1681767226.6430042 187.2585906982422 0.011767437681555748 0.003258560551330447 -1.009281873703003
1681767226.6431003 187.26260375976562 0.011284681968390942 0.003199332859367132 -1.008641004562378
1681767226.6579926 187.2686004638672 0.01069142110645771 0.0029916425701230764 -1.0083651542663574
1681767226.6710694 187.27252197265625 0.011949168518185616 0.0018332053441554308 -1.007836103439331
1681767226.6711318 187.27651977539062 0.013045410625636578 0.0033163351472467184 -1.0069711208343506
1681767226.6840043 187.2854461669922 0.011184195056557655 0.002456319285556674 -1.0077834129333496
1681767226.697025 187.32623291015625 0.012301472947001457 0.0006515849381685257 -1.0052660703659058
1681767226.710041 187.33615112304688 0.012138603255152702 0.00014488864690065384 -1.0039939880371094
1681767226.722993 187.3441619873047 0.01181593257933855 0.002512709703296423 -1.0046489238739014
1681767226.7230597 187.3501739501953 0.012624198570847511 0.0014279739698395133 -1.0045679807662964
1681767226.735978 187.36000061035156 0.012805474922060966 0.001753032673150301 -1.0052422285079956
1681767226.7609723 187.37510681152344 0.01281440258026123 0.00246708607301116 -1.00421142578125
1681767226.7740808 187.38320922851562 0.01445312425494194 0.0035910268779844046 -1.0056077241897583
1681767226.7879875 187.3913116455078 0.012719598598778248 0.0033166322391480207 -1.0067013502120972
1681767226.8009477 187.4282684326172 0.014072186313569546 0.00694902241230011 -1.0073962211608887
1681767226.8139055 187.4431915283203 0.012760822661221027 0.005623015575110912 -1.0070668458938599
1681767226.8268821 187.453125 0.013910483568906784 0.006112140603363514 -1.0059993267059326
1681767226.8409543 187.46295166015625 0.01591312140226364 0.0063622924499213696 -1.0084292888641357
1681767226.8680522 187.47897338867188 0.013932103291153908 0.0037904551718384027 -1.0047317743301392
1681767226.8820317 187.48980712890625 0.01425311528146267 0.003510019276291132 -1.0050235986709595
1681767226.8950152 187.49972534179688 0.013110722415149212 0.002600256120786071 -1.0064361095428467
1681767226.895076 187.5037384033203 0.01319650188088417 0.0020539378747344017 -1.0050654411315918
1681767226.9080167 187.5137481689453 0.013867051340639591 0.0020274200942367315 -1.0082921981811523
1681767226.922046 187.52166748046875 0.010128828696906567 -0.0007931976579129696 -1.0051100254058838
1681767226.9360359 187.52658081054688 0.011577350087463856 -4.510697181103751e-05 -1.0069888830184937
1681767226.9500108 187.5771942138672 0.011225146241486073 -0.0049451012164354324 -1.0109421014785767
1681767226.9630396 187.58920288085938 0.012869028374552727 -0.005873279180377722 -1.0135250091552734
1681767226.975026 187.60104370117188 0.01190907135605812 -0.0075437878258526325 -1.0101314783096313
1681767226.9880545 187.61187744140625 0.012848548591136932 -0.006856323219835758 -1.0137560367584229
1681767227.0031493 187.62379455566406 0.010872081853449345 -0.008156741969287395 -1.0096464157104492
1681767227.0160177 187.6278076171875 0.01148561853915453 -0.007879712618887424 -1.0105335712432861
1681767227.0301359 187.63963317871094 0.009975946508347988 -0.0073332712054252625 -1.0095634460449219
1681767227.0440426 187.65447998046875 0.010333660058677197 -0.00621294928714633 -1.0093153715133667
1681767227.0560386 187.66439819335938 0.008390438742935658 -0.005010606721043587 -1.0108696222305298
1681767227.084078 187.68023681640625 0.009734554216265678 -0.003395675914362073 -1.0100548267364502
1681767227.0960658 187.68914794921875 0.008018714375793934 -0.0035298382863402367 -1.0103631019592285
1681767227.1100142 187.7356719970703 0.009879590012133121 -0.0026837624609470367 -1.0104212760925293
1681767227.1240392 187.74559020996094 0.010585746727883816 -0.0027701181825250387 -1.00780189037323
1681767227.1241062 187.7515106201172 0.010963921435177326 -0.002653215080499649 -1.0094537734985352
1681767227.1360204 187.763427734375 0.011743622832000256 -0.004520496353507042 -1.0069804191589355
1681767227.1500323 187.77426147460938 0.011222714558243752 -0.003640651935711503 -1.0064154863357544
1681767227.1650007 187.7802734375 0.010772734880447388 -0.0054376330226659775 -1.0050243139266968
1681767227.1769881 187.78819274902344 0.010816705413162708 -0.0039464388974010944 -1.0042916536331177
1681767227.190058 187.79820251464844 0.010127326473593712 -0.004281038884073496 -1.0087155103683472
1681767227.2050326 187.80612182617188 0.009565259329974651 -0.004900061991065741 -1.0081238746643066
1681767227.2170079 187.8209686279297 0.007888746447861195 -0.003485581371933222 -1.0114212036132812
1681767227.2459748 187.83297729492188 0.006433739326894283 -0.003548042383044958 -1.0081034898757935
1681767227.2460482 187.83889770507812 0.008102239109575748 -0.0014054628554731607 -1.0086686611175537
1681767227.259997 187.8834991455078 0.010325836017727852 -0.0009447994525544345 -1.0118900537490845
1681767227.27294 187.89833068847656 0.01077378448098898 -0.0028403508476912975 -1.0068942308425903
1681767227.2879727 187.90817260742188 0.011335059069097042 -0.0010026064701378345 -1.0089383125305176
1681767227.2999117 187.9180908203125 0.011286618188023567 -0.002959450474008918 -1.004262924194336
1681767227.3129516 187.92800903320312 0.012005806900560856 -0.0016095873434096575 -1.0052160024642944
1681767227.3290794 187.93292236328125 0.011300846002995968 -0.0029230848886072636 -1.0050876140594482
1681767227.3399463 187.94476318359375 0.013053366914391518 -0.004188811872154474 -1.0058039426803589
1681767227.3559756 187.9857177734375 0.00940893404185772 -0.005083597265183926 -1.0057729482650757
1681767227.369954 187.9938201904297 0.010995503515005112 -0.0037591264117509127 -1.0076136589050293
1681767227.3700159 187.9979248046875 0.009344242513179779 -0.0038007390685379505 -1.0080856084823608
1681767227.382933 188.0060272216797 0.009377768263220787 -0.005842520855367184 -1.0076143741607666
1681767227.3969393 188.01502990722656 0.010079912841320038 -0.004724140278995037 -1.010135293006897
1681767227.4099593 188.02687072753906 0.009993195533752441 -0.00638157594949007 -1.0080431699752808
1681767227.410006 188.03077697753906 0.011022025719285011 -0.006317787803709507 -1.0100719928741455
1681767227.4369638 188.03878784179688 0.009915399365127087 -0.0059274947270751 -1.0133787393569946
1681767227.450919 188.04872131347656 0.010610470548272133 -0.0072510032914578915 -1.0109500885009766
1681767227.4509704 188.0536346435547 0.01120166014879942 -0.007200067862868309 -1.0120726823806763
1681767227.4679463 188.1001434326172 0.008745823055505753 -0.009345811791718006 -1.0112441778182983
1681767227.4808993 188.1100616455078 0.006911634933203459 -0.00824668351560831 -1.0126248598098755
1681767227.4949918 188.1199951171875 0.007388736587017775 -0.010456285439431667 -1.0119199752807617
1681767227.5099654 188.12991333007812 0.006721902173012495 -0.008929109200835228 -1.0131903886795044
1681767227.5239804 188.13682556152344 0.007882460951805115 -0.009901808574795723 -1.0113945007324219
1681767227.5359902 188.14866638183594 0.007324383594095707 -0.008441898971796036 -1.014087438583374
1681767227.5509374 188.15867614746094 0.00923103466629982 -0.009328900836408138 -1.009079098701477
1681767227.5509772 188.16259765625 0.009233605116605759 -0.009722365066409111 -1.0114773511886597
1681767227.5638852 188.1735076904297 0.006772644352167845 -0.012168047949671745 -1.0076723098754883
1681767227.5759213 188.183349609375 0.010144304484128952 -0.010064245201647282 -1.0100657939910889
1681767227.5910385 188.18734741210938 0.009575633332133293 -0.010483179241418839 -1.0117300748825073
1681767227.6050384 188.1953582763672 0.0073929522186517715 -0.012722617946565151 -1.0070419311523438
1681767227.617065 188.2420654296875 0.004314137157052755 -0.009226053021848202 -1.0043433904647827
1681767227.6309824 188.25189208984375 0.004637576639652252 -0.007875077426433563 -1.0079139471054077
1681767227.6310697 188.25880432128906 0.002779037691652775 -0.007877624593675137 -1.0072484016418457
1681767227.6451547 188.27073669433594 0.0050122980028390884 -0.005311194341629744 -1.006420373916626
1681767227.6569831 188.27865600585938 0.006060169544070959 -0.005178794264793396 -1.0058465003967285
1681767227.6850774 188.29257202148438 0.012120851315557957 -0.0015086139319464564 -1.0148409605026245
1681767227.698042 188.30340576171875 0.013713032938539982 -0.00455156434327364 -1.0139199495315552
1681767227.7110574 188.31333923339844 0.017583433538675308 -0.0010764063335955143 -1.0168639421463013
1681767227.7250693 188.32525634765625 0.02339727245271206 -0.003287116065621376 -1.016718864440918
1681767227.7251508 188.3311767578125 0.0249613169580698 -0.0017619188874959946 -1.0170133113861084
1681767227.7530658 188.33999633789062 0.023772001266479492 -0.003063388168811798 -1.018966794013977
1681767227.753156 188.34400939941406 0.023051545023918152 -0.005548907443881035 -1.0145426988601685
1681767227.7650156 188.39051818847656 0.0275061447173357 -0.008064133115112782 -1.0041183233261108
1681767227.7801316 188.40054321289062 0.025420624762773514 -0.006096130236983299 -1.0020742416381836
1681767227.7801995 188.4064483642578 0.028346853330731392 -0.006443897262215614 -1.000555396080017
1681767227.793021 188.4172821044922 0.026210153475403786 -0.006008862517774105 -1.004920244216919
1681767227.806114 188.42921447753906 0.026836788281798363 -0.008156678639352322 -1.004677176475525
1681767227.8200848 188.4371337890625 0.022442689165472984 -0.00836862437427044 -1.0062788724899292
1681767227.835989 188.44113159179688 0.022546708583831787 -0.010020269080996513 -1.0012221336364746
1681767227.8490138 188.45106506347656 0.023251108825206757 -0.007763750851154327 -1.0088706016540527
1681767227.8610349 188.45997619628906 0.01897791400551796 -0.011443979106843472 -1.0045735836029053
1681767227.8781154 188.47190856933594 0.020761746913194656 -0.009061561897397041 -1.013150691986084
1681767227.8782384 188.47581481933594 0.018007392063736916 -0.010829205624759197 -1.0125541687011719
1681767227.8910105 188.52252197265625 0.02126157656311989 -0.012794354930520058 -1.0043658018112183
1681767227.9032056 188.5323486328125 0.01803257316350937 -0.011792654171586037 -1.006837010383606
1681767227.918039 188.541259765625 0.02005797065794468 -0.011857363395392895 -1.0005667209625244
1681767227.931956 188.54527282714844 0.02099374122917652 -0.007894907146692276 -1.008010983467102
1681767227.944106 188.55718994140625 0.017913199961185455 -0.01327620167285204 -1.000147819519043
1681767227.95807 188.56712341308594 0.016066361218690872 -0.006538562476634979 -1.0115687847137451
1681767227.9581404 188.5731201171875 0.014449350535869598 -0.009933922439813614 -1.0029574632644653
1681767227.972001 188.5819549560547 0.015910644084215164 -0.004014935344457626 -1.0106383562088013
1681767227.9989867 188.59588623046875 0.013453034684062004 -0.007756809704005718 -1.0033271312713623
1681767228.01298 188.6444854736328 0.00994424894452095 -0.010512872599065304 -1.010917067527771
1681767228.0250864 188.6544189453125 0.012894632294774055 -0.008662689477205276 -1.01298189163208
1681767228.0380688 188.663330078125 0.01103899721056223 -0.012082992121577263 -1.008610725402832
1681767228.052084 188.6731719970703 0.011812731623649597 -0.00815655943006277 -1.015018343925476
1681767228.0521824 188.6771697998047 0.010172675363719463 -0.010126333683729172 -1.0160053968429565
1681767228.0650082 188.6870880126953 0.011582871899008751 -0.0167574193328619 -1.0062133073806763
1681767228.0770419 188.69300842285156 0.012114198878407478 -0.007653001695871353 -1.0179204940795898
1681767228.0889862 188.697021484375 0.01146160252392292 -0.011807937175035477 -1.014280915260315
1681767228.0890467 188.7020263671875 0.01260119304060936 -0.014926191419363022 -1.0073217153549194
1681767228.102079 188.7100372314453 0.010157628916203976 -0.008306646719574928 -1.017416000366211
1681767228.1150186 188.7181396484375 0.010380900464951992 -0.013861946761608124 -1.0063869953155518
1681767228.1340466 188.7262420654297 0.008371025323867798 -0.011530832387506962 -1.0108428001403809
1681767228.134122 188.7670135498047 0.007373603526502848 -0.011638205498456955 -1.017547845840454
1681767228.1479366 188.77493286132812 0.00769356032833457 -0.019984327256679535 -1.009580135345459
1681767228.1609275 188.78585815429688 0.004806945100426674 -0.014455685392022133 -1.0177446603775024
1681767228.1890268 188.80369567871094 0.005699718836694956 -0.015136799775063992 -1.0195876359939575
1681767228.201984 188.81353759765625 0.006067259237170219 -0.01778526045382023 -1.01820707321167
1681767228.2149513 188.82254028320312 0.008679598569869995 -0.016437266021966934 -1.0175286531448364
1681767228.2290208 188.83245849609375 0.00818382203578949 -0.015246424823999405 -1.0167959928512573
1681767228.2290697 188.83837890625 0.00915803574025631 -0.012955584563314915 -1.014693260192871
1681767228.256994 188.84629821777344 0.010342326946556568 -0.018173638731241226 -1.0037870407104492
1681767228.2699568 188.89891052246094 0.009994501248002052 -0.01104692742228508 -0.9983856678009033
1681767228.284953 188.9098358154297 0.007533896714448929 -0.004286241717636585 -1.0080289840698242
1681767228.2979295 188.91966247558594 0.007808082737028599 -0.010505428537726402 -1.0046179294586182
1681767228.310993 188.92758178710938 0.006213586311787367 -0.007076806854456663 -1.0105831623077393
1681767228.311048 188.93359375 0.007792993448674679 -0.015108665451407433 -1.0016590356826782
1681767228.3240378 188.9443359375 0.006836884655058384 -0.009723154827952385 -1.0167558193206787
1681767228.3519862 188.954345703125 0.008804298005998135 -0.019288228824734688 -1.0097708702087402
1681767228.3520534 188.96017456054688 0.009030151180922985 -0.011490695178508759 -1.0209227800369263
1681767228.3649487 188.9700927734375 0.009024316444993019 -0.020929960533976555 -1.0116252899169922
1681767228.382035 189.0126953125 0.009607216343283653 -0.014335645362734795 -1.0183535814285278
1681767228.3939297 189.02061462402344 0.010416996665298939 -0.01932467520236969 -1.011744499206543
1681767228.4089456 189.0314483642578 0.01031033881008625 -0.013077661395072937 -1.016578197479248
1681767228.4089882 189.03736877441406 0.012561997398734093 -0.016542768105864525 -1.0104272365570068
1681767228.448944 189.0590362548828 0.014863826334476471 -0.018433351069688797 -1.0025289058685303
1681767228.4490047 189.0630340576172 0.013493196107447147 -0.014445461332798004 -1.0058510303497314
1681767228.4629548 189.07577514648438 0.013502354733645916 -0.016117502003908157 -1.0042272806167603
1681767228.4750109 189.08570861816406 0.011125430464744568 -0.01016590278595686 -1.0138461589813232
1681767228.490044 189.09762573242188 0.012143357656896114 -0.01724299043416977 -1.0099420547485352
1681767228.5041554 189.1016387939453 0.010179582983255386 -0.012168768793344498 -1.0165178775787354
1681767228.5179303 189.1105499267578 0.011882784776389599 -0.015273157507181168 -1.0140397548675537
1681767228.531952 189.15916442871094 0.012687619775533676 -0.004040444735437632 -1.0082683563232422
1681767228.5320244 189.1650848388672 0.0153189180418849 -0.010255401954054832 -0.9987504482269287
1681767228.5450413 189.17491149902344 0.013615523464977741 -0.0005925223231315613 -1.0045565366744995
1681767228.5570436 189.18482971191406 0.014808198437094688 -0.005906790494918823 -0.9957492351531982
1681767228.572008 189.19566345214844 0.013718651607632637 -0.00010560790542513132 -1.0008879899978638
1681767228.5979245 189.2115020751953 0.01030751969665289 -0.0011789897689595819 -1.0081855058670044
1681767228.6121967 189.22142028808594 0.011622341349720955 -0.008685596287250519 -1.0080101490020752
1681767228.6260014 189.2342529296875 0.01269269548356533 -0.01132621057331562 -1.0129690170288086
1681767228.6379943 189.24609375 0.009192961268126965 -0.009668558835983276 -1.0211564302444458
1681767228.653994 189.25210571289062 0.01205317210406065 -0.017054084688425064 -1.0148578882217407
1681767228.6669784 189.26211547851562 0.008443638682365417 -0.012239513918757439 -1.0199655294418335
1681767228.6790254 189.30963134765625 0.008515479043126106 -0.012873194180428982 -1.006796956062317
1681767228.6919918 189.32156372070312 0.013335618190467358 -0.01200099941343069 -0.9993922114372253
1681767228.7069898 189.33148193359375 0.010269330814480782 -0.00714166508987546 -1.0048531293869019
1681767228.7070503 189.33740234375 0.012840424664318562 -0.006379059515893459 -1.0020873546600342
1681767228.7190237 189.34722900390625 0.006795642431825399 -0.005374349188059568 -1.0074387788772583
1681767228.7479389 189.358154296875 0.007920450530946255 -0.009147858247160912 -1.0085529088974
1681767228.7480078 189.3639678955078 0.005325230769813061 -0.006184874102473259 -1.0111945867538452
1681767228.75897 189.37399291992188 0.007900722324848175 -0.008603435941040516 -1.0101318359375
1681767228.7730665 189.3858184814453 0.006656458135694265 -0.007960176095366478 -1.0104836225509644
1681767228.787058 189.39474487304688 0.00356900948099792 -0.012089663185179234 -1.0147275924682617
1681767228.8150172 189.40858459472656 0.0063036782667040825 -0.014223862439393997 -1.016985297203064
1681767228.8280869 189.4552764892578 0.006941348779946566 -0.010192233137786388 -1.008500576019287
1681767228.8410795 189.46519470214844 0.001953817205503583 -0.008653448894619942 -1.0097885131835938
1681767228.8550477 189.47412109375 0.007581701036542654 -0.005855552386492491 -1.0037168264389038
1681767228.8551419 189.48013305664062 0.0017760887276381254 -0.006847267039120197 -1.0060337781906128
1681767228.8681529 189.48995971679688 0.005383945535868406 -0.001736730569973588 -0.9998664855957031
1681767228.880006 189.50196838378906 0.0013460763730108738 0.002401623409241438 -1.0050115585327148
1681767228.8960478 189.50588989257812 0.003352439496666193 0.0008152915979735553 -0.9990935325622559
1681767228.908972 189.51681518554688 -0.0012642035726457834 0.002202029572799802 -1.0048617124557495
1681767228.9209952 189.5287322998047 0.00023264321498572826 -0.0011591871734708548 -0.9989496469497681
1681767228.935081 189.5367431640625 -0.002401172649115324 0.0023514938075095415 -1.0113569498062134
1681767228.9490325 189.54656982421875 -0.0016082051442936063 -0.006093164905905724 -1.0046412944793701
1681767228.9490921 189.5505828857422 -0.001688578282482922 -0.0030890265479683876 -1.0139636993408203
1681767228.9650133 189.5554962158203 -0.0013885529479011893 -0.0035398718900978565 -1.0150400400161743
1681767228.9951143 189.61203002929688 0.0026271850802004337 -0.020494865253567696 -1.0147285461425781
1681767229.0079706 189.6200408935547 0.00484047643840313 -0.022651081904768944 -1.0138237476348877
1681767229.0220644 189.6299591064453 0.003511316142976284 -0.020669404417276382 -1.015027642250061
1681767229.0350373 189.6407928466797 0.005863272584974766 -0.01714758388698101 -1.016005516052246
1681767229.0351386 189.64671325683594 0.005395698361098766 -0.015282255597412586 -1.0125303268432617
1681767229.0620487 189.65872192382812 0.004874425940215588 -0.01399474497884512 -1.0140750408172607
1681767229.0780478 189.66864013671875 0.004422686994075775 -0.01725304313004017 -1.0048378705978394
1681767229.0781088 189.71115112304688 0.004870222415775061 -0.013680091127753258 -1.0068222284317017
1681767229.0910342 189.72207641601562 0.005358056165277958 -0.01613476872444153 -1.006639003753662
1681767229.1040032 189.73391723632812 0.006022676359862089 -0.008263969793915749 -1.018478274345398
1681767229.1181736 189.74392700195312 0.006682477425783873 -0.016524452716112137 -1.0059516429901123
1681767229.1183116 189.74984741210938 0.008478541858494282 -0.009333865717053413 -1.013761281967163
1681767229.1590014 189.7686767578125 0.010441279970109463 -0.006004891823977232 -1.0158919095993042
1681767229.1590548 189.77459716796875 0.008688581176102161 -0.0063376231119036674 -1.0158727169036865
1681767229.172044 189.78652954101562 0.011324677616357803 -0.0045136939734220505 -1.0105186700820923
1681767229.1851368 189.79736328125 0.01071352232247591 -0.011539800092577934 -0.999839723110199
1681767229.2121708 189.81329345703125 0.011145290918648243 -0.007954830303788185 -0.9985014200210571
1681767229.224039 189.8212127685547 0.014526881277561188 -0.005952616222202778 -0.9969767332077026
1681767229.2350368 189.86244201660156 0.011443201452493668 -0.01043197512626648 -1.0166939496994019
1681767229.2489908 189.87054443359375 0.00957425870001316 -0.021861713379621506 -1.003673791885376
1681767229.2490447 189.87454223632812 0.009970509447157383 -0.02062899060547352 -1.0078160762786865
1681767229.2630513 189.88546752929688 0.007631341926753521 -0.021150339394807816 -1.0140793323516846
1681767229.2760184 189.8953094482422 0.010005135089159012 -0.019486762583255768 -1.0166279077529907
1681767229.2889922 189.9052276611328 0.010366220027208328 -0.023938488215208054 -1.0133068561553955
1681767229.317974 189.9220733642578 0.011205753311514854 -0.02263469621539116 -1.0109492540359497
1681767229.3299978 189.93389892578125 0.01258885208517313 -0.015981966629624367 -1.0129185914993286
1681767229.3480103 189.94390869140625 0.01490795984864235 -0.022287189960479736 -1.0011948347091675
1681767229.3480668 189.9478302001953 0.014246189035475254 -0.018440792337059975 -1.0041078329086304
1681767229.3599906 189.9905242919922 0.007327259052544832 -0.007019439246505499 -1.0120117664337158
1681767229.3729854 189.9993438720703 0.009461107663810253 -0.013394830748438835 -1.0023086071014404
1681767229.3879538 190.00918579101562 0.007240539416670799 -0.0064257485792040825 -1.0121524333953857
1681767229.4009795 190.0151824951172 0.010014169849455357 -0.013566439971327782 -1.0040686130523682
1681767229.4138985 190.02520751953125 0.0065808771178126335 -0.005959218833595514 -1.0152968168258667
1681767229.4289477 190.0350341796875 0.010043742135167122 -0.01430932991206646 -1.0062055587768555
1681767229.428986 190.0400390625 0.007869274355471134 -0.010222034528851509 -1.0136864185333252
1681767229.4409328 190.04995727539062 0.012937645427882671 -0.015470829792320728 -1.0054267644882202
1681767229.4539077 190.05978393554688 0.007977629080414772 -0.009927361272275448 -1.014797568321228
1681767229.4700217 190.0637969970703 0.00943417102098465 -0.012351175770163536 -1.0094259977340698
1681767229.4820795 190.0738067626953 0.010012377053499222 -0.013022758066654205 -1.009195327758789
1681767229.4961095 190.1214141845703 0.012555215507745743 -0.014101235195994377 -0.9988786578178406
1681767229.5090725 190.13124084472656 0.008152331225574017 -0.00698432931676507 -1.0065829753875732
1681767229.5221374 190.14117431640625 0.01076438743621111 -0.01498422771692276 -0.9956896901130676
1681767229.5350778 190.1529998779297 0.011404624208807945 -0.011292035691440105 -0.9992173314094543
1681767229.5351734 190.15701293945312 0.01186805684119463 -0.016597814857959747 -0.9958122372627258
1681767229.5631578 190.1678466796875 0.007972774095833302 -0.01292463205754757 -1.0058045387268066
1681767229.5759938 190.1797637939453 0.006801662500947714 -0.018594803288578987 -1.0055644512176514
1681767229.5760567 190.18568420410156 0.007404122967272997 -0.016163630411028862 -1.0075414180755615
1681767229.589056 190.193603515625 0.008312012068927288 -0.024546541273593903 -1.0048513412475586
1681767229.6030881 190.20252990722656 0.0057257357984781265 -0.01916222833096981 -1.0140674114227295
1681767229.616047 190.21435546875 0.004300074186176062 -0.025440232828259468 -1.013205885887146
1681767229.6300628 190.22027587890625 0.006170797161757946 -0.022923782467842102 -1.0180318355560303
1681767229.6442978 190.272705078125 0.00012671064177993685 -0.025478467345237732 -1.0246108770370483
1681767229.6570988 190.28062438964844 0.0009359943796880543 -0.03244803845882416 -1.0152560472488403
1681767229.6571908 190.28744506835938 -0.0005347364349290729 -0.023885460570454597 -1.0234463214874268
1681767229.6699727 190.29737854003906 0.0012743074912577868 -0.03134213015437126 -1.0133206844329834
1681767229.683045 190.3072967529297 -0.0009928394574671984 -0.023441994562745094 -1.018224835395813
1681767229.7110786 190.32113647460938 -0.00045725569361820817 -0.024039514362812042 -1.012390375137329
1681767229.7240386 190.33197021484375 0.0022250167094171047 -0.026559002697467804 -1.0007250308990479
1681767229.7360492 190.34188842773438 -0.00041185354348272085 -0.02112394943833351 -1.0070875883102417
1681767229.7500455 190.35189819335938 0.0011470229364931583 -0.027512233704328537 -0.9986004829406738
1681767229.7500966 190.35781860351562 -0.00012358333333395422 -0.020375819876790047 -1.0078341960906982
1681767229.7919881 190.37857055664062 -0.0014563464792445302 -0.017036456614732742 -1.0148859024047852
1681767229.8060331 190.42526245117188 -0.00021925719920545816 -0.01989293098449707 -1.0048291683197021
1681767229.8178813 190.4351043701172 -0.000912475457880646 -0.014126644469797611 -1.0096570253372192
1681767229.8319573 190.44601440429688 0.0028774135280400515 -0.01620786264538765 -1.005348801612854
1681767229.8320053 190.44993591308594 0.0022278493270277977 -0.013269910588860512 -1.0094611644744873
1681767229.8451138 190.4618682861328 0.0049305991269648075 -0.02021697163581848 -0.9969330430030823
1681767229.8730192 190.4757843017578 0.003591769840568304 -0.02187972702085972 -1.0004258155822754
1681767229.889054 190.48370361328125 0.005160721484571695 -0.01681334897875786 -1.0065484046936035
1681767229.902055 190.53121948242188 0.0003513567498885095 -0.02468542382121086 -1.0113474130630493
1681767229.9159582 190.54296875 0.0031530216801911592 -0.014936739578843117 -1.0201117992401123
1681767229.916019 190.54696655273438 0.001306664664298296 -0.019885968416929245 -1.012778878211975
1681767229.9290247 190.55880737304688 0.005278564058244228 -0.014965664595365524 -1.0135852098464966
1681767229.9420183 190.56771850585938 0.0045895446091890335 -0.02084340713918209 -1.0054819583892822
1681767229.9570441 190.57164001464844 0.007109280209988356 -0.019031016156077385 -1.0021992921829224
1681767229.968954 190.5835723876953 0.008636114187538624 -0.012155624106526375 -1.0098005533218384
1681767229.9829957 190.59149169921875 0.010226120240986347 -0.015377174131572247 -0.9995062947273254
1681767229.995982 190.60340881347656 0.0058479830622673035 -0.013897881843149662 -1.003414511680603
1681767230.0090034 190.61233520507812 0.00731663778424263 -0.012813504785299301 -1.0005652904510498
1681767230.009091 190.6182403564453 0.007081338670104742 -0.00917145237326622 -1.0111525058746338
1681767230.0379941 190.6301727294922 0.007105168420821428 -0.01312599889934063 -1.004806637763977
1681767230.0380442 190.63600158691406 0.006805353332310915 -0.009842629544436932 -1.0154149532318115
1681767230.0500598 190.68060302734375 0.004322808701545 -0.017149925231933594 -1.005977749824524
1681767230.062935 190.68951416015625 0.008692624047398567 -0.009625984355807304 -1.0107393264770508
1681767230.076983 190.69944763183594 0.005283615551888943 -0.013483906164765358 -1.005176305770874
1681767230.0900948 190.70736694335938 0.009551139548420906 -0.007893817499279976 -1.0082745552062988
1681767230.09015 190.71328735351562 0.007038367446511984 -0.0059349206276237965 -1.0131295919418335
1681767230.1309743 190.73220825195312 0.006850770674645901 -0.004211581777781248 -1.0116784572601318
1681767230.1310437 190.73812866210938 0.005609912797808647 -0.011094141751527786 -1.003605604171753
1681767230.1439645 190.74795532226562 0.0076270196586847305 -0.002741936594247818 -1.011888861656189
1681767230.156981 190.7579803466797 0.0061288801953196526 -0.010557500645518303 -1.0011650323867798
1681767230.1709685 190.76780700683594 0.006777223199605942 -0.0027106960769742727 -1.0131815671920776
1681767230.188048 190.81932067871094 0.010051802732050419 -0.011807430535554886 -1.0079313516616821
1681767230.2179706 190.82723999023438 0.008332690224051476 -0.01591579057276249 -1.00612211227417
1681767230.218035 190.8312530517578 0.008836793713271618 -0.02219291590154171 -0.9977784752845764
1681767230.2309499 190.84117126464844 0.010282070375978947 -0.01453764270991087 -1.0149805545806885
1681767230.2440195 190.8520965576172 0.009893976151943207 -0.02297581359744072 -1.0028209686279297
1681767230.2559342 190.86192321777344 0.009068041108548641 -0.01743924245238304 -1.0134462118148804
1681767230.2710285 190.87185668945312 0.011846011504530907 -0.02001246064901352 -1.005136489868164
1681767230.2849326 190.8778533935547 0.011342841200530529 -0.014968416653573513 -1.0161906480789185
1681767230.2989228 190.88577270507812 0.011415386572480202 -0.023908283561468124 -1.0065137147903442
1681767230.3120687 190.9373016357422 0.010386323556303978 -0.020893193781375885 -1.0123757123947144
1681767230.3259254 190.94912719726562 0.011767042800784111 -0.016232259571552277 -1.0163675546646118
1681767230.3379543 190.95913696289062 0.012151197530329227 -0.02239830233156681 -1.0058234930038452
1681767230.3519459 190.96888732910156 0.011020916514098644 -0.013446539640426636 -1.015738606452942
1681767230.3519707 190.97389221191406 0.012249509803950787 -0.01733422465622425 -1.0100407600402832
1681767230.36689 190.97779846191406 0.012882946990430355 -0.0200894083827734 -1.004804015159607
1681767230.3799434 190.9838104248047 0.010771961882710457 -0.014139370992779732 -1.010119915008545
1681767230.37997 190.98963928222656 0.01228603720664978 -0.0130807189270854 -1.0108140707015991
1681767230.3928847 190.99964904785156 0.013399525545537472 -0.014557981863617897 -1.006065845489502
1681767230.4059505 191.0094757080078 0.014049356803297997 -0.014101235195994377 -1.0038994550704956
1681767230.4178681 191.0203094482422 0.012299468740820885 -0.010329595766961575 -1.0101673603057861
1681767230.436894 191.0629119873047 0.012084346264600754 -0.014225003309547901 -1.004008173942566
1681767230.4369183 191.06692504882812 0.012398585677146912 -0.015906808897852898 -1.0032719373703003
1681767230.449976 191.07484436035156 0.007520486135035753 -0.01073911041021347 -1.0069013833999634
1681767230.4800618 191.08676147460938 0.00883920956403017 -0.015586256049573421 -1.0017632246017456
1681767230.480181 191.0907745361328 0.007061283104121685 -0.011695864610373974 -1.0049986839294434
1681767230.4930904 191.09959411621094 0.012270531617105007 -0.011449793353676796 -0.9994561672210693
1681767230.5050433 191.1115264892578 0.0076799094676971436 -0.009233841672539711 -1.00186288356781
1681767230.5190244 191.11944580078125 0.009531011804938316 -0.015849892050027847 -0.9978163838386536
1681767230.5329723 191.1292724609375 0.00733215780928731 -0.012754645198583603 -1.0050296783447266
1681767230.5460715 191.13336181640625 0.010911716148257256 -0.01738601177930832 -1.0033496618270874
1681767230.5590854 191.1848907470703 0.004553279373794794 -0.025443989783525467 -1.0134860277175903
1681767230.573035 191.19471740722656 0.0011048560263589025 -0.023501161485910416 -1.0202322006225586
1681767230.5860076 191.20664978027344 0.0030436834786087275 -0.02469680830836296 -1.016628623008728
1681767230.586082 191.212646484375 -0.0019960636273026466 -0.021595166996121407 -1.0198243856430054
1681767230.599022 191.22348022460938 -0.0011888912413269281 -0.023953929543495178 -1.0093127489089966
1681767230.627415 191.23741149902344 -0.001135287806391716 -0.018696358427405357 -1.0061557292938232
1681767230.638116 191.2493438720703 -0.004654099699109793 -0.015525360591709614 -1.012101650238037
1681767230.6490245 191.2582550048828 -0.0016162324463948607 -0.019652346149086952 -1.0048999786376953
1681767230.6641095 191.26626586914062 -0.004531622864305973 -0.014187470078468323 -1.013683557510376
1681767230.6642044 191.27037048339844 -0.0025777919217944145 -0.014696226455271244 -1.0098459720611572
1681767230.6791096 191.27847290039062 -0.0018629570258781314 -0.017486102879047394 -1.0101897716522217
1681767230.6920846 191.32151794433594 -0.006650513503700495 -0.01101367361843586 -1.0163609981536865
1681767230.706051 191.33135986328125 -0.006196539383381605 -0.015814976766705513 -1.0106734037399292
1681767230.720092 191.33535766601562 -0.007195502519607544 -0.010700393468141556 -1.016455888748169
1681767230.7330408 191.34619140625 -0.006141889374703169 -0.013815411366522312 -1.0074204206466675
1681767230.7461345 191.35610961914062 -0.007292657159268856 -0.0070358081720769405 -1.013552188873291
1681767230.7590969 191.3719482421875 -0.007363165263086557 -0.006214285269379616 -1.01112961769104
1681767230.7730694 191.38287353515625 -0.005195192527025938 -0.011445729993283749 -1.0037554502487183
1681767230.787007 191.3867950439453 -0.00592826260253787 -0.007835734635591507 -1.0086634159088135
1681767230.8000882 191.39671325683594 -0.007068014703691006 -0.009941155090928078 -1.005951166152954
1681767230.8141155 191.43731689453125 -0.00596936559304595 -0.021898386999964714 -1.001355528831482
1681767230.8142295 191.4434051513672 -0.0037497926969081163 -0.017669331282377243 -1.0084306001663208
1681767230.8280897 191.4552459716797 -0.004852060694247484 -0.022742364555597305 -1.0026917457580566
1681767230.8410473 191.4640655517578 -0.0015085313934832811 -0.015492941252887249 -1.0134836435317993
1681767230.8560402 191.4759979248047 -0.0011028260923922062 -0.022026199847459793 -1.0025053024291992
1681767230.856108 191.4799041748047 0.00046599196502938867 -0.018069354817271233 -1.0092966556549072
1681767230.868106 191.4859161376953 -0.0003021882730536163 -0.01657305285334587 -1.015889048576355
1681767230.8821473 191.48983764648438 -0.0025227288715541363 -0.023375002667307854 -1.0081079006195068
1681767230.897124 191.4978485107422 0.0008258817251771688 -0.017898226156830788 -1.0101242065429688
1681767230.8971891 191.5027618408203 -4.1961902752518654e-07 -0.015036209486424923 -1.016452670097351
1681767230.909114 191.51268005371094 -0.0022026607766747475 -0.02294940873980522 -1.0030590295791626
1681767230.922104 191.52069091796875 -0.0001471897412557155 -0.01552005298435688 -1.0170048475265503
1681767230.9390497 191.5673828125 -0.005763042718172073 -0.025288617238402367 -1.0067983865737915
1681767230.9550824 191.5772247314453 -0.0012703726533800364 -0.01974676363170147 -1.0185794830322266
1681767230.955151 191.58213806152344 -0.005334114655852318 -0.02319861389696598 -1.014135479927063
1681767230.9820771 191.59005737304688 -0.003956648521125317 -0.022450335323810577 -1.008424997329712
1681767230.9951668 191.60589599609375 -0.0032998998649418354 -0.02199395000934601 -1.0078164339065552
1681767231.0091524 191.6177215576172 0.0014255965361371636 -0.016909554600715637 -1.0119342803955078
1681767231.0221195 191.62664794921875 -0.00016466510714963078 -0.0178076084703207 -1.0042674541473389
1681767231.0350354 191.63848876953125 0.0038329223170876503 -0.013851837255060673 -1.0073248147964478
1681767231.0490477 191.64248657226562 0.001839418662711978 -0.0151008740067482 -1.0038750171661377
1681767231.0630863 191.69100952148438 0.00607236847281456 -0.010839691385626793 -1.0098198652267456
1681767231.0751562 191.700927734375 -3.648869460448623e-05 -0.015216377563774586 -1.0120755434036255
1681767231.0890691 191.71185302734375 0.0035087191499769688 -0.01341665256768465 -1.0103052854537964
1681767231.089179 191.71768188476562 0.001968681113794446 -0.014751707203686237 -1.013136386871338
1681767231.1030076 191.72760009765625 0.0035469557624310255 -0.014854357577860355 -1.0094962120056152
1681767231.1301177 191.74435424804688 0.003182661021128297 -0.01782538928091526 -1.006925106048584
1681767231.1430924 191.75608825683594 0.00661309901624918 -0.015685848891735077 -1.009793758392334
1681767231.155075 191.76400756835938 0.006874995306134224 -0.016915129497647285 -1.0026708841323853
1681767231.169014 191.77392578125 0.007904312573373318 -0.0147684495896101 -1.0053564310073853
1681767231.1840925 191.78485107421875 0.006282808259129524 -0.017342671751976013 -0.9997210502624512
1681767231.2112787 191.80068969726562 0.004434636328369379 -0.01708812266588211 -1.0030992031097412
1681767231.2240922 191.855224609375 0.0025839339941740036 -0.018981486558914185 -1.0179651975631714
1681767231.2361407 191.86314392089844 0.005000571720302105 -0.019476091489195824 -1.0103226900100708
1681767231.249091 191.8759765625 0.002500725444406271 -0.01945166103541851 -1.0118545293807983
1681767231.2641 191.88389587402344 0.006882506422698498 -0.017063017934560776 -1.0081185102462769
1681767231.2641642 191.8898162841797 0.006855009589344263 -0.01644112728536129 -1.0115387439727783
1681767231.2900836 191.90164184570312 0.006609117612242699 -0.018119093030691147 -1.003210425376892
1681767231.304068 191.9124755859375 0.007879864424467087 -0.0165048036724329 -1.0082929134368896
1681767231.3200643 191.92431640625 0.011691045016050339 -0.014730784110724926 -1.0052720308303833
1681767231.3201342 191.9302215576172 0.008805090561509132 -0.016381490975618362 -1.0074853897094727
1681767231.3610802 191.9569854736328 0.008347240276634693 -0.017040500417351723 -1.0044864416122437
1681767231.3741376 192.00360107421875 0.012713723815977573 -0.007843290455639362 -1.009082555770874
1681767231.387112 192.0115203857422 0.008158986456692219 -0.011033762246370316 -1.006117582321167
1681767231.4000623 192.02334594726562 0.013438176363706589 -0.005758370738476515 -1.008264422416687
1681767231.4001381 192.02825927734375 0.011122342199087143 -0.006353354547172785 -1.010663628578186
1681767231.413093 192.03817749023438 0.013269166462123394 -0.008926600217819214 -1.0054676532745361
1681767231.4271665 192.04409790039062 0.012219483032822609 -0.00594771234318614 -1.012502908706665
1681767231.4410884 192.04811096191406 0.008151760324835777 -0.010291187092661858 -1.0100622177124023
1681767231.4411488 192.05210876464844 0.008204019628465176 -0.012124012224376202 -1.0050561428070068
1681767231.4541986 192.06394958496094 0.010889456607401371 -0.0076781101524829865 -1.0126904249191284
1681767231.4680367 192.07286071777344 0.008955949917435646 -0.015116916969418526 -1.0051465034484863
1681767231.4801106 192.08279418945312 0.010217028670012951 -0.011087691411376 -1.013898253440857
1681767231.494198 192.09071350097656 0.008895359002053738 -0.018461057916283607 -1.0040581226348877
1681767231.5080657 192.09661865234375 0.013178745284676552 -0.01518019288778305 -1.0072810649871826
1681767231.5210571 192.1471405029297 0.014454176649451256 -0.023390278220176697 -1.0001980066299438
1681767231.5341048 192.15806579589844 0.014522487297654152 -0.014809119515120983 -1.0111427307128906
1681767231.5490198 192.16798400878906 0.013081428594887257 -0.019510993734002113 -1.0009139776229858
1681767231.5491226 192.17208862304688 0.013409148901700974 -0.014922251924872398 -1.0059764385223389
1681767231.5611918 192.1839141845703 0.010878730565309525 -0.018749721348285675 -1.002089023590088
1681767231.5740964 192.1947479248047 0.009712344035506248 -0.01150914840400219 -1.0139039754867554
1681767231.5901127 192.19876098632812 0.008162659592926502 -0.01628190651535988 -1.0079195499420166
1681767231.6020977 192.20867919921875 0.010002043098211288 -0.014085466973483562 -1.011954665184021
1681767231.6150904 192.21859741210938 0.007726323790848255 -0.019050531089305878 -1.006024956703186
1681767231.630176 192.22853088378906 0.008266841992735863 -0.01399582251906395 -1.0164799690246582
1681767231.6302798 192.2334442138672 0.007329012267291546 -0.016671011224389076 -1.013974666595459
1681767231.641127 192.2433624267578 0.008465268649160862 -0.019026560708880424 -1.0112943649291992
1681767231.671095 192.25537109375 0.010344292037189007 -0.022311268374323845 -1.0075706243515015
1681767231.6711624 192.29989624023438 0.010210735723376274 -0.009923502802848816 -1.0143349170684814
1681767231.6821327 192.3079071044922 0.011650361120700836 -0.0106212068349123 -1.0077444314956665
1681767231.6963289 192.3187255859375 0.008515468798577785 -0.006263709627091885 -1.0104634761810303
1681767231.7090256 192.3285675048828 0.011012249626219273 -0.01107857283204794 -0.9987254738807678
1681767231.7219727 192.3385772705078 0.007955394685268402 -0.0031438046135008335 -1.0074642896652222
1681767231.7220392 192.3424835205078 0.00962899997830391 -0.006325061433017254 -1.0023612976074219
1681767231.737025 192.34840393066406 0.008666059002280235 -0.009970685467123985 -1.0018740892410278
1681767231.7510421 192.35340881347656 0.006842752918601036 -0.00406813807785511 -1.0081379413604736
1681767231.7630866 192.3711700439453 0.004568133503198624 -0.006482163444161415 -1.0119682550430298
1681767231.7760115 192.38308715820312 0.005724349059164524 -0.016184993088245392 -1.0057343244552612
1681767231.7889595 192.3939208984375 0.005094245076179504 -0.011126391589641571 -1.012779712677002
1681767231.8039799 192.39984130859375 0.0065479339100420475 -0.017850788310170174 -1.0079833269119263
1681767231.8190746 192.40975952148438 0.005341778509318829 -0.011130303144454956 -1.0133904218673706
1681767231.8321025 192.45436096191406 0.009689966216683388 -0.01711142621934414 -1.0056411027908325
1681767231.8322315 192.4602813720703 0.011089703068137169 -0.011380498297512531 -1.0097485780715942
1681767231.8441582 192.47019958496094 0.008858485147356987 -0.018551131710410118 -1.0098590850830078
1681767231.8581133 192.4791259765625 0.00786375068128109 -0.014398623257875443 -1.0134782791137695
1681767231.871043 192.4910430908203 0.0018450366333127022 -0.018366822972893715 -1.0144966840744019
1681767231.8851733 192.49896240234375 0.00555416801944375 -0.016880765557289124 -1.0136770009994507
1681767231.8991375 192.50497436523438 0.002097825054079294 -0.020363235846161842 -1.0188592672348022
1681767231.9120638 192.51580810546875 0.003932458348572254 -0.01878783106803894 -1.0181330442428589
1681767231.925053 192.5276336669922 -0.0016045551747083664 -0.01919032633304596 -1.0202432870864868
1681767231.9251149 192.53355407714844 0.003217244055122137 -0.01934961788356304 -1.0163006782531738
1681767231.9381227 192.54539489746094 -0.0003173984005115926 -0.017594072967767715 -1.0154365301132202
1681767231.9661374 192.55331420898438 0.002828856697306037 -0.02036159858107567 -1.0071325302124023
1681767231.966234 192.5602264404297 0.0013850361574441195 -0.01730499602854252 -1.0115716457366943
1681767231.9791162 192.60482788085938 0.0020599365234375 -0.013868807815015316 -1.0035122632980347
1681767231.9921114 192.61476135253906 0.0005599221331067383 -0.008057979866862297 -1.0088375806808472
1681767232.0064962 192.62477111816406 -0.001060561160556972 -0.010810177773237228 -1.0086089372634888
1681767232.0065546 192.6306915283203 -0.0015540195163339376 -0.0059818001464009285 -1.013005256652832
1681767232.0190284 192.6396026611328 -0.001030450570397079 -0.010218880139291286 -1.00742769241333
1681767232.0320678 192.6493377685547 -0.004336526617407799 -0.0053910561837255955 -1.0128532648086548
1681767232.0461624 192.65525817871094 -0.0031075887382030487 -0.010490590706467628 -1.0052129030227661
1681767232.0601127 192.6672821044922 -0.004514891188591719 -0.008127190172672272 -1.0140222311019897
1681767232.073025 192.67811584472656 -0.01685984805226326 -0.013681636191904545 -1.011932373046875
1681767232.0855753 192.68994140625 -0.024083539843559265 -0.01724250614643097 -0.994805097579956
1681767232.1000829 192.7017822265625 -0.02835896983742714 -0.01626661606132984 -1.0024371147155762
1681767232.11318 192.7056884765625 -0.03209303691983223 -0.019488433375954628 -0.9974310994148254
1681767232.1273224 192.71560668945312 -0.041563980281353 -0.01988571509718895 -1.001212239265442
1681767232.1400821 192.7708740234375 -0.06228114292025566 -0.020287521183490753 -1.0097925662994385
1681767232.1530826 192.78269958496094 -0.06035973131656647 -0.02229682169854641 -1.003554344177246
1681767232.1651392 192.79261779785156 -0.0588032528758049 -0.018374625593423843 -1.0121129751205444
1681767232.1801178 192.80345153808594 -0.05979643389582634 -0.018866021186113358 -1.0164587497711182
1681767232.1942487 192.8093719482422 -0.06053758040070534 -0.017693599686026573 -1.0129226446151733
1681767232.2061064 192.81919860839844 -0.05985176935791969 -0.01900705322623253 -1.0100895166397095
1681767232.2200742 192.83103942871094 -0.05402778461575508 -0.016480715945363045 -1.011618971824646
1681767232.2201235 192.8350372314453 -0.05278763175010681 -0.017215756699442863 -1.0129673480987549
1681767232.2340522 192.8458709716797 -0.05342453345656395 -0.016894489526748657 -1.0144588947296143
1681767232.2612536 192.8577117919922 -0.05555490404367447 -0.01705745980143547 -1.0160642862319946
1681767232.2613719 192.86380004882812 -0.05463863164186478 -0.015805965289473534 -1.015043020248413
1681767232.2741125 192.87564086914062 -0.05683520808815956 -0.016876492649316788 -1.0116127729415894
1681767232.2870817 192.886474609375 -0.05774656683206558 -0.014655551873147488 -1.0159903764724731
1681767232.303089 192.9290771484375 -0.06458482891321182 -0.01668878085911274 -1.0033297538757324
1681767232.316145 192.94500732421875 -0.06790275126695633 -0.0174417607486248 -1.0012013912200928
1681767232.346147 192.9617462158203 -0.06328776478767395 -0.017275653779506683 -1.006583333015442
1681767232.3591053 192.9716796875 -0.062275197356939316 -0.01484172698110342 -1.0068612098693848
1681767232.3710783 192.98150634765625 -0.06177788972854614 -0.017534291371703148 -1.003301978111267
1681767232.3840435 192.99142456054688 -0.05979122593998909 -0.01744925044476986 -1.005142092704773
1681767232.3991013 193.00225830078125 -0.05632143095135689 -0.017288606613874435 -1.006325602531433
1681767232.4250395 193.01809692382812 -0.05245942622423172 -0.01801949180662632 -1.0094096660614014
1681767232.4401028 193.0626983642578 -0.050652261823415756 -0.015635164454579353 -1.0079126358032227
1681767232.4402027 193.06871032714844 -0.049318645149469376 -0.014446604996919632 -1.008896827697754
1681767232.4520013 193.0785369873047 -0.049562763422727585 -0.014434549026191235 -1.010953664779663
1681767232.465112 193.08746337890625 -0.05020493268966675 -0.013883735053241253 -1.0113345384597778
1681767232.4792461 193.0992889404297 -0.04999631270766258 -0.012934328056871891 -1.0096629858016968
1681767232.4793487 193.10330200195312 -0.04994560405611992 -0.014026163145899773 -1.0092970132827759
1681767232.5061932 193.11331176757812 -0.049765560775995255 -0.015017809346318245 -1.007773995399475
1681767232.520049 193.1241455078125 -0.04612374305725098 -0.014153357595205307 -1.0072158575057983
1681767232.5201035 193.13006591796875 -0.04405083507299423 -0.014332463033497334 -1.0087451934814453
1681767232.5320807 193.1417999267578 -0.04109828919172287 -0.015454575419425964 -1.0073003768920898
1681767232.5450883 193.1517333984375 -0.03811391070485115 -0.015700265765190125 -1.0088235139846802
1681767232.5731359 193.16656494140625 -0.0327107273042202 -0.014646997675299644 -1.0091813802719116
1681767232.5870821 193.2170867919922 -0.0203784741461277 -0.012329992838203907 -1.0088541507720947
1681767232.5999777 193.22900390625 -0.018036916851997375 -0.012891339138150215 -1.0075987577438354
1681767232.6122012 193.24075317382812 -0.01506473496556282 -0.012997779063880444 -1.0072094202041626
1681767232.6260943 193.2515869140625 -0.012925474904477596 -0.011875218711793423 -1.0084238052368164
1681767232.6262167 193.25558471679688 -0.012334980070590973 -0.01233576238155365 -1.008781909942627
1681767232.6410415 193.26150512695312 -0.011786255054175854 -0.013132824562489986 -1.0073738098144531
1681767232.6530452 193.2654266357422 -0.011364065110683441 -0.012600721791386604 -1.0073018074035645
1681767232.6670048 193.2753448486328 -0.00906961876899004 -0.012400009669363499 -1.0092289447784424
1681767232.6670463 193.28126525878906 -0.00833986047655344 -0.012403920292854309 -1.0090856552124023
1681767232.6800075 193.29209899902344 -0.006001609843224287 -0.012630530633032322 -1.0100016593933105
1681767232.6930618 193.30392456054688 -0.004604714922606945 -0.012091794982552528 -1.0094292163848877
1681767232.7210062 193.3218536376953 -0.0030372098553925753 -0.01219347957521677 -1.008240818977356
1681767232.7329762 193.33078002929688 -0.0021756591740995646 -0.012492346577346325 -1.0073949098587036
1681767232.752011 193.377197265625 0.004916896112263203 -0.014140120707452297 -1.0112569332122803
1681767232.752039 193.38121032714844 0.0053793503902852535 -0.014137079939246178 -1.0098133087158203
1681767232.7649307 193.38912963867188 0.004416809417307377 -0.014188074506819248 -1.006234884262085
1681767232.7770553 193.4009552001953 0.0041903359815478325 -0.014395938254892826 -1.0065556764602661
1681767232.7899835 193.4117889404297 0.0061064534820616245 -0.015239082276821136 -1.0081675052642822
1681767232.806943 193.41571044921875 0.007529081776738167 -0.01481221430003643 -1.0098118782043457
1681767232.8190625 193.42562866210938 0.008210664615035057 -0.013788088224828243 -1.00751793384552
1681767232.8320737 193.43746948242188 0.00830831192433834 -0.013441616669297218 -1.0072195529937744
1681767232.8461545 193.44830322265625 0.009137719869613647 -0.0120110297575593 -1.0064194202423096
1681767232.8462276 193.45420837402344 0.010494153946638107 -0.012716423720121384 -1.006152629852295
1681767232.8731022 193.46595764160156 0.012307053431868553 -0.01242262776941061 -1.007784128189087
1681767232.888097 193.47787475585938 0.012979794293642044 -0.011762851849198341 -1.0084569454193115
1681767232.88815 193.52029418945312 0.01657787151634693 -0.012129015289247036 -1.0090014934539795
1681767232.9021482 193.5277557373047 0.017029523849487305 -0.011627680622041225 -1.0081238746643066
1681767232.9150536 193.53759765625 0.017619110643863678 -0.011599657125771046 -1.009459376335144
1681767232.928071 193.54942321777344 0.018841499462723732 -0.012048560194671154 -1.0110384225845337
1681767232.94411 193.56126403808594 0.02031204104423523 -0.012974455021321774 -1.011517882347107
1681767232.9711003 193.5760955810547 0.020595848560333252 -0.012970097362995148 -1.0109775066375732
1681767232.9840198 193.5879364013672 0.0209224633872509 -0.013225726783275604 -1.0117847919464111
1681767232.984089 193.59393310546875 0.021186936646699905 -0.013743415474891663 -1.0105218887329102
1681767232.9970522 193.60577392578125 0.022428475320339203 -0.013290046714246273 -1.0117566585540771
1681767233.0250936 193.62060546875 0.021826107054948807 -0.013912612572312355 -1.011383295059204
1681767233.0380383 193.6304473876953 0.02208249270915985 -0.01490098051726818 -1.0094661712646484
1681767233.0510387 193.67495727539062 0.02256675995886326 -0.014720956794917583 -1.0093034505844116
1681767233.064036 193.68678283691406 0.023387152701616287 -0.01433246023952961 -1.0094422101974487
1681767233.0640922 193.69178771972656 0.02329106256365776 -0.013507374562323093 -1.0100361108779907
1681767233.0780785 193.7035369873047 0.022239133715629578 -0.014134484343230724 -1.0091146230697632
1681767233.0910652 193.7135467529297 0.020902635529637337 -0.012465417385101318 -1.0070942640304565
1681767233.1051087 193.71937561035156 0.01919075846672058 -0.01237760204821825 -1.0056828260421753
1681767233.118123 193.7292938232422 0.01854512095451355 -0.01232833880931139 -1.0070618391036987
1681767233.132041 193.74012756347656 0.017262643203139305 -0.01157346274703741 -1.0080119371414185
1681767233.1442065 193.7500457763672 0.01587332785129547 -0.01157364808022976 -1.0082800388336182
1681767233.1580393 193.76007080078125 0.013484032824635506 -0.012600216083228588 -1.0069518089294434
1681767233.1581066 193.76597595214844 0.0126045448705554 -0.012782642617821693 -1.007681965827942
1681767233.1860545 193.77499389648438 0.011423925869166851 -0.013025469146668911 -1.0078229904174805
1681767233.1861088 193.78091430664062 0.011058390140533447 -0.013428093865513802 -1.0092887878417969
1681767233.1990807 193.8255157470703 0.007253210060298443 -0.015720313414931297 -1.0102277994155884
1681767233.2121515 193.8375244140625 0.006689195521175861 -0.015513570047914982 -1.0103453397750854
1681767233.2251604 193.8473663330078 0.005490060430020094 -0.015162570402026176 -1.0101110935211182
1681767233.2390697 193.8563690185547 0.005570812616497278 -0.014818056486546993 -1.009391188621521
1681767233.2391248 193.86228942871094 0.005583235062658787 -0.014215203933417797 -1.009090781211853
1681767233.266064 193.8721160888672 0.0059301583096385 -0.013761932961642742 -1.0088789463043213
1681767233.2801414 193.88214111328125 0.0056235636584460735 -0.012960379011929035 -1.0079867839813232
1681767233.280215 193.88804626464844 0.005295559763908386 -0.013355723582208157 -1.00814688205719
1681767233.2931955 193.89697265625 0.005084181670099497 -0.012804198078811169 -1.008374810218811
1681767233.3051004 193.90689086914062 0.005535418633371592 -0.012588917277753353 -1.0083953142166138
1681767233.3221126 193.9188232421875 0.005857663229107857 -0.011698964983224869 -1.008307933807373
1681767233.3361125 193.96551513671875 0.004890406038612127 -0.012885420583188534 -1.0089935064315796
1681767233.3631067 193.9734344482422 0.004325794987380505 -0.013064580038189888 -1.0090477466583252
1681767233.3631623 193.9784393310547 0.003933957777917385 -0.013154777698218822 -1.0091339349746704
1681767233.3771918 193.98826599121094 0.0033918661065399647 -0.013547467067837715 -1.0092653036117554
1681767233.3890724 194.0002899169922 0.003401503199711442 -0.014365958981215954 -1.0085692405700684
1681767233.4020472 194.01011657714844 0.0039444733411073685 -0.014903459697961807 -1.0093932151794434
1681767233.4171135 194.01904296875 0.004238692112267017 -0.014300089329481125 -1.0097018480300903
1681767233.430132 194.02505493164062 0.004062969703227282 -0.014726374298334122 -1.0092113018035889
1681767233.4442663 194.03497314453125 0.004337667021900415 -0.015140744857490063 -1.0087352991104126
1681767233.4570558 194.08758544921875 0.006151111796498299 -0.012670726515352726 -1.0085045099258423
1681767233.469012 194.0955047607422 0.00628560921177268 -0.012910262681543827 -1.0092405080795288
1681767233.4831069 194.10633850097656 0.006076797842979431 -0.012490171007812023 -1.0093528032302856
1681767233.4971054 194.11434936523438 0.0063738394528627396 -0.01236579567193985 -1.0096709728240967
1681767233.4971986 194.120361328125 0.0064590098336339 -0.012499787844717503 -1.0092805624008179
1681767233.522028 194.13027954101562 0.006580250337719917 -0.012615074403584003 -1.009725570678711
1681767233.5350316 194.13919067382812 0.007045881822705269 -0.012735026888549328 -1.0099735260009766
1681767233.5350943 194.1431121826172 0.007046045735478401 -0.01267546508461237 -1.0099809169769287
1681767233.5511289 194.15130615234375 0.006781215779483318 -0.0130635229870677 -1.0097650289535522
1681767233.5641496 194.19244384765625 0.006685913074761629 -0.013246586546301842 -1.0098742246627808
1681767233.5773377 194.2003631591797 0.00606495700776577 -0.01352881919592619 -1.0092711448669434
1681767233.593147 194.21029663085938 0.005650534760206938 -0.01406097412109375 -1.0090926885604858
1681767233.5932484 194.21429443359375 0.005472402088344097 -0.014349442906677723 -1.0091874599456787
1681767233.6061296 194.2232208251953 0.0056006996892392635 -0.014335536397993565 -1.0094776153564453
1681767233.6340175 194.23704528808594 0.00568736856803298 -0.014456733129918575 -1.0092246532440186
1681767233.6471539 194.24697875976562 0.005751004442572594 -0.014143011532723904 -1.0091915130615234
1681767233.665117 194.2915802001953 0.005584153346717358 -0.012931752018630505 -1.008807897567749
1681767233.6791477 194.3004913330078 0.005662343930453062 -0.012675873003900051 -1.008745551109314
1681767233.6792624 194.30450439453125 0.005589718464761972 -0.012907576747238636 -1.0086334943771362
1681767233.6932764 194.3163299560547 0.005221186205744743 -0.01241086795926094 -1.0082927942276
1681767233.7050774 194.3243408203125 0.00508609926328063 -0.012497852556407452 -1.0083833932876587
1681767233.7200754 194.32826232910156 0.005239453632384539 -0.012024132534861565 -1.0082402229309082
1681767233.7341478 194.3381805419922 0.0051789190620183945 -0.011889981105923653 -1.0084037780761719
1681767233.7462096 194.35101318359375 0.005165805574506521 -0.01193385198712349 -1.0082412958145142
1681767233.75913 194.36094665527344 0.00551918288692832 -0.012205708771944046 -1.00869619846344
1681767233.7731237 194.37095642089844 0.005794595927000046 -0.0120152048766613 -1.0085206031799316
1681767233.773194 194.37486267089844 0.005860458593815565 -0.012248905375599861 -1.0085945129394531
1681767233.787019 194.37887573242188 0.005988953169435263 -0.012640745379030704 -1.0087541341781616
1681767233.80108 194.38388061523438 0.0060638124123215675 -0.012390512973070145 -1.0084539651870728
1681767233.8011334 194.43038940429688 0.00616113655269146 -0.013479446060955524 -1.0092263221740723
1681767233.815065 194.4344024658203 0.00598855409771204 -0.013229294680058956 -1.0088841915130615
1681767233.827205 194.4444122314453 0.0063055516220629215 -0.01383945532143116 -1.0089823007583618
1681767233.8420796 194.45423889160156 0.006380682345479727 -0.014064514078199863 -1.009110689163208
1681767233.8550386 194.46908569335938 0.006274672690778971 -0.014584043063223362 -1.0092865228652954
1681767233.8671336 194.47900390625 0.005923455581068993 -0.014281410723924637 -1.0085539817810059
1681767233.8830538 194.48300170898438 0.005989713128656149 -0.014171418733894825 -1.0081803798675537
1681767233.896073 194.49293518066406 0.006185689941048622 -0.013765469193458557 -1.0086591243743896
1681767233.908113 194.53762817382812 0.006407144479453564 -0.012151075527071953 -1.0088096857070923
1681767233.921147 194.54653930664062 0.006411020178347826 -0.011969555169343948 -1.0085952281951904
1681767233.9361327 194.55638122558594 0.006502376403659582 -0.0121060935780406 -1.0081706047058105
1681767233.9361887 194.56228637695312 0.006414105650037527 -0.011976576410233974 -1.0080000162124634
1681767233.94808 194.57431030273438 0.006791894324123859 -0.012343265116214752 -1.0086544752120972
1681767233.9773223 194.5872344970703 0.006671353243291378 -0.012631380930542946 -1.009131669998169
1681767233.989041 194.59706115722656 0.006158357486128807 -0.012874837964773178 -1.008781909942627
1681767234.002073 194.60708618164062 0.0059525552205741405 -0.013432270847260952 -1.009046196937561
1681767234.016083 194.61700439453125 0.006034910213202238 -0.013367130421102047 -1.010029673576355
1681767234.0161686 194.62091064453125 0.006091872695833445 -0.01352470088750124 -1.0101715326309204
1681767234.0291433 194.6318359375 0.006237612571567297 -0.013618776574730873 -1.0099557638168335
1681767234.0461402 194.6744384765625 0.005473230965435505 -0.013799238950014114 -1.0088794231414795
1681767234.0606341 194.68235778808594 0.0053781853057444096 -0.013719347305595875 -1.0091503858566284
1681767234.0750737 194.68646240234375 0.00537286140024662 -0.013288487680256367 -1.0090928077697754
1681767234.0870683 194.69638061523438 0.005732378456741571 -0.01314265001565218 -1.0088293552398682
1681767234.098126 194.70721435546875 0.0059552667662501335 -0.012767129577696323 -1.0092908143997192
1681767234.1111445 194.71522521972656 0.006548705510795116 -0.01275209803134203 -1.0090579986572266
1681767234.1112337 194.7193145751953 0.006572193466126919 -0.012834005057811737 -1.0094980001449585
1681767234.1240728 194.7274169921875 0.006258546374738216 -0.012852184474468231 -1.0093424320220947
1681767234.1511412 194.73960876464844 0.006534199230372906 -0.012232258915901184 -1.0105317831039429
1681767234.1650956 194.78932189941406 0.005995079409331083 -0.013042560778558254 -1.0096521377563477
1681767234.1800528 194.7992401123047 0.006056064274162054 -0.013556048274040222 -1.0088013410568237
1681767234.1930144 194.81507873535156 0.006593452300876379 -0.013942478224635124 -1.00895094871521
1681767234.2051103 194.8249969482422 0.00656660133972764 -0.014128049835562706 -1.0096627473831177
1681767234.218098 194.83392333984375 0.006250892300158739 -0.014135192148387432 -1.0100159645080566
1681767234.2330322 194.83993530273438 0.006283577065914869 -0.013869750313460827 -1.0097395181655884
1681767234.2461581 194.8518524169922 0.006408622954040766 -0.013849357143044472 -1.0091949701309204
1681767234.2591937 194.86167907714844 0.006315828301012516 -0.013772743754088879 -1.0094542503356934
1681767234.2730677 194.87060546875 0.006023867055773735 -0.013544526882469654 -1.009423851966858
1681767234.2731614 194.87661743164062 0.006191263906657696 -0.013440783135592937 -1.009464144706726
1681767234.3000734 194.92713928222656 0.005693164654076099 -0.012677161023020744 -1.0089911222457886
1681767234.3130443 194.93515014648438 0.005827181972563267 -0.012634088285267353 -1.0092750787734985
1681767234.3271499 194.93914794921875 0.005907440558075905 -0.012775911018252373 -1.009220004081726
1681767234.3410993 194.9500732421875 0.005853166803717613 -0.012558313086628914 -1.0094317197799683
1681767234.3541107 194.95999145507812 0.006073627155274153 -0.012516080401837826 -1.0092381238937378
1681767234.354164 194.96591186523438 0.005864906590431929 -0.012648963369429111 -1.009089708328247
1681767234.3671231 194.9739227294922 0.006028581410646439 -0.01297090295702219 -1.0088471174240112
1681767234.3801293 194.98374938964844 0.005874737165868282 -0.013089204207062721 -1.0085995197296143
1681767234.395159 194.98776245117188 0.0059210569597780704 -0.013086347840726376 -1.008794903755188
1681767234.4081373 194.99667358398438 0.005973602645099163 -0.013026264496147633 -1.0085043907165527
1681767234.422034 195.04928588867188 0.006514239124953747 -0.013773631304502487 -1.0084515810012817
