1681768023.5241723 26.717472076416016 0.012729332782328129 -0.006183394696563482 -1.0061359405517578
1681768023.5371246 26.768720626831055 0.2651223838329315 0.03503791615366936 -1.1173609495162964
1681768023.550178 26.778642654418945 0.2697720229625702 0.032867431640625 -1.085821270942688
1681768023.563167 26.788475036621094 0.25512436032295227 0.02342311292886734 -1.0525833368301392
1681768023.5771465 26.79830551147461 0.24987851083278656 0.028664294630289078 -1.0403268337249756
1681768023.5771735 26.803312301635742 0.24853380024433136 0.024503927677869797 -1.0444246530532837
1681768023.590182 26.815053939819336 0.26099422574043274 0.03575393185019493 -1.048659086227417
1681768023.6171415 26.83089256286621 0.23573458194732666 0.020450016483664513 -1.0306023359298706
1681768023.6311762 26.840906143188477 0.2310636341571808 0.015792883932590485 -1.0201380252838135
1681768023.6431751 26.851648330688477 0.2270175963640213 0.020283333957195282 -1.0215998888015747
1681768023.6571758 26.861570358276367 0.2245345413684845 0.008403919637203217 -1.022632122039795
1681768023.6862044 26.877408981323242 0.20108366012573242 0.005252930335700512 -0.9958531856536865
1681768023.6991568 26.9288387298584 0.2018856555223465 -0.0017708438681438565 -0.944238007068634
1681768023.7131157 26.940582275390625 0.210446298122406 -0.009720375761389732 -0.927504301071167
1681768023.7131422 26.944496154785156 0.21886439621448517 -0.011335328221321106 -0.9288726449012756
1681768023.726138 26.95250701904297 0.23214897513389587 -0.01268688589334488 -0.9303394556045532
1681768023.73921 26.960607528686523 0.2441360056400299 -0.01234746165573597 -0.9370388388633728
1681768023.7672355 26.975444793701172 0.25786611437797546 -0.014433026313781738 -0.939220130443573
1681768023.7802072 26.985366821289062 0.25745153427124023 -0.01230308786034584 -0.9452527761459351
1681768023.7932088 26.995288848876953 0.25750210881233215 -0.011163730174303055 -0.9513095617294312
1681768023.8071585 27.00621223449707 0.25645819306373596 -0.00526666222140193 -0.9617838859558105
1681768023.8071852 27.012128829956055 0.25249460339546204 -0.0017064536223188043 -0.9641925692558289
1681768023.822131 27.018136978149414 0.25050830841064453 -0.0039182547479867935 -0.9731669425964355
1681768023.8351328 27.02214241027832 0.24798522889614105 -0.0034441566094756126 -0.9725615978240967
1681768023.8481894 27.070659637451172 0.21743077039718628 0.00907410029321909 -0.9933591485023499
1681768023.8621762 27.082584381103516 0.2122497260570526 0.012909702025353909 -0.9992750287055969
1681768023.8751621 27.095420837402344 0.2066940814256668 0.011976039037108421 -1.0004799365997314
1681768023.8891506 27.105342864990234 0.2026531845331192 0.013083559460937977 -0.999211847782135
1681768023.9021585 27.117267608642578 0.19814960658550262 0.008553209714591503 -1.0040327310562134
1681768023.918213 27.12118148803711 0.19555805623531342 0.00832727923989296 -1.0021486282348633
1681768023.9301438 27.132104873657227 0.19096337258815765 0.005678648594766855 -0.9990904331207275
1681768023.9472094 27.143938064575195 0.1850453019142151 0.00502472510561347 -0.9987385272979736
1681768023.9621356 27.186630249023438 0.1648702472448349 -0.005733696278184652 -1.017212152481079
1681768023.9621577 27.190635681152344 0.16357097029685974 -0.0077561731450259686 -1.0181834697723389
1681768023.9761627 27.200557708740234 0.15660151839256287 -0.006021757144480944 -1.026330828666687
1681768023.989136 27.2094783782959 0.14217492938041687 -0.0064666131511330605 -1.0220118761062622
1681768024.004116 27.21940040588379 0.1290673464536667 -0.010815335437655449 -1.0157432556152344
1681768024.0171998 27.223403930664062 0.12451105564832687 -0.01245520357042551 -1.0130852460861206
1681768024.0301917 27.231414794921875 0.11812548339366913 -0.00725173344835639 -1.009421467781067
1681768024.0502195 27.24333953857422 0.11956876516342163 -0.0004918765043839812 -1.0217046737670898
1681768024.050245 27.28211784362793 0.10032203048467636 0.018913690000772476 -1.0235415697097778
1681768024.0631785 27.29094696044922 0.09338546544313431 0.019378235563635826 -1.0205203294754028
1681768024.07617 27.30086898803711 0.08756216615438461 0.019575156271457672 -1.013149619102478
1681768024.0892155 27.310791015625 0.08284229040145874 0.029589369893074036 -1.0120110511779785
1681768024.1031845 27.318801879882812 0.07873768359422684 0.04027920588850975 -1.003967046737671
1681768024.11719 27.324718475341797 0.07840286195278168 0.04140644520521164 -1.006709098815918
1681768024.1301594 27.33573341369629 0.07308899611234665 0.03345531225204468 -1.009743571281433
1681768024.1461594 27.345563888549805 0.0688883438706398 0.03354167565703392 -1.0114755630493164
1681768024.1461816 27.34956932067871 0.06855671107769012 0.03502162918448448 -1.0211540460586548
1681768024.1591337 27.38871192932129 0.04584994167089462 0.018090182915329933 -1.0125672817230225
1681768024.1711955 27.396812438964844 0.04779140651226044 0.013370141386985779 -1.016059398651123
1681768024.1842568 27.40491485595703 0.051371872425079346 0.013696776703000069 -1.0266562700271606
1681768024.1981723 27.4178409576416 0.048692137002944946 0.005273503251373768 -1.0319910049438477
1681768024.2251878 27.42967414855957 0.037041109055280685 -0.007695797365158796 -1.0188418626785278
1681768024.2252295 27.43568229675293 0.03642699867486954 -0.007794063072651625 -1.0139504671096802
1681768024.2381248 27.445512771606445 0.04000328853726387 -0.012731393799185753 -1.0108822584152222
1681768024.2521265 27.45443344116211 0.04263642430305481 -0.01648077555000782 -1.0077221393585205
1681768024.2641833 27.466358184814453 0.047427210956811905 -0.01701432839035988 -1.0108203887939453
1681768024.278133 27.47618865966797 0.05509896203875542 -0.01596270315349102 -1.0087374448776245
1681768024.2931683 27.482196807861328 0.051323242485523224 -0.01736684888601303 -1.00697922706604
1681768024.3071778 27.53071403503418 0.04463783651590347 -0.018308797851204872 -0.9712725877761841
1681768024.3072069 27.53763198852539 0.0466664619743824 -0.021424364298582077 -0.9828763604164124
1681768024.3202538 27.54746437072754 0.04830425977706909 -0.029911251738667488 -0.9980020523071289
1681768024.3333251 27.55547332763672 0.04747472330927849 -0.020586799830198288 -1.0006108283996582
1681768024.3451614 27.567398071289062 0.04391440749168396 -0.014990993775427341 -1.0063068866729736
1681768024.3601835 27.576229095458984 0.030842086300253868 -0.021371306851506233 -1.0079230070114136
1681768024.3762274 27.58023452758789 0.026551909744739532 -0.021811604499816895 -1.0049947500228882
1681768024.3891592 27.592159271240234 0.02607301063835621 -0.017803965136408806 -1.005950689315796
1681768024.4041486 27.604084014892578 0.027394602075219154 -0.007100360002368689 -1.012336015701294
1681768024.4041765 27.610000610351562 0.024737777188420296 -0.012911468744277954 -1.017309308052063
1681768024.4161532 27.618921279907227 0.019837316125631332 -0.022354237735271454 -1.0193045139312744
1681768024.4478283 27.673446655273438 0.017688503488898277 -0.021899862214922905 -1.0219426155090332
1681768024.4761925 27.689285278320312 0.01927824318408966 -0.028176678344607353 -1.0348013639450073
1681768024.489162 27.698205947875977 0.029743045568466187 -0.030352480709552765 -1.0547115802764893
1681768024.5031538 27.71013069152832 0.02442251332104206 -0.021398106589913368 -1.0394617319107056
1681768024.50319 27.71404457092285 0.022243520244956017 -0.022320879623293877 -1.0360219478607178
1681768024.516099 27.724058151245117 0.01503401342779398 -0.029487960040569305 -1.0135204792022705
1681768024.5321484 27.7299747467041 0.015888430178165436 -0.02734045870602131 -1.018315076828003
1681768024.544138 27.738895416259766 0.015279806219041348 -0.01625807397067547 -1.010563850402832
1681768024.5571454 27.785593032836914 0.018961045891046524 -0.007803600747138262 -0.9968253374099731
1681768024.5701332 27.79542350769043 0.01862477697432041 -0.013827329501509666 -1.0041292905807495
1681768024.5831337 27.80534553527832 0.019013702869415283 -0.006844520568847656 -1.0069555044174194
1681768024.5831764 27.811262130737305 0.016202187165617943 0.0018265137914568186 -0.9978841543197632
1681768024.5971472 27.822093963623047 0.014399567618966103 -0.0007706928299739957 -0.9971919059753418
1681768024.624198 27.833927154541016 0.017433490604162216 -0.011623996309936047 -1.0049577951431274
1681768024.6242197 27.837932586669922 0.016694247722625732 -0.00965818390250206 -1.0101655721664429
1681768024.6372705 27.849767684936523 0.017110278829932213 -0.0017485598800703883 -1.009171962738037
1681768024.6502194 27.858505249023438 0.015404332429170609 -0.008973179385066032 -0.9920910596847534
1681768024.6633325 27.868335723876953 0.015072633512318134 -0.020998064428567886 -0.9947474002838135
1681768024.6911802 27.884174346923828 0.01740720123052597 -0.014904473908245564 -0.9941983222961426
1681768024.704185 27.894006729125977 0.03048897534608841 -0.030465571209788322 -1.0027858018875122
1681768024.704221 27.936424255371094 0.03491239622235298 -0.04429393634200096 -1.0125678777694702
1681768024.7182167 27.94725799560547 0.03738813102245331 -0.036778442561626434 -1.009459376335144
1681768024.7311578 27.95718002319336 0.03755546733736992 -0.02860081009566784 -1.000632643699646
1681768024.743172 27.96710205078125 0.03709357976913452 -0.0331585668027401 -0.998905599117279
1681768024.7570992 27.97702407836914 0.037222720682621 -0.03541892021894455 -1.0133886337280273
1681768024.7571354 27.9819393157959 0.03448161110281944 -0.03035234846174717 -1.014400601387024
1681768024.7843192 27.99186134338379 0.030567716807127 -0.024324700236320496 -1.0115749835968018
1681768024.7982004 27.9998722076416 0.02827632799744606 -0.01955154910683632 -1.0127389430999756
1681768024.7982225 28.005878448486328 0.019179124385118484 -0.02097024954855442 -1.0121979713439941
1681768024.8121293 28.01580047607422 0.013687671162188053 -0.01865251176059246 -1.0242749452590942
1681768024.824208 28.026634216308594 0.015690863132476807 -0.006983618251979351 -1.0261399745941162
1681768024.8540964 28.04056167602539 0.015265376307070255 -0.008855306543409824 -1.035901665687561
1681768024.8661473 28.087257385253906 0.02440826967358589 0.013812778517603874 -1.0479451417922974
1681768024.8801844 28.097089767456055 0.038090210407972336 0.0248284749686718 -1.0445318222045898
1681768024.880206 28.102096557617188 0.04037228226661682 0.023626701906323433 -1.0503026247024536
1681768024.8931832 28.111927032470703 0.03852706402540207 0.010131338611245155 -1.0409290790557861
1681768024.9051387 28.121849060058594 0.0470159538090229 0.008675235323607922 -1.0189827680587769
1681768024.9201677 28.131771087646484 0.052675217390060425 0.009932616725564003 -1.002458095550537
1681768024.9342828 28.13768768310547 0.05969727784395218 0.010096409358084202 -1.001285195350647
1681768024.9461908 28.14651870727539 0.06303627043962479 0.0029035252518951893 -1.0082496404647827
1681768024.9601648 28.1584415435791 0.07232042402029037 -0.0040422766469419 -1.0089857578277588
1681768024.9602098 28.162357330322266 0.07181204855442047 -0.0015432313084602356 -1.0082558393478394
1681768024.978121 28.208961486816406 0.0428994819521904 -0.00048067147145047784 -0.9798216223716736
1681768024.9921908 28.218793869018555 0.05329721048474312 -0.006652574520558119 -0.9934859275817871
1681768025.0051959 28.229717254638672 0.06401649117469788 0.010929347015917301 -0.9926309585571289
1681768025.033186 28.243553161621094 0.045877013355493546 0.010026114992797375 -0.9981546998023987
1681768025.046195 28.25356674194336 0.03870796412229538 0.008060713298618793 -0.9874495267868042
1681768025.0601678 28.261486053466797 0.0426461361348629 0.02374197170138359 -0.9804962873458862
1681768025.060203 28.268404006958008 0.04652310162782669 0.032090649008750916 -0.9776881337165833
1681768025.0731635 28.278234481811523 0.04711133614182472 0.0249257143586874 -0.9839904308319092
1681768025.0861683 28.286245346069336 0.048199865967035294 0.01782272197306156 -0.9953182935714722
1681768025.105174 28.330848693847656 0.032827626913785934 0.028989695012569427 -1.0019174814224243
1681768025.105217 28.334854125976562 0.031642649322748184 0.030083294957876205 -1.0109585523605347
1681768025.1331751 28.345685958862305 0.031739335507154465 0.013494700193405151 -1.036486029624939
1681768025.1462023 28.355518341064453 0.03192631155252457 0.006884935311973095 -1.0416407585144043
1681768025.1462264 28.36152458190918 0.02743512950837612 0.012053768150508404 -1.0316327810287476
1681768025.1592016 28.369443893432617 0.024516453966498375 0.01319650374352932 -1.0365313291549683
1681768025.173187 28.38127899169922 0.02126474305987358 -0.009143204428255558 -1.0375117063522339
1681768025.1861389 28.39019775390625 0.02613646164536476 -0.006950556766241789 -1.035213589668274
1681768025.2001767 28.39620590209961 0.03255678713321686 -0.0027128930669277906 -1.0362106561660767
1681768025.2131953 28.442447662353516 0.04484815150499344 -0.0031174251344054937 -0.9751798510551453
1681768025.2271762 28.450458526611328 0.04181039705872536 -0.0004929853603243828 -0.9728832244873047
1681768025.2272003 28.456375122070312 0.04216809570789337 0.008126476779580116 -0.9714539051055908
1681768025.2401521 28.467300415039062 0.04999703913927078 0.005911568179726601 -0.9815329313278198
1681768025.2531962 28.477130889892578 0.04618045315146446 -0.006951231975108385 -0.9883085489273071
1681768025.2661362 28.48705291748047 0.04069211333990097 0.015113286674022675 -0.9722917079925537
1681768025.2812176 28.491058349609375 0.036623626947402954 0.020616523921489716 -0.9666472673416138
1681768025.2941518 28.500980377197266 0.02847309224307537 0.009910337626934052 -0.9750872254371643
1681768025.3071866 28.50990104675293 0.023215020075440407 -0.0020173098891973495 -0.9899808168411255
1681768025.3211598 28.5217342376709 0.026899365708231926 0.0016919507179409266 -1.0098577737808228
1681768025.3211951 28.525739669799805 0.031245263293385506 0.0039434125646948814 -1.0229097604751587
1681768025.3342202 28.537572860717773 0.03545716777443886 -0.018633544445037842 -1.0442461967468262
1681768025.351193 28.541486740112305 0.032387878745794296 -0.021498695015907288 -1.043771743774414
1681768025.3651814 28.58918571472168 0.011505359783768654 -0.02508552372455597 -1.0588327646255493
1681768025.380183 28.59309959411621 0.011944827623665333 -0.022463541477918625 -1.0657451152801514
1681768025.3921645 28.603113174438477 0.002339563798159361 -0.015494752675294876 -1.0592195987701416
1681768025.405219 28.611122131347656 -0.0003889695508405566 -0.011562670581042767 -1.0438623428344727
1681768025.4201858 28.622957229614258 -0.0008065596921369433 -0.005617465358227491 -1.0340569019317627
1681768025.4202175 28.62687110900879 -0.002203935757279396 -0.0018157868180423975 -1.030372142791748
1681768025.4321928 28.63770294189453 0.009022431448101997 0.004804325755685568 -1.0302008390426636
1681768025.4472668 28.643619537353516 0.011654440313577652 0.0057786861434578896 -1.0239304304122925
1681768025.4611368 28.651630401611328 0.014709332957863808 0.0007619538228027523 -1.0227808952331543
1681768025.4732137 28.700149536132812 0.022302964702248573 0.005582589656114578 -0.9837678670883179
1681768025.4732544 28.706066131591797 0.02617086097598076 0.009966649115085602 -0.98207688331604
1681768025.4861996 28.714895248413086 0.03278453275561333 0.005455457139760256 -0.981102466583252
1681768025.500254 28.726728439331055 0.02292012982070446 -0.0018581259064376354 -0.9843053221702576
1681768025.5131865 28.736650466918945 0.022325513884425163 0.0012408378534018993 -0.9729977250099182
1681768025.51321 28.74256706237793 0.026885388419032097 0.005309849977493286 -0.9839292168617249
1681768025.5401587 28.75157928466797 0.023071367293596268 0.00023055542260408401 -0.9904665946960449
1681768025.5542336 28.763320922851562 0.018557600677013397 -0.008990483358502388 -0.9933749437332153
1681768025.554258 28.769329071044922 0.01619640178978443 -0.012251870706677437 -0.999902069568634
1681768025.5672226 28.78107261657715 0.021093886345624924 -0.014878565445542336 -1.0125783681869507
1681768025.5801911 28.79190444946289 0.015313517302274704 -0.018952837213873863 -1.0119924545288086
1681768025.5941544 28.797821044921875 0.010945688001811504 -0.021380670368671417 -1.0099308490753174
1681768025.6071198 28.80956268310547 0.01837744750082493 -0.02320612594485283 -1.0128085613250732
1681768025.6201947 28.82139778137207 0.017214590683579445 -0.025646138936281204 -1.018383502960205
1681768025.633135 28.832229614257812 0.01966758631169796 -0.02453538589179516 -1.0081703662872314
1681768025.6472318 28.84406280517578 0.026238704100251198 -0.03176864609122276 -1.01764714717865
1681768025.661192 28.849979400634766 0.027560098096728325 -0.03816693648695946 -1.017168402671814
1681768025.6762347 28.902503967285156 0.03401406854391098 -0.010683129541575909 -1.0194809436798096
1681768025.689169 28.910423278808594 0.030172981321811676 -0.006078404374420643 -1.0195051431655884
1681768025.7031267 28.921344757080078 0.019104644656181335 -0.00387384882196784 -1.0039281845092773
1681768025.7031543 28.925260543823242 0.018288059160113335 0.00010928185656666756 -1.003136157989502
1681768025.7163248 28.937185287475586 0.017614975571632385 0.008886279538273811 -1.0030237436294556
1681768025.7443333 28.95111083984375 0.013967864215373993 0.004061116371303797 -1.0061646699905396
1681768025.7572188 28.963947296142578 0.019132619723677635 0.012866104021668434 -1.0093517303466797
1681768025.7701979 28.97386932373047 0.013817709870636463 0.004203649237751961 -1.0196079015731812
1681768025.784248 28.983882904052734 0.008106681518256664 0.0013709975173696876 -1.0040444135665894
1681768025.7842906 28.98979949951172 0.012898523360490799 0.004743820987641811 -0.9957731366157532
1681768025.8241842 29.051151275634766 0.021430760622024536 -0.020297741517424583 -0.9795759320259094
1681768025.838161 29.061073303222656 0.030597427859902382 -0.02326124720275402 -1.0057218074798584
1681768025.838205 29.067081451416016 0.0314532071352005 -0.027189835906028748 -1.0086908340454102
1681768025.8511717 29.07600212097168 0.030409835278987885 -0.021160265430808067 -1.0089777708053589
1681768025.8652363 29.08592414855957 0.02635400928556919 -0.019341295585036278 -1.0110132694244385
1681768025.8791718 29.095754623413086 0.015462902374565601 -0.019653936848044395 -1.015351414680481
1681768025.8951836 29.101762771606445 0.006848478224128485 -0.02093953639268875 -1.0185463428497314
1681768025.9082115 29.11177635192871 0.006130103953182697 -0.021447695791721344 -1.0203661918640137
1681768025.9202375 29.120697021484375 0.009579953737556934 -0.020358480513095856 -1.040661334991455
1681768025.9382145 29.165119171142578 0.011604543775320053 -0.021456459537148476 -1.004300594329834
1681768025.952232 29.180957794189453 0.024985993281006813 -0.025340229272842407 -1.0074118375778198
1681768025.9662385 29.190879821777344 0.025216223672032356 -0.028739647939801216 -1.0096421241760254
1681768025.979211 29.199800491333008 0.018739625811576843 -0.017482945695519447 -1.009048342704773
1681768025.9941628 29.20371437072754 0.018743440508842468 -0.014194412156939507 -1.0110013484954834
1681768026.007188 29.215639114379883 0.016494810581207275 -0.02463383600115776 -1.0302770137786865
1681768026.0201628 29.225561141967773 0.010367038659751415 -0.029738837853074074 -1.037018895149231
1681768026.0342119 29.235483169555664 0.009383427910506725 -0.02245507761836052 -1.045059323310852
1681768026.0342374 29.242401123046875 -0.00017822254449129105 -0.023641055449843407 -1.0479624271392822
1681768026.0611515 29.25432586669922 -0.008351772092282772 -0.026587586849927902 -1.045097827911377
1681768026.0751743 29.262245178222656 -0.008355499245226383 -0.02845236472785473 -1.0412076711654663
1681768026.075202 29.306575775146484 0.010412486270070076 0.00023282389156520367 -0.9977706670761108
1681768026.087197 29.314495086669922 0.012363806366920471 0.004865141585469246 -0.9923771619796753
1681768026.1002624 29.32332420349121 0.018746107816696167 0.01704372838139534 -0.9853889346122742
1681768026.1152668 29.33515739440918 0.022222723811864853 0.01876039057970047 -0.9756380915641785
1681768026.115308 29.339162826538086 0.02610974758863449 0.012575613334774971 -0.9790921807289124
1681768026.1272051 29.35108757019043 0.025106264278292656 0.013921528123319149 -0.965038537979126
1681768026.1551573 29.360008239746094 0.027250589802861214 0.015265723690390587 -0.9569684863090515
1681768026.1552181 29.363922119140625 0.030258897691965103 0.010553164407610893 -0.9581440687179565
1681768026.1681805 29.375755310058594 0.03205738216638565 -0.0033769775182008743 -0.9734300971031189
1681768026.1812117 29.383766174316406 0.03532424941658974 -0.007345687597990036 -0.9688435196876526
1681768026.1943207 29.395599365234375 0.0374213345348835 -0.0025337522383779287 -0.9844648838043213
1681768026.2082217 29.404521942138672 0.02843042090535164 -0.011380540207028389 -0.9860010743141174
1681768026.222195 29.408527374267578 0.02358987182378769 -0.018068522214889526 -0.9854686260223389
1681768026.2351887 29.461139678955078 0.011235828511416912 -0.024185646325349808 -1.0182524919509888
1681768026.2481499 29.47106170654297 0.0033942577429115772 -0.02207416668534279 -1.017945647239685
1681768026.262188 29.48198699951172 0.004498420283198357 -0.02125796303153038 -1.0113637447357178
1681768026.262212 29.487903594970703 0.009376929141581059 -0.020605402067303658 -1.0247907638549805
1681768026.2752318 29.499828338623047 0.0023143342696130276 -0.010746131651103497 -1.0160804986953735
1681768026.289213 29.505834579467773 0.0073243398219347 -0.011699475347995758 -1.0196086168289185
1681768026.3031647 29.50984001159668 0.009137791581451893 -0.010689226910471916 -1.0203285217285156
1681768026.3031979 29.515756607055664 0.01191495917737484 -0.00595333706587553 -1.01796555519104
1681768026.3164432 29.524677276611328 0.014718024991452694 -0.0004157095681875944 -1.0153052806854248
1681768026.3292055 29.534507751464844 0.011090446263551712 -0.001893149223178625 -1.0005929470062256
1681768026.3432505 29.546524047851562 0.014831675216555595 -0.005147147458046675 -0.9989463686943054
1681768026.3432744 29.552440643310547 0.016784025356173515 -0.007972031831741333 -1.0073223114013672
1681768026.3603535 29.556354522705078 0.01991274394094944 -0.004701962694525719 -1.0135655403137207
1681768026.3732977 29.601051330566406 0.007810015697032213 0.004425390623509884 -0.9957815408706665
1681768026.3881776 29.607967376708984 0.014390969648957253 0.0037723486311733723 -1.0116740465164185
1681768026.40155 29.617799758911133 0.013896003365516663 0.003707483410835266 -1.0215137004852295
1681768026.4132037 29.625808715820312 0.017551738768815994 -0.0006597276078537107 -1.0255210399627686
1681768026.427193 29.637733459472656 0.01568128541111946 -0.0015056823613122106 -1.0266969203948975
1681768026.4411602 29.64856719970703 0.004581920802593231 -0.0019510708516463637 -1.0216275453567505
1681768026.4411912 29.65457534790039 0.005835331045091152 -0.0036285454407334328 -1.0241363048553467
1681768026.4692278 29.666500091552734 0.003953798208385706 -0.014081766828894615 -1.0169429779052734
1681768026.46925 29.670413970947266 0.007796651683747768 -0.016554029658436775 -1.0211848020553589
1681768026.49316 29.71774673461914 0.012549132108688354 -0.0010850268881767988 -1.0166594982147217
1681768026.4931808 29.721752166748047 0.011654569767415524 -0.00043857551645487547 -1.0044150352478027
1681768026.5072165 29.732677459716797 0.01847902685403824 0.006893316749483347 -1.0119528770446777
1681768026.5202577 29.742507934570312 0.013527663424611092 0.010133461095392704 -1.0073782205581665
1681768026.5332189 29.7545223236084 0.011835605837404728 0.003256923984736204 -1.0064942836761475
1681768026.5332537 29.758438110351562 0.008683751337230206 0.0022751784417778254 -1.001124620437622
1681768026.5611734 29.769359588623047 0.008561996743083 0.006744361948221922 -0.9982146620750427
1681768026.5741007 29.78128433227539 0.0024522810708731413 0.0018287135753780603 -0.9902412295341492
1681768026.574124 29.785198211669922 0.004196709021925926 0.0016607714351266623 -0.9903935194015503
1681768026.5871701 29.795120239257812 0.010307005606591702 -0.0036593396216630936 -0.9965963959693909
1681768026.6011992 29.803041458129883 0.013004522770643234 -0.009802108630537987 -1.01220703125
1681768026.6281571 29.817970275878906 0.015858570113778114 -0.002318708226084709 -1.008852481842041
1681768026.6421902 29.86840057373047 0.01344478502869606 -0.01779176853597164 -0.9826628565788269
1681768026.6561072 29.880233764648438 0.017949679866433144 -0.009792199358344078 -0.9889711737632751
1681768026.6691701 29.891157150268555 0.02549389749765396 0.0006104550557211041 -0.9946411848068237
1681768026.6832361 29.901079177856445 0.024913102388381958 -0.0076255896128714085 -0.9990692138671875
1681768026.683272 29.904993057250977 0.026273302733898163 -0.005508997943252325 -0.9957707524299622
1681768026.710187 29.914915084838867 0.0237263236194849 0.0008751860586926341 -0.995064377784729
1681768026.7242048 29.92292594909668 0.018457472324371338 -0.002956115873530507 -1.001605749130249
1681768026.7242498 29.927841186523438 0.014969665557146072 0.00012947001960128546 -1.0056835412979126
1681768026.7371843 29.937763214111328 0.00614967942237854 0.007153559010475874 -1.0065091848373413
1681768026.7502296 29.94768524169922 0.006073004566133022 0.0002692914567887783 -1.0176652669906616
1681768026.7661922 29.992380142211914 -0.005339959170669317 -0.0074972971342504025 -1.0404685735702515
1681768026.7662277 29.9982967376709 -0.007780458778142929 -0.005838107317686081 -1.0236071348190308
1681768026.7782497 30.00912857055664 0.0056421211920678616 -0.00793818011879921 -1.0276261568069458
1681768026.7931209 30.014955520629883 0.0057535357773303986 -0.010705184191465378 -1.0231413841247559
1681768026.807186 30.01896095275879 0.006963793653994799 -0.009744941256940365 -1.0182586908340454
1681768026.8072112 30.024877548217773 0.007819795981049538 -0.002948313020169735 -1.014445424079895
1681768026.8191671 30.03470802307129 0.015357507392764091 -0.00623841118067503 -1.0248740911483765
1681768026.8321397 30.042627334594727 0.01953136920928955 -0.017867326736450195 -1.0228785276412964
1681768026.8451693 30.05154800415039 0.013926098123192787 -0.015713781118392944 -1.0212132930755615
1681768026.8592315 30.06338119506836 0.005748576484620571 -0.006864469964057207 -1.00596284866333
1681768026.8731627 30.067386627197266 0.003697687992826104 -0.00584330502897501 -1.0049018859863281
1681768026.8862412 30.079219818115234 0.0009310207096859813 -0.015510316006839275 -0.9945680499076843
1681768026.9002647 30.125553131103516 -0.001976290950551629 0.016271324828267097 -0.9905669093132019
1681768026.9151337 30.13638687133789 0.0038202344439923763 0.020142804831266403 -0.9913975596427917
1681768026.9151623 30.1422119140625 0.0047376081347465515 0.030476780608296394 -0.9996627569198608
1681768026.9260993 30.15213394165039 0.002193472348153591 0.03909820318222046 -0.9911832213401794
1681768026.9401536 30.16205596923828 0.00198204442858696 0.03188081458210945 -0.9873350858688354
1681768026.9681425 30.17689323425293 -0.0001925454125739634 0.02822713553905487 -0.9884124994277954
1681768026.9812276 30.186723709106445 0.0059365988709032536 0.032044123858213425 -0.9899243116378784
1681768026.9951563 30.194643020629883 0.013687051832675934 0.017897143959999084 -0.9996720552444458
1681768026.9951878 30.200559616088867 0.023708369582891464 0.009296221658587456 -1.0074254274368286
1681768027.0081513 30.208662033081055 0.028918232768774033 0.015488948673009872 -1.0051403045654297
1681768027.0362432 30.219493865966797 0.03310982510447502 0.017203303053975105 -1.002526879310608
1681768027.0362818 30.225502014160156 0.028983814641833305 0.004607504699379206 -1.0050740242004395
1681768027.0491898 30.271926879882812 0.023233335465192795 -0.03251195698976517 -1.0130136013031006
1681768027.0492299 30.27593231201172 0.022076819092035294 -0.03936060518026352 -1.0101759433746338
1681768027.0622437 30.287765502929688 0.01630389131605625 -0.04182722792029381 -1.021472454071045
1681768027.0751894 30.298688888549805 0.01445032563060522 -0.04514976218342781 -1.0219247341156006
1681768027.0881758 30.310522079467773 0.004779050592333078 -0.05142774060368538 -1.0172003507614136
1681768027.1162372 30.324357986450195 0.003992816433310509 -0.04506411775946617 -1.0449941158294678
1681768027.1282191 30.333370208740234 -0.002903587883338332 -0.04599633440375328 -1.029457926750183
1681768027.1421936 30.345111846923828 0.0036890620831400156 -0.053290288895368576 -1.0464556217193604
1681768027.1422198 30.351028442382812 -0.007228925824165344 -0.05032742768526077 -1.0288844108581543
1681768027.1561446 30.362863540649414 -0.007424736861139536 -0.03650479018688202 -1.0189348459243774
1681768027.1833143 30.37096405029297 -0.00316942622885108 -0.03827398270368576 -1.0188782215118408
1681768027.1833599 30.37788200378418 0.0029961466789245605 -0.0288882777094841 -1.0290660858154297
1681768027.1972466 30.422395706176758 0.01889221742749214 -0.0235411636531353 -0.9979274868965149
1681768027.2101355 30.43231773376465 0.01563461497426033 -0.017762184143066406 -0.97041255235672
1681768027.2231686 30.444242477416992 0.02639194205403328 -0.013896494172513485 -1.023180365562439
1681768027.2232096 30.45024871826172 0.02182338945567608 -0.014720875769853592 -1.0153884887695312
1681768027.236179 30.461082458496094 0.00860135443508625 -0.011677667498588562 -1.0043752193450928
1681768027.264222 30.474918365478516 -0.006095202639698982 -0.0021321619860827923 -0.9957672357559204
1681768027.2771704 30.48493194580078 0.0018831228371709585 -0.0028947938699275255 -1.0168851613998413
1681768027.290193 30.4958553314209 -0.008878457359969616 0.007537381257861853 -1.0066182613372803
1681768027.3032105 30.507596969604492 0.009978167712688446 0.014872955158352852 -1.036277174949646
1681768027.317202 30.51961326599121 0.003280149307101965 0.013807867653667927 -1.0132853984832764
1681768027.331251 30.523527145385742 0.000798590132035315 0.013965165242552757 -1.0156803131103516
1681768027.3431787 30.533449172973633 -0.0065421052277088165 0.00710702920332551 -0.9930317401885986
1681768027.3591995 30.58078384399414 0.022596066817641258 0.01747356913983822 -0.9734274744987488
1681768027.3592238 30.586700439453125 0.0185244120657444 0.014151759445667267 -0.9733201265335083
1681768027.3721385 30.596622467041016 0.009846863336861134 0.011873609386384487 -0.9504557847976685
1681768027.3861787 30.606544494628906 0.014219704084098339 0.006777665112167597 -0.9709275960922241
1681768027.3992665 30.614463806152344 0.015061633661389351 -0.0016766453627496958 -0.9777510762214661
1681768027.4271896 30.631122589111328 0.02775275893509388 -0.009350620210170746 -1.0131001472473145
1681768027.4402118 30.64104461669922 0.013473174534738064 -0.01879117637872696 -1.0011005401611328
1681768027.456239 30.648963928222656 0.007453669793903828 -0.019212011247873306 -1.010633945465088
1681768027.4562805 30.652969360351562 0.005258102901279926 -0.024189576506614685 -1.0063095092773438
1681768027.4692163 30.69857406616211 -0.0001583397970534861 -0.031260158866643906 -1.0349342823028564
1681768027.4822664 30.708404541015625 -6.817665416747332e-05 -0.019766822457313538 -1.0478419065475464
1681768027.4962428 30.718143463134766 0.00675894133746624 -0.022514261305332184 -1.0592390298843384
1681768027.5232177 30.732070922851562 0.00433111097663641 -0.012763512320816517 -1.0490200519561768
1681768027.536184 30.74299430847168 0.009788828901946545 -0.018210897222161293 -1.0530298948287964
1681768027.5362222 30.74900245666504 0.014493890106678009 -0.013392750173807144 -1.0588927268981934
1681768027.549231 30.758832931518555 0.002335325116291642 -0.01601645164191723 -1.0330029726028442
1681768027.56216 30.768754959106445 0.009798502549529076 -0.01899377815425396 -1.0143110752105713
1681768027.5771697 30.774673461914062 0.01692812144756317 -0.022335410118103027 -1.0204015970230103
1681768027.590109 30.785686492919922 0.01920154318213463 -0.007641354110091925 -1.0275226831436157
1681768027.605162 30.83411407470703 0.006379211321473122 -0.008721179328858852 -1.0178544521331787
1681768027.6181371 30.84203338623047 0.0018065636977553368 -0.010718448087573051 -1.0055474042892456
1681768027.6344724 30.85195541381836 0.01289972010999918 -0.012496565468609333 -1.0133624076843262
1681768027.6345108 30.85586929321289 0.01712426170706749 -0.010818639770150185 -1.018101692199707
1681768027.6472158 30.864789962768555 0.021824264898896217 -0.0048833321779966354 -1.0089608430862427
1681768027.675188 30.880720138549805 0.003035169094800949 -0.0028701627161353827 -0.9777679443359375
1681768027.6882024 30.892553329467773 0.015496480278670788 0.005549648776650429 -0.9659247994422913
1681768027.7031953 30.901473999023438 0.020989663898944855 0.0027111368253827095 -0.9581734538078308
1681768027.7162447 30.942163467407227 0.006114399526268244 0.0058240946382284164 -0.9789414405822754
1681768027.716301 30.946168899536133 0.006152423098683357 0.005623943638056517 -0.9795251488685608
1681768027.7301662 30.95599937438965 0.010102528147399426 0.008260676637291908 -0.9919461011886597
1681768027.7431834 30.96401023864746 0.003861538600176573 0.004805439151823521 -0.9986903667449951
1681768027.7552204 30.973840713500977 -0.0015052123926579952 -0.0005622429889626801 -0.9956755638122559
1681768027.7705314 30.97775650024414 0.0001489320711698383 0.003126367460936308 -0.9983261823654175
1681768027.7834024 30.988677978515625 -0.0032348029781132936 -0.0009432989172637463 -1.0024456977844238
1681768027.7961411 31.00042152404785 -0.0054809958674013615 0.0022281832061707973 -0.9958817362785339
1681768027.8101745 31.012165069580078 0.0057286727242171764 9.977410081773996e-05 -1.0004435777664185
1681768027.81021 31.01616859436035 0.006413821130990982 -0.005209431052207947 -1.005504846572876
1681768027.8211997 31.025089263916016 0.0117921382188797 -0.009784023277461529 -1.0143239498138428
1681768027.8492162 31.04083824157715 0.01852329820394516 -0.0018717830535024405 -1.017394781112671
1681768027.863193 31.08935546875 0.02068263478577137 -0.006881220266222954 -1.0243940353393555
1681768027.8751302 31.097274780273438 0.02300940826535225 -0.0066552069038152695 -1.0282191038131714
1681768027.8891826 31.108198165893555 0.015090379863977432 -0.02034752629697323 -1.0359177589416504
1681768027.9022024 31.1201229095459 0.005261515732854605 -0.02313203737139702 -1.0191766023635864
1681768027.90223 31.12403678894043 0.009537879377603531 -0.018337653949856758 -1.025296926498413
1681768027.9292433 31.134050369262695 0.014525399543344975 -0.024163564667105675 -1.0344493389129639
1681768027.9431856 31.144882202148438 0.015219753608107567 -0.034653279930353165 -1.0495021343231201
1681768027.9432118 31.150798797607422 0.014864581637084484 -0.03940244019031525 -1.0485283136367798
1681768027.9561787 31.16263198852539 -0.0011256115976721048 -0.03794426470994949 -1.0325756072998047
1681768027.9691641 31.174467086791992 -0.006536623928695917 -0.03543254733085632 -1.0255094766616821
1681768027.997222 31.189395904541016 -0.0012679803185164928 -0.03769432753324509 -1.0277949571609497
1681768028.0101686 31.237913131713867 -0.002585821319371462 -0.019766414538025856 -0.9940358400344849
1681768028.0251975 31.245832443237305 -0.0004644854343496263 -0.01843082346022129 -0.9996055364608765
1681768028.025251 31.24983787536621 0.0005809439462609589 -0.018973900005221367 -0.9928375482559204
1681768028.0372117 31.261762619018555 0.01741630584001541 -0.005316894501447678 -1.0028654336929321
1681768028.0505571 31.272594451904297 0.01842798851430416 -0.002785636344924569 -0.9957379698753357
1681768028.0772464 31.29052734375 0.0013131261803209782 0.008916500024497509 -0.9696128964424133
1681768028.0912175 31.30236053466797 0.016174037009477615 0.017723023891448975 -0.9958204030990601
1681768028.1042063 31.313283920288086 0.0029700403101742268 0.01911437138915062 -0.9807744026184082
1681768028.11724 31.32520866394043 0.010342368856072426 0.020830508321523666 -1.0155386924743652
1681768028.1173093 31.329214096069336 0.004883931949734688 0.018054567277431488 -1.004035234451294
1681768028.1461527 31.339136123657227 -6.702914834022522e-05 0.0217535812407732 -1.0119400024414062
1681768028.1461751 31.343141555786133 -0.004294217098504305 0.022686868906021118 -1.0165926218032837
1681768028.1621647 31.392295837402344 -0.013282962143421173 0.02098723314702511 -1.0280859470367432
1681768028.1751997 31.403947830200195 -0.01846420019865036 0.018213387578725815 -0.9895362854003906
1681768028.1862097 31.41377830505371 -0.0068388767540454865 0.009992353618144989 -0.9863256216049194
1681768028.2022452 31.4218807220459 0.001719775376841426 0.014314181171357632 -0.9776141047477722
1681768028.2022681 31.425975799560547 0.0038072499446570873 0.009126422926783562 -0.9838790893554688
1681768028.2291896 31.436717987060547 0.01853184960782528 -0.0047393664717674255 -0.9908421635627747
1681768028.24218 31.446640014648438 0.0340409129858017 -0.011295698583126068 -0.9971024394035339
1681768028.2422047 31.450645446777344 0.03297532722353935 -0.010856078937649727 -0.9898764491081238
1681768028.256396 31.462570190429688 0.020874112844467163 -0.018240345641970634 -0.9763522744178772
1681768028.2682335 31.47340202331543 0.009622538462281227 -0.0312715545296669 -0.9734982252120972
1681768028.2833424 31.485143661499023 0.022470958530902863 -0.025072835385799408 -0.9979386329650879
1681768028.297197 31.48914909362793 0.024420831352472305 -0.027674246579408646 -1.0034778118133545
1681768028.3101995 31.537940979003906 0.004347423557192087 -0.005953922867774963 -1.030194640159607
1681768028.322149 31.547863006591797 0.00969373807311058 -0.010856177657842636 -1.0383042097091675
1681768028.336202 31.55678367614746 0.004524839576333761 -0.008777782320976257 -1.0301538705825806
1681768028.350262 31.568708419799805 0.009675742127001286 -0.005032243672758341 -1.038008451461792
1681768028.3503149 31.57271385192871 0.005425643175840378 -0.0053393240086734295 -1.032301902770996
1681768028.3621802 31.5826358795166 0.005376003682613373 -0.005816529504954815 -1.0045690536499023
1681768028.378194 31.586639404296875 0.004958468955010176 -0.003877589711919427 -0.9956679344177246
1681768028.3931973 31.591646194458008 0.009052721783518791 -0.0006582944188266993 -0.9917130470275879
1681768028.3932188 31.597562789916992 0.01794431544840336 0.0037843608297407627 -1.0001144409179688
1681768028.4081914 31.607484817504883 0.019278110936284065 -0.0019026614027097821 -1.0072906017303467
1681768028.4221652 31.650177001953125 0.008271330036222935 -0.002399264369159937 -0.9985412359237671
1681768028.435242 31.658096313476562 0.008436218835413456 -0.006501983851194382 -1.0097908973693848
1681768028.4481983 31.668018341064453 0.0104670450091362 -0.00867492239922285 -1.0217862129211426
1681768028.4482203 31.673025131225586 0.011003362946212292 -0.008827718906104565 -1.0291192531585693
1681768028.461189 31.684860229492188 0.005843120627105236 -0.012966531328856945 -1.0289844274520874
1681768028.4891803 31.69487190246582 0.0012106008362025023 -0.019387276843190193 -1.0358878374099731
1681768028.4892068 31.700788497924805 -0.005904598161578178 -0.019236862659454346 -1.0223422050476074
1681768028.502183 31.710620880126953 -0.005633825436234474 -0.005770464893430471 -1.0038667917251587
1681768028.5152397 31.72345542907715 0.010567428544163704 -0.008536728098988533 -1.0020214319229126
1681768028.5292468 31.73319435119629 0.016972357407212257 0.0006787467282265425 -1.004679560661316
1681768028.5561786 31.748943328857422 0.02179296314716339 0.014910656027495861 -0.9757277965545654
1681768028.5731828 31.759775161743164 0.021904774010181427 0.01513987872749567 -0.9541786909103394
1681768028.57322 31.765783309936523 0.020007656887173653 0.012109619565308094 -0.9519894123077393
1681768028.5871818 31.814300537109375 0.003856831695884466 0.01743924990296364 -1.0090383291244507
1681768028.5993435 31.822311401367188 -0.007215537130832672 0.013523224741220474 -1.0045452117919922
1681768028.6122205 31.832233428955078 -0.008813796564936638 0.010141639038920403 -1.021306037902832
1681768028.6392086 31.850894927978516 0.010142965242266655 -0.00023179559502750635 -1.0541965961456299
1681768028.6533895 31.860816955566406 0.011163648217916489 0.0019259742693975568 -1.0504249334335327
1681768028.6674788 31.875654220581055 -0.011317998170852661 -0.013775534927845001 -1.0332506895065308
1681768028.6792588 31.88548469543457 -0.011358821764588356 -0.021947480738162994 -1.0134936571121216
1681768028.6941862 31.891401290893555 0.003122438909485936 -0.014717507176101208 -1.0204969644546509
1681768028.7082827 31.899320602416992 0.016609391197562218 -0.007390791550278664 -1.0295231342315674
1681768028.7202332 31.947837829589844 -0.00029972242191433907 -0.029536422342061996 -1.0057309865951538
1681768028.7332778 31.956758499145508 0.001021303702145815 -0.02031954750418663 -1.0129311084747314
1681768028.7482018 31.9666805267334 0.00395140191540122 -0.02672858163714409 -1.0337393283843994
1681768028.7482285 31.970596313476562 0.009501641616225243 -0.029795357957482338 -1.04117751121521
1681768028.7602096 31.978605270385742 0.010035731829702854 -0.018278494477272034 -1.0282574892044067
1681768028.7732446 31.990530014038086 -0.004193949047476053 -0.01898951642215252 -1.0156598091125488
1681768028.7881784 31.994535446166992 -0.0062513649463653564 -0.013823021203279495 -1.010202407836914
1681768028.8001945 32.005367279052734 -0.005588910076767206 -0.014180650934576988 -1.013946294784546
1681768028.814116 32.015106201171875 -0.0012740886304527521 -0.02360411174595356 -0.9975156188011169
1681768028.8282351 32.02503204345703 0.009007803164422512 -0.018572276458144188 -1.0214115381240845
1681768028.840193 32.041778564453125 -0.0038823557551950216 -0.0007559331133961678 -0.9930639863014221
1681768028.8682282 32.053611755371094 -0.008414294570684433 -0.010660182684659958 -0.9892522096633911
1681768028.879182 32.10358810424805 0.007009532768279314 0.00784184131771326 -0.9860921502113342
1681768028.8922153 32.115692138671875 0.008790906518697739 0.00968840904533863 -0.9727377891540527
1681768028.9051728 32.12843704223633 0.014553030952811241 0.011615676805377007 -0.9887994527816772
1681768028.9182007 32.138267517089844 0.012637384235858917 0.009048903360962868 -0.9811826944351196
1681768028.9462163 32.152286529541016 0.020177625119686127 0.012810537591576576 -1.0073236227035522
1681768028.960214 32.163211822509766 0.01735135167837143 0.01679825782775879 -0.9935765862464905
1681768028.9731328 32.17513656616211 0.01004073303192854 0.014873464591801167 -0.9993881583213806
1681768028.973159 32.17905044555664 0.005845325067639351 0.014867893420159817 -0.997376024723053
1681768028.9861896 32.18897247314453 0.009090430103242397 0.014667150564491749 -1.019345998764038
1681768029.014209 32.199893951416016 0.011800732463598251 0.005174869205802679 -1.0243090391159058
1681768029.0142465 32.205810546875 0.012866801582276821 0.00844485405832529 -1.0308818817138672
1681768029.027165 32.25214385986328 0.001222156803123653 -0.01546139270067215 -1.0158613920211792
1681768029.0271866 32.258060455322266 0.005121621768921614 -0.0122939208522439 -1.0282485485076904
1681768029.040185 32.26789093017578 0.004917527548968792 -0.013423946686089039 -1.0308586359024048
1681768029.0531776 32.27599334716797 0.003188452450558543 -0.020019780844449997 -1.0160688161849976
1681768029.0662987 32.28691864013672 -0.0014497966039925814 -0.020431730896234512 -1.007871150970459
1681768029.0812345 32.29684066772461 -0.0026054682675749063 -0.028513744473457336 -0.992430567741394
1681768029.0942016 32.30075454711914 0.007057987153530121 -0.015594501048326492 -1.0170705318450928
1681768029.1082249 32.310768127441406 0.013950848951935768 -0.01800367422401905 -1.0172863006591797
1681768029.1211815 32.32360076904297 0.0194174163043499 -0.007259519305080175 -1.0229923725128174
1681768029.133248 32.33352279663086 0.011892655864357948 -0.0014526513405144215 -1.0233911275863647
1681768029.1495037 32.34553909301758 -0.0015229247510433197 0.0005174465477466583 -1.018018126487732
1681768029.1644812 32.386226654052734 0.0006436818512156606 0.0007585461717098951 -1.0409348011016846
1681768029.1645422 32.392234802246094 -0.00010258528345730156 -0.0014050964964553714 -1.037753939628601
1681768029.2052257 32.41107940673828 -0.015217157080769539 0.002302504377439618 -1.0158636569976807
1681768029.2052739 32.41690444946289 -0.012854112312197685 -0.005835847929120064 -1.026482105255127
1681768029.2182362 32.426734924316406 -0.008365158922970295 -0.006308168172836304 -1.030351161956787
1681768029.2312021 32.4384765625 -0.005824146792292595 -0.00042991089867427945 -1.0156872272491455
1681768029.24521 32.44921875 -0.0037429360672831535 -0.006522794254124165 -1.0138070583343506
1681768029.259182 32.45313262939453 -0.0024007256142795086 -0.005043737590312958 -1.0107619762420654
1681768029.272168 32.465057373046875 -0.009575558826327324 -0.002085984218865633 -0.9951472282409668
1681768029.2852106 32.51166534423828 0.008435665629804134 -0.01798810437321663 -1.000182867050171
1681768029.2982268 32.5265007019043 -0.004150974564254284 -0.01128038763999939 -0.9958457946777344
1681768029.3122363 32.53633117675781 0.007135397754609585 -0.01131230965256691 -1.0194345712661743
1681768029.3251956 32.544342041015625 0.010517858900129795 -0.01700674183666706 -1.0207884311676025
1681768029.353228 32.55826950073242 0.003775432240217924 -0.003971518948674202 -1.0043846368789673
1681768029.366335 32.56919479370117 0.0008921845001168549 0.0008961738785728812 -0.9904869794845581
1681768029.3792384 32.57911682128906 0.0029539321549236774 -0.004306450951844454 -0.9854096174240112
1681768029.3792627 32.583030700683594 0.00655052624642849 0.0001727414783090353 -0.984002411365509
1681768029.3932533 32.59477233886719 0.012235729955136776 0.0058005680330097675 -0.9771190881729126
1681768029.4211998 32.60560607910156 0.02586495131254196 0.001235578441992402 -0.9756635427474976
1681768029.4332452 32.65812683105469 0.023836735635995865 -0.015540670603513718 -0.9990656971931458
1681768029.4494889 32.670143127441406 0.021289339289069176 -0.02214398980140686 -1.0408812761306763
1681768029.4496148 32.67405700683594 0.010532109066843987 -0.02398645505309105 -1.0354353189468384
1681768029.4623299 32.68397903442383 -0.0020952075719833374 -0.025606947019696236 -1.0223355293273926
1681768029.4753737 32.69490432739258 -0.0025123802479356527 -0.023750200867652893 -1.0254524946212769
1681768029.4892583 32.704734802246094 -0.011274158023297787 -0.022002659738063812 -1.0203580856323242
1681768029.5032105 32.71065139770508 -0.006018469110131264 -0.02543146163225174 -1.0253890752792358
1681768029.516261 32.72239303588867 0.00228623254224658 -0.03434227779507637 -1.0378079414367676
1681768029.5292475 32.73131561279297 0.00802928488701582 -0.030484318733215332 -1.042435884475708
1681768029.5292678 32.73723220825195 0.00811486691236496 -0.033710502088069916 -1.0293912887573242
1681768029.5422153 32.747154235839844 0.00020152772776782513 -0.030948378145694733 -1.0019623041152954
1681768029.570186 32.75698471069336 0.003302744822576642 -0.030642762780189514 -0.9932880401611328
1681768029.5702121 32.762901306152344 0.008824044838547707 -0.02667938731610775 -1.0006506443023682
1681768029.583188 32.80850601196289 0.0157766155898571 -0.028977306559681892 -0.991940438747406
1681768029.5962114 32.81842803955078 0.017162390053272247 -0.028616754338145256 -1.0079448223114014
1681768029.6101606 32.82835006713867 0.015898944810032845 -0.03001122921705246 -1.0219184160232544
1681768029.6231837 32.83827209472656 0.015292241238057613 -0.03556095436215401 -1.0332436561584473
1681768029.6232107 32.84428024291992 0.01053623203188181 -0.035379379987716675 -1.0331916809082031
1681768029.63616 32.8551139831543 3.401096910238266e-05 -0.03096156008541584 -1.034760594367981
1681768029.6642077 32.869041442871094 -0.013123705051839352 -0.03200598806142807 -1.0194288492202759
1681768029.6771643 32.87895965576172 -0.010451552458107471 -0.024259090423583984 -1.0386275053024292
1681768029.689228 32.88970184326172 -0.007643252611160278 -0.01717478781938553 -1.0334452390670776
1681768029.7042303 32.90144348144531 -0.00038242130540311337 -0.01323762722313404 -1.0411409139633179
1681768029.7292383 32.91919708251953 -0.0027852822095155716 -0.0036780431400984526 -1.0164754390716553
1681768029.7441785 32.96379852294922 0.0040791030041873455 0.026386842131614685 -0.9919117093086243
1681768029.7442086 32.967803955078125 -0.005351953208446503 0.023509498685598373 -0.9823456406593323
1681768029.7572463 32.98073196411133 -0.00839200895279646 0.0238195713609457 -0.9617900252342224
1681768029.77141 32.990562438964844 -0.019965827465057373 0.03600214421749115 -0.9642926454544067
1681768029.7833512 33.000484466552734 -0.031379248946905136 0.033600788563489914 -0.9664164185523987
1681768029.8112173 33.01531982421875 -0.04365978389978409 0.0359639972448349 -0.9914714097976685
1681768029.8251543 33.027244567871094 -0.07115303725004196 0.036814503371715546 -0.9731935858726501
1681768029.8251798 33.031158447265625 -0.06863635033369064 0.03212849050760269 -0.9606064558029175
1681768029.8381808 33.03916931152344 -0.0635608583688736 0.0260872021317482 -0.9822033047676086
1681768029.8512337 33.04899978637695 -0.06705715507268906 0.01633436046540737 -1.0024522542953491
1681768029.8782654 33.10234451293945 -0.06592807918787003 -0.032575637102127075 -1.0281468629837036
1681768029.8782864 33.10634994506836 -0.06722317636013031 -0.035250477492809296 -1.0296509265899658
1681768029.8912146 33.11026382446289 -0.06307586282491684 -0.0307797621935606 -1.0292479991912842
1681768029.905158 33.116180419921875 -0.05362503230571747 -0.022264400497078896 -1.0236449241638184
1681768029.9191957 33.126102447509766 -0.04731287807226181 -0.03000875562429428 -1.0148708820343018
1681768029.9192235 33.13010787963867 -0.05010342225432396 -0.042680397629737854 -1.0131794214248657
1681768029.932219 33.142940521240234 -0.04253433644771576 -0.03260769695043564 -1.0271624326705933
1681768029.9442735 33.152862548828125 -0.04283805564045906 -0.023564022034406662 -1.0138689279556274
1681768029.9721763 33.168701171875 -0.05427868291735649 -0.021217655390501022 -1.0108706951141357
1681768029.989177 33.17962646484375 -0.05620178207755089 -0.007887108251452446 -1.0215007066726685
1681768030.0042138 33.228145599365234 -0.05816754326224327 0.0017078446689993143 -1.0205849409103394
1681768030.0042636 33.232059478759766 -0.061652835458517075 -0.006106287706643343 -1.0165785551071167
1681768030.0182955 33.241981506347656 -0.05890974774956703 -0.004450136795639992 -1.027827501296997
1681768030.0312698 33.25190353393555 -0.06699009239673615 -0.0010877029271796346 -1.000031590461731
1681768030.0591826 33.268741607666016 -0.054813750088214874 -0.003832323709502816 -1.0165988206863403
1681768030.0722015 33.27666091918945 -0.05828314647078514 -0.00362872751429677 -1.012496829032898
1681768030.0862002 33.28849411010742 -0.06134860962629318 0.0015227152034640312 -1.0000011920928955
1681768030.0981379 33.30342483520508 -0.06573839485645294 0.005043675657361746 -1.0011173486709595
1681768030.1272576 33.3172607421875 -0.06544023752212524 0.004536908119916916 -0.991804838180542
1681768030.152181 33.37360763549805 -0.04878215864300728 -0.007349497638642788 -0.9982775449752808
1681768030.1522064 33.38043212890625 -0.05391850695014 -0.010661051608622074 -1.0007779598236084
1681768030.1662939 33.39026641845703 -0.04940391331911087 -0.011750258505344391 -1.0019261837005615
1681768030.1782365 33.40027618408203 -0.0455990806221962 -0.012330510653555393 -1.0045884847640991
1681768030.1932414 33.41011047363281 -0.045657698065042496 -0.01837843656539917 -1.0082697868347168
1681768030.220201 33.4250373840332 -0.05268341302871704 -0.02122691459953785 -1.019612193107605
1681768030.2332294 33.434959411621094 -0.05484585464000702 -0.019733227789402008 -1.0267583131790161
1681768030.2332656 33.43896484375 -0.055027447640895844 -0.017782118171453476 -1.024786114692688
1681768030.246151 33.450889587402344 -0.05830033868551254 -0.016042491421103477 -1.029049038887024
1681768030.2592168 33.46171951293945 -0.06125951558351517 -0.024195782840251923 -1.0437867641448975
1681768030.2742233 33.46763610839844 -0.06260305643081665 -0.02220238372683525 -1.0424968004226685
1681768030.2871761 33.47747039794922 -0.06203726679086685 -0.019071709364652634 -1.0313931703567505
1681768030.3002245 33.52598571777344 -0.05202050134539604 -0.02100251615047455 -1.006919026374817
1681768030.313396 33.53590774536133 -0.05630733445286751 -0.021447746083140373 -1.0018789768218994
1681768030.327235 33.55265808105469 -0.05252572521567345 -0.02053065598011017 -1.0131398439407349
1681768030.3402002 33.56267166137695 -0.05598659813404083 -0.025827383622527122 -1.0191919803619385
1681768030.3551857 33.56858825683594 -0.058312494307756424 -0.030434997752308846 -1.026598572731018
1681768030.3681946 33.57950973510742 -0.06541852653026581 -0.032493993639945984 -1.0258021354675293
1681768030.3832152 33.58934020996094 -0.07680447399616241 -0.028023313730955124 -1.0193716287612915
1681768030.3962946 33.599266052246094 -0.07917769998311996 -0.02329658530652523 -1.0190025568008423
1681768030.4092152 33.60918426513672 -0.08276522904634476 -0.02612837590277195 -1.023701548576355
1681768030.4372585 33.6240234375 -0.08842034637928009 -0.02918919548392296 -1.0260801315307617
1681768030.451223 33.67845916748047 -0.07161983847618103 -0.010323175229132175 -0.9943890571594238
1681768030.463241 33.69029235839844 -0.0652177631855011 -0.009911533445119858 -0.9796285629272461
1681768030.4772427 33.70121383666992 -0.05685793608427048 -0.0015681462828069925 -0.9770029187202454
1681768030.4772651 33.707130432128906 -0.05975617468357086 0.0019470027182251215 -0.9741138815879822
1681768030.5182064 33.72688674926758 -0.05989425256848335 -0.002087419154122472 -0.9840978980064392
1681768030.518236 33.73280334472656 -0.05507007986307144 -2.0391657017171383e-05 -0.9917880296707153
1681768030.5312603 33.741722106933594 -0.05312569811940193 0.0022620775271207094 -0.9927834868431091
1681768030.5452573 33.75355529785156 -0.0605890154838562 -0.004719262011349201 -0.9922206997871399
1681768030.5582507 33.76557159423828 -0.06402673572301865 -0.00729682482779026 -1.0017926692962646
1681768030.5722795 33.771488189697266 -0.06273095309734344 -0.0027335137128829956 -1.0043727159500122
1681768030.5852683 33.782413482666016 -0.06140980124473572 0.0039682891219854355 -0.9948866963386536
1681768030.5982196 33.794246673583984 -0.05922418087720871 -0.0009683395037427545 -0.9983973503112793
1681768030.5982459 33.80016326904297 -0.06144570931792259 -0.00015179754700511694 -0.9967456459999084
1681768030.612239 33.81208801269531 -0.06467252224683762 -0.00032433003070764244 -1.003700852394104
1681768030.63923 33.82291793823242 -0.063016377389431 -0.00463210791349411 -1.004651427268982
1681768030.6392539 33.828834533691406 -0.06022077053785324 -0.008441444486379623 -1.004051685333252
1681768030.6534283 33.87535095214844 -0.05890181288123131 -0.02105051465332508 -1.0051888227462769
1681768030.6535249 33.8813591003418 -0.05856319144368172 -0.01933274231851101 -0.9998216032981873
1681768030.667285 33.89328384399414 -0.05184624344110489 -0.014443935826420784 -1.0062695741653442
1681768030.6803212 33.90120315551758 -0.055207397788763046 -0.018473751842975616 -1.0062857866287231
1681768030.6941965 33.91203689575195 -0.060002341866493225 -0.018436791375279427 -1.0126203298568726
1681768030.7074187 33.921958923339844 -0.06052105501294136 -0.013503897935152054 -1.0099550485610962
1681768030.7212446 33.92596435546875 -0.0590999498963356 -0.014386790804564953 -1.014238953590393
1681768030.7342086 33.937889099121094 -0.057839784771203995 -0.022552911192178726 -1.021952748298645
1681768030.7482417 33.946807861328125 -0.058519795536994934 -0.02479740045964718 -1.0209389925003052
1681768030.7482953 33.95272445678711 -0.05924468860030174 -0.025361763313412666 -1.0203279256820679
1681768030.7612715 33.962554931640625 -0.05839471146464348 -0.02463832125067711 -1.0212924480438232
1681768030.7892306 33.97857666015625 -0.05958705022931099 -0.029100559651851654 -1.0217931270599365
1681768030.802241 34.025909423828125 -0.06376016139984131 -0.009757861495018005 -1.01069974899292
1681768030.8152852 34.03583526611328 -0.06441570073366165 -0.006277651991695166 -1.0148272514343262
1681768030.8282533 34.04375457763672 -0.0654611885547638 -0.007525170221924782 -1.0154446363449097
1681768030.8282773 34.0496711730957 -0.06812765449285507 -0.007751408498734236 -1.0125792026519775
1681768030.8412426 34.06150436401367 -0.0713403970003128 -0.005057385191321373 -1.0094414949417114
1681768030.8552496 34.07233428955078 -0.06878113746643066 -0.0013527651317417622 -1.0081316232681274
1681768030.8692544 34.078250885009766 -0.06444694846868515 -8.755712769925594e-06 -1.008493423461914
1681768030.8832161 34.09017562866211 -0.0568290539085865 -0.00033686961978673935 -1.012333631515503
1681768030.897269 34.100006103515625 -0.05895638465881348 0.0010374715784564614 -1.0101730823516846
1681768030.9102495 34.110931396484375 -0.06528710573911667 0.00164152926299721 -0.9992455244064331
1681768030.923279 34.12076187133789 -0.06497502326965332 0.0014925121795386076 -1.002050518989563
1681768030.952278 34.17710876464844 -0.062012284994125366 -0.0064039696007966995 -1.0082732439041138
1681768030.9652786 34.18803024291992 -0.059357792139053345 -0.013113807886838913 -1.0153400897979736
1681768030.979248 34.19795227050781 -0.05780036374926567 -0.018952038139104843 -1.0179047584533691
1681768030.9792702 34.20387268066406 -0.05313960835337639 -0.02016172744333744 -1.0219022035598755
1681768030.991251 34.2117919921875 -0.04734986647963524 -0.01968061923980713 -1.018105387687683
1681768031.005211 34.221710205078125 -0.046735215932130814 -0.02189498394727707 -1.0125032663345337
1681768031.0202255 34.22571563720703 -0.04886385053396225 -0.023943396285176277 -1.012852668762207
1681768031.0323522 34.23855209350586 -0.050839103758335114 -0.02707456797361374 -1.0041152238845825
1681768031.0452726 34.248382568359375 -0.04895709455013275 -0.025288686156272888 -1.0050439834594727
1681768031.0592523 34.260215759277344 -0.043180499225854874 -0.02591601014137268 -1.0070419311523438
1681768031.0721905 34.269229888916016 -0.039714403450489044 -0.020003991201519966 -1.0089097023010254
1681768031.0722146 34.27314376831055 -0.04033558815717697 -0.016640935093164444 -1.0048314332962036
1681768031.1001937 34.284976959228516 -0.0435691736638546 -0.016424933448433876 -1.001853585243225
1681768031.1132064 34.33549499511719 -0.051527757197618484 -0.023749493062496185 -1.019666075706482
1681768031.1261704 34.345420837402344 -0.05490566045045853 -0.025345364585518837 -1.015336275100708
1681768031.1261978 34.35033416748047 -0.055303528904914856 -0.025153860449790955 -1.0128296613693237
1681768031.1405509 34.360164642333984 -0.052339524030685425 -0.02356051653623581 -1.0126656293869019
1681768031.1522415 34.36808395385742 -0.049384843558073044 -0.023194987326860428 -1.0091108083724976
1681768031.1802971 34.3839225769043 -0.044552817940711975 -0.020345302298665047 -1.010263204574585
1681768031.193246 34.39493942260742 -0.04627542942762375 -0.018140217289328575 -1.0039836168289185
1681768031.207233 34.40677261352539 -0.04931599274277687 -0.017552748322486877 -0.9945064783096313
1681768031.2072558 34.41068649291992 -0.04930887743830681 -0.01699507236480713 -0.995766282081604
1681768031.2202213 34.42060852050781 -0.0532219372689724 -0.01466859970241785 -0.9978609085083008
1681768031.248211 34.4315299987793 -0.056631509214639664 -0.014069450087845325 -1.0049738883972168
1681768031.2482479 34.437538146972656 -0.055607665330171585 -0.01217141468077898 -1.0098803043365479
1681768031.262245 34.48405456542969 -0.06522596627473831 -0.005630236119031906 -1.0162521600723267
1681768031.2622662 34.49006271362305 -0.06472833454608917 -0.0057891011238098145 -1.014233946800232
1681768031.276237 34.501895904541016 -0.06577786803245544 -0.006687551736831665 -1.0070029497146606
1681768031.2892616 34.512725830078125 -0.06767654418945312 -0.010695848613977432 -1.0051605701446533
1681768031.3022435 34.52265167236328 -0.06702364981174469 -0.01370561495423317 -1.0036487579345703
1681768031.3302824 34.538490295410156 -0.05991484224796295 -0.016766222193837166 -1.0121678113937378
1681768031.3432243 34.54841232299805 -0.0568414069712162 -0.020779220387339592 -1.0179558992385864
1681768031.3562794 34.55933380126953 -0.0577368289232254 -0.02355499565601349 -1.016387701034546
1681768031.3563025 34.56324768066406 -0.05895113945007324 -0.024134719744324684 -1.0135667324066162
1681768031.3692498 34.57316970825195 -0.060263365507125854 -0.027139989659190178 -1.0103429555892944
1681768031.4022112 34.625694274902344 -0.06130203604698181 -0.021649541333317757 -0.9986651539802551
1681768031.4022331 34.629608154296875 -0.061622925102710724 -0.020332379266619682 -0.9986140727996826
1681768031.4302318 34.638526916503906 -0.0618034303188324 -0.01751505769789219 -0.9989228248596191
1681768031.4432411 34.650360107421875 -0.06006946042180061 -0.015271039679646492 -1.0020116567611694
1681768031.4432638 34.65436553955078 -0.05966590717434883 -0.014895428903400898 -1.003422498703003
1681768031.4562812 34.66428756713867 -0.05913158506155014 -0.014035279862582684 -1.0075534582138062
1681768031.4701755 34.67521286010742 -0.05849391967058182 -0.01466129720211029 -1.0105202198028564
1681768031.497179 34.6910514831543 -0.05849543586373329 -0.017495397478342056 -1.0135343074798584
1681768031.5112216 34.73565673828125 -0.053322795778512955 -0.01613539084792137 -1.008162498474121
1681768031.5242457 34.74566650390625 -0.053460124880075455 -0.015320993028581142 -1.0041835308074951
1681768031.537218 34.76050567626953 -0.053480252623558044 -0.013401897624135017 -1.0012259483337402
