1681767739.9442675 85.9564437866211 0.014231506735086441 -0.012338703498244286 -1.0074297189712524
1681767739.9581857 85.96536254882812 0.026777174323797226 -0.011421102099120617 -0.9991262555122375
1681767739.9582229 85.97128295898438 0.0503624752163887 -0.008619941771030426 -1.0113736391067505
1681767739.9711528 85.98110961914062 0.08182769268751144 -0.005197023041546345 -1.0330833196640015
1681767739.9842448 85.9929428100586 0.12100677937269211 0.004254486877471209 -1.0518065690994263
1681767739.9982166 86.00086212158203 0.14425122737884521 0.004302711226046085 -1.0734646320343018
1681767740.0131738 86.00578308105469 0.15133237838745117 0.005061514675617218 -1.0602049827575684
1681767740.0391736 86.02562713623047 0.1808856576681137 0.018614720553159714 -1.0439788103103638
1681767740.0392058 86.03153991699219 0.18094570934772491 0.014539026655256748 -1.0315722227096558
1681767740.0522346 86.04137420654297 0.18240396678447723 0.017254609614610672 -1.025942325592041
1681767740.0642242 86.05220794677734 0.19838303327560425 0.02002863772213459 -1.0393707752227783
1681767740.0802166 86.05612182617188 0.20095506310462952 0.022435422986745834 -1.047252893447876
1681767740.0943215 86.11055755615234 0.17859521508216858 -0.013326548971235752 -1.0180391073226929
1681767740.1061974 86.1203842163086 0.1742681860923767 -0.010138598270714283 -1.0172301530838013
1681767740.1261866 86.12921142578125 0.1625947654247284 -0.01663336157798767 -1.0001729726791382
1681767740.1381748 86.15279388427734 0.1509062796831131 -0.026598747819662094 -0.9736810922622681
1681767740.1662452 86.16071319580078 0.16285131871700287 -0.025722727179527283 -0.9812963604927063
1681767740.1662686 86.16571807861328 0.17718541622161865 -0.025999944657087326 -0.9957113862037659
1681767740.1791883 86.17545318603516 0.21084018051624298 -0.012524934485554695 -1.0294163227081299
1681767740.1922243 86.1873779296875 0.2148597091436386 -0.0011378447525203228 -1.0241867303848267
1681767740.205217 86.19721221923828 0.22125796973705292 -0.009137230925261974 -1.0091171264648438
1681767740.2192852 86.20622253417969 0.23243017494678497 -0.023927487432956696 -1.012505292892456
1681767740.2332454 86.21214294433594 0.24416863918304443 -0.030411111190915108 -1.0036733150482178
1681767740.2472672 86.25883483886719 0.27074041962623596 -0.043413203209638596 -0.9890401363372803
1681767740.260225 86.2708511352539 0.25097882747650146 -0.05170281603932381 -0.9721030592918396
1681767740.2731757 86.28077697753906 0.24355779588222504 -0.04558267444372177 -0.9677067995071411
1681767740.2732196 86.2846908569336 0.24216967821121216 -0.0435379222035408 -0.9690310955047607
1681767740.2871828 86.29360961914062 0.24021011590957642 -0.03621063753962517 -0.969682514667511
1681767740.3002498 86.30553436279297 0.22118116915225983 -0.03623628988862038 -0.9665637612342834
1681767740.314213 86.30953979492188 0.2144538313150406 -0.035936255007982254 -0.9618692398071289
1681767740.3272855 86.32137298583984 0.2139221578836441 -0.028704799711704254 -0.973710834980011
1681767740.34018 86.33211517333984 0.21160337328910828 -0.02608831599354744 -0.9780319333076477
1681767740.3531792 86.34385681152344 0.20341475307941437 -0.025660507380962372 -0.9853513836860657
1681767740.353212 86.34977722167969 0.1959352195262909 -0.026648249477148056 -0.9858348965644836
1681767740.378227 86.35960388183594 0.18977630138397217 -0.024362025782465935 -0.9856266379356384
1681767740.3921943 86.36861419677734 0.18882113695144653 -0.024349797517061234 -0.9925757050514221
1681767740.406208 86.41895294189453 0.14803873002529144 -0.023012230172753334 -0.9950095415115356
1681767740.4182727 86.42878723144531 0.14750847220420837 -0.024319348856806755 -1.0010806322097778
1681767740.418296 86.4347915649414 0.1515386402606964 -0.024800287559628487 -1.0052192211151123
1681767740.4302452 86.44471740722656 0.15252861380577087 -0.027612576261162758 -1.0094671249389648
1681767740.4442763 86.45564270019531 0.14791877567768097 -0.023446280509233475 -1.0031969547271729
1681767740.4591846 86.4616470336914 0.14020022749900818 -0.02471449412405491 -0.991683840751648
1681767740.4711823 86.47357177734375 0.1326945424079895 -0.028063833713531494 -0.9860158562660217
1681767740.485268 86.48540496826172 0.12140311300754547 -0.014601197093725204 -0.9826600551605225
1681767740.499205 86.49633026123047 0.1188870295882225 -0.013350618071854115 -0.9951730370521545
1681767740.499228 86.500244140625 0.11647921055555344 -0.013566853478550911 -0.996344268321991
1681767740.5402093 86.52017974853516 0.10502040386199951 4.4008949771523476e-05 -1.0085092782974243
1681767740.540232 86.52618408203125 0.09883227199316025 0.00356108695268631 -1.0141204595565796
1681767740.552245 86.56887817382812 0.055665962398052216 0.0011254060082137585 -1.0540595054626465
1681767740.5651724 86.5797119140625 0.04629754647612572 0.0004869423573836684 -1.0493117570877075
1681767740.57914 86.58963012695312 0.044947899878025055 -0.0009642065269872546 -1.0568658113479614
1681767740.5922444 86.59964752197266 0.042607154697179794 -0.009325740858912468 -1.048526406288147
1681767740.5922673 86.60556030273438 0.04974500089883804 -0.006929192692041397 -1.054724097251892
1681767740.620216 86.61448669433594 0.06172145530581474 -0.004150814842432737 -1.0598808526992798
1681767740.6331775 86.62240600585938 0.05979248136281967 -0.005407222546637058 -1.053646445274353
1681767740.6332023 86.62841033935547 0.05425521731376648 -0.003998974338173866 -1.0404497385025024
1681767740.6462677 86.6363296508789 0.05017989128828049 -0.0034606698900461197 -1.026465892791748
1681767740.659266 86.64625549316406 0.048044413328170776 -0.007437353953719139 -1.0115678310394287
1681767740.6732514 86.65717315673828 0.045833565294742584 -0.008348464034497738 -1.0065345764160156
1681767740.6901624 86.70960998535156 0.04238908737897873 0.007599114440381527 -1.0043429136276245
1681767740.7042162 86.71361541748047 0.03761053830385208 0.008129973895847797 -1.0031006336212158
1681767740.7182293 86.71771240234375 0.03157167509198189 0.008059492334723473 -1.0008653402328491
1681767740.7182584 86.72162628173828 0.029429148882627487 0.010722272098064423 -0.9999853372573853
1681767740.7311902 86.7315444946289 0.019701875746250153 0.012396657839417458 -1.007934331893921
1681767740.744235 86.74446868896484 0.005333548411726952 -0.0030385497957468033 -1.0160881280899048
1681767740.7582462 86.75430297851562 0.012040914967656136 -0.007500754669308662 -1.0244964361190796
1681767740.771204 86.76422119140625 0.015095377340912819 -0.005115936044603586 -1.0281902551651
1681767740.785218 86.76822662353516 0.019610416144132614 -0.0005741720087826252 -1.0364669561386108
1681767740.799194 86.77715301513672 0.018060782924294472 -0.009038501419126987 -1.0474847555160522
1681767740.7992258 86.81784057617188 0.014543358236551285 -0.023036835715174675 -1.0031769275665283
1681767740.812238 86.82976531982422 0.01822127401828766 -0.023708980530500412 -1.007642149925232
1681767740.8252354 86.83768463134766 0.027884628623723984 -0.021876448765397072 -1.0198626518249512
1681767740.8371835 86.84760284423828 0.03361257165670395 -0.022732241079211235 -1.0244171619415283
1681767740.8522508 86.85652923583984 0.027328800410032272 -0.016501126810908318 -1.0086767673492432
1681767740.8522735 86.86253356933594 0.022960200905799866 -0.007142690476030111 -1.0017427206039429
1681767740.865235 86.86644744873047 0.016413984820246696 -0.010022031143307686 -0.9958492517471313
1681767740.8781934 86.8724594116211 0.017341963946819305 -0.006131340749561787 -0.9907070994377136
1681767740.889221 86.88438415527344 0.016131028532981873 -0.0005867006839253008 -0.983299732208252
1681767740.889243 86.88829803466797 0.01949414052069187 0.004425332881510258 -0.9869595170021057
1681767740.9021904 86.897216796875 0.021907322108745575 0.0054342676885426044 -0.9945374727249146
1681767740.9132242 86.93162536621094 0.006447705905884504 0.004874605685472488 -1.0010831356048584
1681767740.92732 86.94264221191406 0.012865708209574223 0.00772602204233408 -1.0074623823165894
1681767740.9411843 86.95647430419922 0.016272779554128647 0.01994992233812809 -0.9918885231018066
1681767740.953225 86.96640014648438 0.01646323688328266 0.016220182180404663 -0.9952687621116638
1681767740.9682493 86.97240447998047 0.011559109203517437 0.008801107294857502 -0.9952198266983032
1681767740.9822595 86.98323822021484 0.010433515533804893 0.007651105057448149 -0.9989874958992004
1681767740.994211 86.99315643310547 0.015972746536135674 0.010097096674144268 -1.0074361562728882
1681767741.0071952 87.00116729736328 0.012844808399677277 0.0012139531318098307 -1.0055700540542603
1681767741.0212336 87.01109313964844 0.010768325999379158 -0.00513805914670229 -1.0008959770202637
1681767741.0212667 87.01500701904297 0.012157727964222431 -0.004357383586466312 -1.0007656812667847
1681767741.0352297 87.0199203491211 0.01198751199990511 -0.0028853737749159336 -0.9988539814949036
1681767741.0482624 87.02593231201172 0.011876310221850872 -0.0010908592958003283 -0.9945961833000183
1681767741.062207 87.07235717773438 0.022779589518904686 -0.013311737217009068 -0.9992281198501587
1681767741.0622559 87.07635498046875 0.023185862228274345 -0.016828753054142 -0.998704195022583
1681767741.0743043 87.08819580078125 0.024772783741354942 -0.024131465703248978 -1.0032635927200317
1681767741.0872333 87.0990219116211 0.024190466850996017 -0.012289538979530334 -0.9972714185714722
1681767741.1012573 87.11076354980469 0.023799307644367218 -0.01966971531510353 -0.9926527738571167
1681767741.1012838 87.11659240722656 0.023158086463809013 -0.02108808420598507 -0.9923674464225769
1681767741.1262789 87.1285171508789 0.024447957053780556 -0.026210103183984756 -0.9988129138946533
1681767741.1401887 87.1366195678711 0.028990739956498146 -0.021959399804472923 -1.0052282810211182
1681767741.1402173 87.14344787597656 0.026006033644080162 -0.02633349597454071 -1.0038419961929321
1681767741.151261 87.15518951416016 0.03215065971016884 -0.03618833050131798 -1.01426362991333
1681767741.1641924 87.16510772705078 0.034871235489845276 -0.03585577756166458 -1.0179333686828613
1681767741.194241 87.17858123779297 0.02735188975930214 -0.032404448837041855 -1.0052813291549683
1681767741.2092376 87.22664642333984 0.028364229947328568 -0.036290962249040604 -1.023795485496521
1681767741.2222161 87.23656463623047 0.028162406757473946 -0.034653548151254654 -1.0240180492401123
1681767741.2352254 87.24639892578125 0.025685153901576996 -0.028982266783714294 -1.0137594938278198
1681767741.235248 87.25231170654297 0.027861427515745163 -0.025962604209780693 -1.0133311748504639
1681767741.2492352 87.26123809814453 0.02652737684547901 -0.023808058351278305 -1.0139459371566772
1681767741.2765093 87.27507019042969 0.021198587492108345 -0.020360801368951797 -1.009324073791504
1681767741.2892654 87.28499603271484 0.01914496161043644 -0.01784886233508587 -1.0132032632827759
1681767741.3031826 87.2948226928711 0.021031757816672325 -0.01943257451057434 -1.019094705581665
1681767741.3162413 87.30384063720703 0.018659697845578194 -0.024747218936681747 -1.0216693878173828
1681767741.3162622 87.30975341796875 0.018755091354250908 -0.0224305409938097 -1.0289027690887451
1681767741.333275 87.3525390625 0.006138238590210676 -0.009580128826200962 -1.0376101732254028
1681767741.3472354 87.36236572265625 -5.9321639128029346e-05 -0.00703816395252943 -1.0414726734161377
1681767741.3602684 87.37037658691406 0.0013631616020575166 -0.01686161197721958 -1.0407696962356567
1681767741.3742104 87.37438201904297 0.00298609072342515 -0.015873977914452553 -1.0403435230255127
1681767741.3881557 87.38330078125 -0.002628602785989642 -0.007044960744678974 -1.035881757736206
1681767741.4002078 87.39322662353516 -0.007179537322372198 -0.003181746229529381 -1.0273512601852417
1681767741.4182465 87.4320068359375 0.0007816884899511933 -0.005864293314516544 -1.0005817413330078
1681767741.418268 87.43592071533203 0.004053219221532345 -0.00989510677754879 -1.003753423690796
1681767741.431232 87.44793701171875 0.007166977506130934 -0.020421013236045837 -0.9972794055938721
1681767741.4451869 87.45977020263672 0.008054674603044987 -0.020815739408135414 -0.9866220951080322
1681767741.4603724 87.46859741210938 0.005977770779281855 -0.01789785549044609 -0.9853262305259705
1681767741.4863913 87.4825210571289 0.0033735951874405146 -0.023375220596790314 -0.979002058506012
1681767741.5013726 87.49244689941406 0.009585360065102577 -0.020826585590839386 -0.9891178011894226
1681767741.5014346 87.49835968017578 0.010746304877102375 -0.021342970430850983 -0.9904902577400208
1681767741.5142925 87.50928497314453 0.00834659393876791 -0.028360849246382713 -1.0040748119354248
1681767741.5262797 87.5211181640625 0.004561533220112324 -0.028580883517861366 -0.9896956086158752
1681767741.5421915 87.52503204345703 0.003437223145738244 -0.02699880860745907 -0.9805740118026733
1681767741.5552125 87.53304290771484 0.0030842649284750223 -0.021956849843263626 -0.9742681384086609
1681767741.567342 87.58647918701172 0.016168534755706787 0.004325294401496649 -0.9972004294395447
1681767741.5812588 87.59840393066406 0.015723301097750664 0.0004625163273885846 -1.0179942846298218
1681767741.5942366 87.6063232421875 0.01485660020262003 -0.0019032666459679604 -1.0266063213348389
1681767741.60723 87.61624145507812 0.009149082936346531 0.004380377475172281 -1.036567211151123
1681767741.6072493 87.62225341796875 0.0023276524152606726 0.0019078582990914583 -1.0313442945480347
1681767741.622189 87.62716674804688 0.0007583023980259895 0.0002724712830968201 -1.0352036952972412
1681767741.6352172 87.63117218017578 0.0008288190583698452 -0.004361693747341633 -1.036200761795044
1681767741.6482244 87.64309692382812 0.00017151504289358854 -0.011050991714000702 -1.0382579565048218
1681767741.6482458 87.64701080322266 -3.3576012356206775e-05 -0.01127205416560173 -1.0410438776016235
1681767741.6612203 87.65702819824219 -0.0004828880773857236 -0.0194490235298872 -1.055473804473877
1681767741.6752355 87.66785430908203 0.0002878416271414608 -0.023702317848801613 -1.0441185235977173
1681767741.6881917 87.67778015136719 0.007724061608314514 -0.018541062250733376 -1.0406099557876587
1681767741.7022378 87.6817855834961 0.006244738586246967 -0.015850210562348366 -1.033228874206543
1681767741.7162287 87.73221588134766 0.006671342998743057 -0.018605804070830345 -1.0037330389022827
1681767741.730228 87.74404907226562 0.003783107502385974 -0.02316056191921234 -1.0098850727081299
1681767741.7442286 87.75287628173828 0.004799072165042162 -0.02094285748898983 -1.0059205293655396
1681767741.7442682 87.75879669189453 0.0018790269969031215 -0.018748756498098373 -0.996426522731781
1681767741.7574081 87.76862335205078 0.003243515267968178 -0.01949995942413807 -0.9948518872261047
1681767741.7852397 87.78437042236328 0.005470715928822756 -0.026183048263192177 -1.0041300058364868
1681767741.7982042 87.79520416259766 -0.0022858884185552597 -0.03194710239768028 -1.015291452407837
1681767741.8102312 87.80703735351562 -0.0043829879723489285 -0.03719671070575714 -1.020644187927246
1681767741.823225 87.81696319580078 -0.00610013771802187 -0.03783995658159256 -1.0158050060272217
1681767741.838237 87.82678985595703 -0.0006914366967976093 -0.035318996757268906 -1.0135469436645508
1681767741.8512342 87.83380126953125 -0.0005829607835039496 -0.03190373256802559 -1.0226175785064697
1681767741.864195 87.84371948242188 -0.01116472203284502 -0.03223024308681488 -1.0127595663070679
1681767741.8782232 87.88814544677734 0.0010765389306470752 -0.030257686972618103 -1.0226978063583374
1681767741.8782575 87.89414978027344 0.004381494130939245 -0.03052309900522232 -1.02070951461792
1681767741.8912187 87.9040756225586 0.004083065316081047 -0.028365444391965866 -1.0165189504623413
1681767741.9042327 87.91490936279297 0.002415191847831011 -0.024862144142389297 -1.004304051399231
1681767741.9182675 87.92665100097656 0.004652318079024553 -0.028007464483380318 -0.988797128200531
1681767741.9322212 87.9305648803711 0.005024828016757965 -0.028136765584349632 -0.993975043296814
1681767741.9452608 87.94239807128906 0.0011100845877081156 -0.030089108273386955 -1.0000276565551758
1681767741.958312 87.95122528076172 0.010377539321780205 -0.027147890999913216 -1.0085612535476685
1681767741.9722579 87.96296691894531 0.007387302350252867 -0.03257531300187111 -0.9943857192993164
1681767741.9722784 87.96888732910156 0.009775450453162193 -0.029311835765838623 -0.9921413064002991
1681767741.9851606 87.98062896728516 0.010971647687256336 -0.01838693581521511 -0.9891244173049927
1681767742.0133 87.98863983154297 0.0058904411271214485 -0.01851370371878147 -0.9879317283630371
1681767742.0133255 87.9935531616211 0.004253346007317305 -0.017899705097079277 -0.9928737878799438
1681767742.026303 88.03624725341797 -0.00428811414167285 -0.019471880048513412 -1.0157380104064941
1681767742.0263355 88.0401611328125 -0.003739011939615011 -0.017795970663428307 -1.0150628089904785
1681767742.0391908 88.04998779296875 -0.0013595770578831434 -0.015190287493169308 -1.013865351676941
1681767742.050176 88.06182861328125 -0.0001570531167089939 -0.014898285269737244 -1.018367052078247
1681767742.0642543 88.06983947753906 0.0015620762715116143 -0.012888635508716106 -1.017336368560791
1681767742.0901864 88.08649444580078 0.0019713789224624634 -0.021286532282829285 -1.0299351215362549
1681767742.1051908 88.0945053100586 0.008375609293580055 -0.017750853672623634 -1.034522294998169
1681767742.105215 88.10050964355469 0.00860827136784792 -0.016511738300323486 -1.032294511795044
1681767742.1185422 88.11043548583984 0.00752224400639534 -0.02064708061516285 -1.0277913808822632
1681767742.1303375 88.12117767333984 0.01011486817151308 -0.017921792343258858 -1.0149240493774414
1681767742.1434333 88.1310043334961 0.007194707170128822 -0.022451801225543022 -1.003890872001648
1681767742.1595345 88.13701629638672 0.007219087798148394 -0.01617683656513691 -1.0046356916427612
1681767742.1732423 88.18744659423828 0.002374803414568305 -0.029411066323518753 -1.011695384979248
1681767742.1862574 88.19845581054688 0.0008193334215320647 -0.034142058342695236 -1.0062196254730225
1681767742.199194 88.21011352539062 0.002009310759603977 -0.0271799024194479 -0.992223858833313
1681767742.213305 88.22193908691406 0.0037379213608801365 -0.027404362335801125 -0.9908860325813293
1681767742.2133534 88.22603607177734 0.004251607693731785 -0.025553712621331215 -0.9921053647994995
1681767742.2542384 88.24488067626953 0.01998990774154663 -0.018022969365119934 -0.9954764246940613
1681767742.254262 88.24879455566406 0.020728157833218575 -0.015974728390574455 -0.9914707541465759
1681767742.2672646 88.25680541992188 0.019504740834236145 -0.013442396186292171 -0.9824822545051575
1681767742.2802575 88.26863861083984 0.016322221606969833 -0.014766215346753597 -0.9675906896591187
1681767742.2942054 88.2795639038086 0.016635378822684288 -0.008014511317014694 -0.9655374884605408
1681767742.335251 88.34410095214844 0.01377326063811779 0.0009157734457403421 -1.0074769258499146
1681767742.3352718 88.34801483154297 0.0136046651750803 9.516414138488472e-05 -1.0138496160507202
1681767742.3492205 88.35693359375 0.013663996011018753 -0.002897739177569747 -1.024821400642395
1681767742.362216 88.36685943603516 0.004824853967875242 -0.006406055297702551 -1.0288575887680054
1681767742.3753502 88.37678527832031 -0.0005669433739967644 -0.009086111560463905 -1.0301082134246826
1681767742.3754423 88.38078308105469 0.001498786499723792 -0.0031403694301843643 -1.0298405885696411
1681767742.3893344 88.38670349121094 -0.00022481288760900497 -0.004624555818736553 -1.0262902975082397
1681767742.4032092 88.39070892333984 0.0012125837383791804 -0.006411829963326454 -1.0348851680755615
1681767742.416281 88.39962768554688 0.0003364367294125259 -0.007001455873250961 -1.0456831455230713
1681767742.4163277 88.4056396484375 -0.0020217723213136196 -0.0027844677679240704 -1.0448241233825684
1681767742.4292808 88.44805908203125 -0.00801797118037939 -0.02224164642393589 -1.0321314334869385
1681767742.4422684 88.4578857421875 -0.006865400355309248 -0.0381377637386322 -1.0260562896728516
1681767742.454274 88.46772003173828 0.005460555665194988 -0.040402136743068695 -1.019014835357666
1681767742.4692352 88.47855377197266 0.006982005666941404 -0.042488306760787964 -1.008935570716858
1681767742.4692757 88.48446655273438 0.00886552594602108 -0.041956424713134766 -1.0085301399230957
1681767742.4952464 88.49629974365234 0.008499440737068653 -0.05039302259683609 -0.9934424161911011
1681767742.510341 88.5062255859375 0.013788609765470028 -0.05529249832034111 -0.9972472190856934
1681767742.5104067 88.51213836669922 0.01402298267930746 -0.05338061973452568 -0.9953234195709229
1681767742.5232425 88.52114868164062 0.010121015831828117 -0.05714700371026993 -0.983799159526825
1681767742.5352168 88.5309829711914 0.010075678117573261 -0.05580848827958107 -0.9879226684570312
1681767742.5632908 88.54691314697266 0.0077789113856852055 -0.049786604940891266 -0.9977574944496155
1681767742.5764143 88.59324645996094 0.018348371610045433 -0.016008784994482994 -1.0062586069107056
1681767742.590269 88.60426330566406 0.012349910102784634 -0.013722541742026806 -1.0005745887756348
1681767742.5902996 88.6081771850586 0.01262683980166912 -0.015009051188826561 -0.998776912689209
1681767742.603235 88.61809539794922 0.020118724554777145 -0.002352967858314514 -0.9994785785675049
1681767742.6162663 88.62811279296875 0.01995699293911457 -0.00041548575973138213 -1.006313443183899
1681767742.6301851 88.63803100585938 0.015776101499795914 0.002763456664979458 -1.0115419626235962
1681767742.644263 88.6429443359375 0.012708432972431183 0.00014663570618722588 -1.0120446681976318
1681767742.657241 88.65287017822266 0.0034354894887655973 -0.0040410105139017105 -1.0226130485534668
1681767742.6703331 88.664794921875 3.951718099415302e-06 -0.010468337684869766 -1.0338953733444214
1681767742.6844285 88.67471313476562 -0.0034972624853253365 -0.005568025633692741 -1.0389025211334229
1681767742.6844893 88.67871856689453 -0.007972363382577896 -0.005476987920701504 -1.0434911251068115
1681767742.6962745 88.6895523071289 -0.015241939574480057 -0.012393740937113762 -1.058510661125183
1681767742.7112346 88.69346618652344 -0.017133863642811775 -0.012844386510550976 -1.060308814048767
1681767742.7242846 88.7033920288086 -0.020289182662963867 -0.009299295023083687 -1.053904414176941
1681767742.7372284 88.75144958496094 0.003285684622824192 -0.0030658631585538387 -1.0193253755569458
1681767742.7502565 88.7596435546875 0.0042719291523098946 -0.0057678003795444965 -1.0008162260055542
1681767742.7642307 88.77229309082031 0.011151576414704323 -0.005382241681218147 -0.9839447140693665
1681767742.764267 88.77812194824219 0.012112405151128769 -0.0001834210124798119 -0.9789761304855347
1681767742.777302 88.78804779052734 0.012387851253151894 -0.004096894524991512 -0.9702515006065369
1681767742.805217 88.796142578125 0.010907466523349285 -0.020567860454320908 -0.9789859056472778
1681767742.8052416 88.8001480102539 0.010758046992123127 -0.027054153382778168 -0.9828954935073853
1681767742.8171914 88.81289672851562 0.01794632337987423 -0.029672233387827873 -0.9885028600692749
1681767742.8312266 88.82272338867188 0.017760490998625755 -0.030996570363640785 -0.9907719492912292
1681767742.8492162 88.83264923095703 0.012565094977617264 -0.02637401968240738 -0.9868203997612
1681767742.863255 88.87934875488281 -0.01416449248790741 -0.034580279141664505 -1.011598825454712
1681767742.8764837 88.89009094238281 -0.008961118757724762 -0.03703928738832474 -1.0314300060272217
1681767742.8903682 88.89591217041016 -0.00859872717410326 -0.0317382775247097 -1.0395394563674927
1681767742.9042451 88.90774536132812 -0.01057988777756691 -0.0181538425385952 -1.0345079898834229
1681767742.9171917 88.91584777832031 -0.00934248510748148 -0.026994362473487854 -1.029495358467102
1681767742.9312513 88.92485809326172 0.001612881082110107 -0.016377031803131104 -1.0324839353561401
1681767742.9422405 88.93650817871094 -0.00784845370799303 -0.014985992573201656 -1.0181033611297607
1681767742.9701986 88.95243835449219 -0.001606964273378253 -0.02554093860089779 -1.0020291805267334
1681767742.9832788 88.99695587158203 0.009270763024687767 -0.023640301078557968 -1.0031013488769531
1681767742.9973066 89.01187896728516 0.003260191297158599 -0.010339368134737015 -1.0022424459457397
1681767743.0092905 89.02362060546875 -0.00298475893214345 -0.030342480167746544 -0.9956781268119812
1681767743.0224383 89.03555297851562 0.004245345946401358 -0.028789177536964417 -1.015868902206421
1681767743.037294 89.04364776611328 0.00525734992697835 -0.0204116590321064 -1.0195329189300537
1681767743.051273 89.05047607421875 0.0021207486279308796 -0.01773466356098652 -1.020642638206482
1681767743.0632336 89.06230926513672 -0.0028496223967522383 -0.029557593166828156 -1.0118788480758667
1681767743.0772119 89.07223510742188 0.006029380019754171 -0.028634723275899887 -1.0162628889083862
1681767743.0772529 89.0781478881836 0.0033853640779852867 -0.033084940165281296 -1.0168910026550293
1681767743.0902634 89.087158203125 -0.0019309681374579668 -0.031142503023147583 -1.0146971940994263
1681767743.1182983 89.09890747070312 6.298476364463568e-05 -0.039952121675014496 -1.0055619478225708
1681767743.118321 89.10291290283203 0.006341361440718174 -0.040031302720308304 -1.005660891532898
1681767743.1312807 89.14942169189453 0.020867742598056793 -0.035181257873773575 -0.996238112449646
1681767743.1442437 89.15934753417969 0.015787845477461815 -0.019054098054766655 -0.9923685789108276
1681767743.1582382 89.16826629638672 0.012612863443791866 -0.027536490932106972 -0.9855242371559143
1681767743.1712143 89.18401336669922 0.022641709074378014 -0.03494374826550484 -1.0028517246246338
1681767743.1832988 89.19403076171875 0.02284618467092514 -0.019751515239477158 -1.013610601425171
1681767743.1992714 89.19794464111328 0.020124295726418495 -0.014916272833943367 -1.010711431503296
1681767743.2122865 89.2059555053711 0.011028549633920193 -0.02196328714489937 -0.9959068298339844
1681767743.2242398 89.21869659423828 0.01454890426248312 -0.025534749031066895 -0.9972586631774902
1681767743.237238 89.22862243652344 0.007385646924376488 -0.018990281969308853 -1.0002949237823486
1681767743.2512581 89.23844909667969 0.004952277522534132 -0.01519649289548397 -1.0027824640274048
1681767743.2512975 89.2424545288086 0.005131295882165432 -0.011938683688640594 -0.9958570003509521
1681767743.2782142 89.25337982177734 0.011106283403933048 -0.014658467844128609 -1.0031516551971436
1681767743.2922676 89.3038101196289 0.008781764656305313 9.797334496397525e-05 -1.0040738582611084
1681767743.3052151 89.31372833251953 0.002536578569561243 0.0061210403218865395 -0.9979978799819946
1681767743.3052382 89.31964874267578 0.0029945364221930504 0.007135977502912283 -0.9999396800994873
1681767743.3182735 89.3276596069336 0.005834017880260944 0.0003514771815389395 -1.004104733467102
1681767743.3322468 89.33848571777344 0.009594311937689781 -0.002970461267977953 -1.0170540809631348
1681767743.3452153 89.3484115600586 0.011607074178755283 -4.615570651367307e-05 -1.0263383388519287
1681767743.3593361 89.35250854492188 0.01186024397611618 -0.0034933811984956264 -1.0254449844360352
1681767743.3734322 89.3624267578125 0.010305930860340595 -0.008632291108369827 -1.0213704109191895
1681767743.3864193 89.37135314941406 0.00721282372251153 -0.013123895972967148 -1.0216219425201416
1681767743.3993058 89.38719177246094 0.008040003478527069 -0.016886534169316292 -1.0182852745056152
1681767743.4123015 89.42987823486328 0.010547006502747536 -0.008163207210600376 -1.007461667060852
1681767743.4262507 89.44180297851562 0.006251173559576273 -0.017131011933088303 -1.0058400630950928
1681767743.4392555 89.45254516601562 -0.005128967575728893 -0.02498813159763813 -1.001035451889038
1681767743.4532614 89.45655059814453 -0.0028885547071695328 -0.017990585416555405 -1.002840280532837
1681767743.4662294 89.46829223632812 0.0029586153104901314 -0.014467212371528149 -1.006117582321167
1681767743.479279 89.47621154785156 0.004090447910130024 -0.022697236388921738 -1.0061721801757812
1681767743.4793332 89.48213195800781 0.003374685999006033 -0.03194005414843559 -1.0064290761947632
1681767743.4932745 89.49296569824219 0.006161749362945557 -0.03320348635315895 -1.0107522010803223
1681767743.5182595 89.50479888916016 0.005760073661804199 -0.03277688845992088 -1.0061368942260742
1681767743.5182846 89.5107192993164 0.0053574927151203156 -0.031948965042829514 -1.0067706108093262
1681767743.5312114 89.52255249023438 0.003323117969557643 -0.04357464239001274 -1.003029227256775
1681767743.5442455 89.53056335449219 0.005540494341403246 -0.0443364642560482 -1.0018501281738281
1681767743.5582173 89.54330444335938 0.012355291284620762 -0.030142325907945633 -1.0074141025543213
1681767743.5582497 89.54922485351562 0.012661672197282314 -0.031349118798971176 -1.0080137252807617
1681767743.5763474 89.55323028564453 0.009844545274972916 -0.03358258306980133 -1.0049986839294434
1681767743.605253 89.60774993896484 0.0037523279897868633 0.0023263234179466963 -1.0056480169296265
1681767743.61827 89.6186752319336 0.013656032271683216 0.022613313049077988 -1.0228196382522583
1681767743.6312501 89.62860107421875 0.003128569107502699 0.015067937783896923 -1.0165960788726807
1681767743.6442816 89.63652038574219 0.0008568425546400249 0.009580632671713829 -1.023947834968567
1681767743.6582038 89.64844512939453 0.005827411077916622 0.017519555985927582 -1.022722601890564
1681767743.658252 89.65235900878906 0.0027527851052582264 0.017143527045845985 -1.0122148990631104
1681767743.6862638 89.665283203125 -0.0013342751190066338 0.01661873608827591 -0.9963630437850952
1681767743.6863065 89.67111206054688 -0.0016383831389248371 0.009798763319849968 -0.9916604161262512
1681767743.699292 89.71370697021484 0.002043464221060276 -0.00606147525832057 -1.0117316246032715
1681767743.7112594 89.72372436523438 -0.0007861978956498206 0.00456366827711463 -1.0051922798156738
1681767743.724257 89.73355102539062 -0.005155337043106556 0.0038859820924699306 -1.0012282133102417
1681767743.7392159 89.74639129638672 -0.012564717791974545 -0.007118451874703169 -1.0008735656738281
1681767743.7392566 89.75221252441406 -0.009403727948665619 -0.005853176582604647 -1.0051932334899902
1681767743.7512982 89.7561264038086 -0.005519301630556583 0.002484215423464775 -1.014037013053894
1681767743.7652454 89.76213836669922 -0.0032782312482595444 0.005074508022516966 -1.021167516708374
1681767743.779301 89.76996612548828 -0.005821692757308483 0.001455014804378152 -1.0253517627716064
1681767743.779342 89.77397155761719 -0.008974873460829258 -0.007539098616689444 -1.0179108381271362
1681767743.7922654 89.78671264648438 -0.008822327479720116 -0.013170093297958374 -1.0171706676483154
1681767743.8052661 89.79854583740234 -0.013438829220831394 -0.006464351434260607 -1.0138638019561768
1681767743.8332524 89.81256866455078 -0.01070119347423315 -0.0205116868019104 -1.0092811584472656
1681767743.8462868 89.86408996582031 0.006306907627731562 -0.03584771603345871 -1.0181784629821777
1681767743.8592875 89.8758316040039 0.0034159652423113585 -0.034174785017967224 -1.0141562223434448
1681767743.8722491 89.88574981689453 0.0042345356196165085 -0.03134223446249962 -0.994114100933075
1681767743.8862545 89.89366912841797 0.005133483558893204 -0.038280945271253586 -0.990635335445404
1681767743.886296 89.898681640625 0.006737751420587301 -0.049522023648023605 -1.0061484575271606
1681767743.9132497 89.91051483154297 0.006559107452630997 -0.04746119678020477 -1.0188175439834595
1681767743.9132771 89.91642761230469 0.012479469180107117 -0.04020799323916435 -1.0194324254989624
1681767743.9282477 89.92826080322266 0.011660836637020111 -0.0417943075299263 -1.0170116424560547
1681767743.9412422 89.93636322021484 0.006371715106070042 -0.05843060091137886 -1.0157601833343506
1681767743.9522529 89.94710540771484 0.005385936703532934 -0.059700142592191696 -1.0220786333084106
1681767743.9803638 89.9649429321289 0.0011992946965619922 -0.04759524017572403 -0.9990787506103516
1681767743.9925058 89.97486877441406 -0.0006902319146320224 -0.05548273026943207 -0.9956824779510498
1681767744.005336 90.0203857421875 0.004321754444390535 -0.056305091828107834 -1.0111587047576904
1681767744.019426 90.03203582763672 0.0020492938347160816 -0.041947755962610245 -0.9950499534606934
1681767744.019549 90.03794860839844 0.0031885977368801832 -0.03418193757534027 -0.9917887449264526
1681767744.031322 90.0478744506836 0.0055848886258900166 -0.040557052940130234 -1.005887746810913
1681767744.043251 90.05597686767578 0.008833819068968296 -0.044352445751428604 -1.0217528343200684
1681767744.058284 90.06098175048828 0.011220392771065235 -0.044901348650455475 -1.022100567817688
1681767744.0712366 90.07080841064453 0.015869688242673874 -0.0310391616076231 -1.0247567892074585
1681767744.0842993 90.08064270019531 0.006488173268735409 -0.03572801500558853 -1.0148907899856567
1681767744.0982451 90.0904769897461 -0.0021110742818564177 -0.04377424716949463 -1.0117918252944946
1681767744.0982838 90.09456634521484 -0.005609219428151846 -0.04369165375828743 -1.0060709714889526
1681767744.109281 90.10540008544922 0.0020310108084231615 -0.03524285554885864 -1.0009675025939941
1681767744.125246 90.11132049560547 0.006100416649132967 -0.026200206950306892 -1.0083255767822266
1681767744.1392138 90.11714172363281 0.0036242895293980837 -0.024095671251416206 -1.0010753870010376
1681767744.1392388 90.12105560302734 0.001923574018292129 -0.029644494876265526 -1.0007526874542236
1681767744.1522462 90.16593170166016 0.008822801522910595 -0.020874612033367157 -1.016198754310608
1681767744.1522882 90.1718521118164 0.004652321804314852 -0.02573772519826889 -1.008857011795044
1681767744.1643212 90.18268585205078 0.010228428989648819 -0.024904774501919746 -1.0029019117355347
1681767744.1782494 90.19442749023438 0.013227811083197594 -0.018286991864442825 -0.991286039352417
1681767744.190186 90.20225524902344 0.02086794190108776 -0.020582444965839386 -0.9997334480285645
1681767744.20322 90.2121810913086 0.02493073046207428 -0.029216550290584564 -1.0142335891723633
1681767744.2173138 90.21627044677734 0.02518782764673233 -0.027657272294163704 -1.010640263557434
1681767744.2302656 90.22528839111328 0.022857196629047394 -0.02114034816622734 -1.0002390146255493
1681767744.243301 90.23511505126953 0.02162594348192215 -0.025725416839122772 -0.9989348649978638
1681767744.2433412 90.24103546142578 0.01888219639658928 -0.029127085581421852 -0.9921248555183411
1681767744.256215 90.2509536743164 0.01677694171667099 -0.03151794523000717 -0.9771966934204102
1681767744.2692106 90.25887298583984 0.014765019528567791 -0.029911423102021217 -0.9759522080421448
1681767744.284265 90.26387786865234 0.01849433034658432 -0.027332749217748642 -0.9789032936096191
1681767744.297252 90.27562713623047 0.02456490695476532 -0.016814200207591057 -0.9777241945266724
1681767744.310326 90.32231903076172 0.011574693955481052 -0.020601937547326088 -0.9953582286834717
1681767744.3242714 90.33415222167969 0.009722785092890263 -0.02104712650179863 -0.9959309697151184
1681767744.3243155 90.34007263183594 0.014307688921689987 -0.010891519486904144 -1.0053417682647705
1681767744.3372447 90.35090637207031 0.01771753467619419 0.00017121958080679178 -1.0067404508590698
1681767744.350221 90.36073303222656 0.018390119075775146 -0.013570809736847878 -1.0180909633636475
1681767744.3652256 90.36473846435547 0.017901260405778885 -0.020657915621995926 -1.0260450839996338
1681767744.3782687 90.37274932861328 0.01877187378704548 -0.019201425835490227 -1.0246347188949585
1681767744.3912919 90.38267517089844 0.022438114508986473 -0.007482544984668493 -1.0330727100372314
1681767744.4061856 90.39559936523438 0.00773006584495306 -0.017066963016986847 -1.0134764909744263
1681767744.4202642 90.4381103515625 0.011751960031688213 -0.021598322317004204 -1.0124179124832153
1681767744.4332705 90.44602966308594 0.014560393989086151 -0.024296898394823074 -1.018809199333191
1681767744.4452767 90.4578628540039 0.0204770490527153 -0.014425273984670639 -1.0221928358078003
1681767744.4593513 90.46678161621094 0.009172767400741577 -0.01910572499036789 -1.0116934776306152
1681767744.4732363 90.47078704833984 0.003068456659093499 -0.024075718596577644 -1.0041474103927612
1681767744.4849725 90.48252868652344 -9.610201232135296e-06 -0.04000498354434967 -1.0049827098846436
1681767744.4982178 90.49236297607422 0.008868119679391384 -0.03208054602146149 -1.0077120065689087
1681767744.4982436 90.49627685546875 0.012477143667638302 -0.02561676688492298 -1.0078331232070923
1681767744.5112424 90.50437927246094 0.012580597773194313 -0.02894403040409088 -1.0010489225387573
1681767744.539366 90.52112579345703 0.016291309148073196 -0.04618009552359581 -1.0111256837844849
1681767744.5514169 90.5694580078125 0.022778423503041267 -0.035459551960229874 -0.9971297383308411
1681767744.5642633 90.57737731933594 0.025152334943413734 -0.030897896736860275 -0.9938905239105225
1681767744.579271 90.58547973632812 0.026263762265443802 -0.026173943653702736 -0.9991167783737183
1681767744.5923963 90.60232543945312 0.026066862046718597 -0.020841842517256737 -1.0018678903579712
1681767744.6044278 90.61033630371094 0.02379068359732628 -0.008100941777229309 -1.0044416189193726
1681767744.6334033 90.62425994873047 0.018367739394307137 -0.004484870005398989 -0.9998996257781982
1681767744.6452854 90.6331787109375 0.017970595508813858 -0.006496739573776722 -0.9986878037452698
1681767744.6623027 90.67787170410156 0.01339093316346407 -0.013560079038143158 -1.0203964710235596
1681767744.6772907 90.68779754638672 0.010606574825942516 -0.0067811086773872375 -1.0125207901000977
1681767744.6773336 90.69380187988281 0.009117969311773777 -0.0030300691723823547 -1.0062777996063232
1681767744.691285 90.7036361694336 0.009486012160778046 -0.009180054999887943 -1.0006818771362305
1681767744.7042964 90.71446990966797 0.016438104212284088 -0.013343336060643196 -1.0116549730300903
1681767744.7322953 90.72830200195312 0.01927686482667923 -0.0018381231930106878 -1.0163081884384155
1681767744.7453132 90.74031829833984 0.012561239302158356 -0.0038085535634309053 -0.9996903538703918
1681767744.7594047 90.74823760986328 0.012299690395593643 -0.004624195862561464 -1.005346417427063
1681767744.7594519 90.75325012207031 0.008164925500750542 -0.006187105551362038 -1.0007601976394653
1681767744.7724204 90.76307678222656 0.0027998103760182858 -0.0099613256752491 -1.002244472503662
1681767744.8004632 90.77300262451172 0.005012946669012308 -0.002832710975781083 -1.0127067565917969
1681767744.800531 90.77891540527344 0.0008843601681292057 -0.0025512403808534145 -1.021594524383545
1681767744.8135135 90.8233413696289 -0.0633058100938797 -0.029438020661473274 -1.0294781923294067
1681767744.826438 90.83826446533203 -0.06488345563411713 -0.02938513644039631 -1.0396589040756226
1681767744.8394682 90.84809875488281 -0.08045738190412521 -0.02647540345788002 -1.0337426662445068
1681767744.8514526 90.85801696777344 -0.08095642179250717 -0.04744518920779228 -1.0013703107833862
1681767744.8663952 90.86785125732422 -0.07462844997644424 -0.039703987538814545 -1.0169637203216553
1681767744.8924534 90.88468933105469 -0.05711964890360832 -0.038261331617832184 -1.025852084159851
1681767744.9063919 90.89260864257812 -0.056986138224601746 -0.03895101323723793 -1.014405369758606
1681767744.906493 90.89862060546875 -0.058234117925167084 -0.04564611241221428 -1.011290192604065
1681767744.9204047 90.908447265625 -0.0500086210668087 -0.03991950675845146 -1.001279354095459
1681767744.9364314 90.9510498046875 -0.03263209015130997 -0.040302813053131104 -1.0197484493255615
1681767744.9492986 90.96197509765625 -0.038149185478687286 -0.02833426557481289 -1.008217692375183
1681767744.9642715 90.9718017578125 -0.046459492295980453 -0.031747881323099136 -0.9904752969741821
1681767744.9773276 90.9758071899414 -0.049133606255054474 -0.03293725848197937 -0.9865597486495972
1681767744.9912436 90.98773193359375 -0.06942427903413773 -0.04469798877835274 -0.9938806891441345
1681767744.9912899 90.99164581298828 -0.06781405210494995 -0.03544396534562111 -0.9888973832130432
1681767745.0043063 91.00448608398438 -0.059137020260095596 -0.020159278064966202 -1.011623501777649
1681767745.0162878 91.01431274414062 -0.05784681439399719 -0.024388475343585014 -1.0165469646453857
1681767745.0452967 91.02833557128906 -0.06921841949224472 -0.028833482414484024 -1.019452452659607
1681767745.059432 91.0391616821289 -0.0744771882891655 -0.021379947662353516 -1.0251965522766113
1681767745.0722876 91.08731842041016 -0.07096139341592789 -0.022857340052723885 -1.0080617666244507
1681767745.0872843 91.09724426269531 -0.06036366894841194 -0.012201660312712193 -1.0128415822982788
1681767745.0873258 91.10315704345703 -0.05661933869123459 -0.016155479475855827 -1.0138959884643555
1681767745.0992827 91.11116790771484 -0.05553944408893585 -0.015104501508176327 -1.0119560956954956
1681767745.112857 91.1220932006836 -0.0554330013692379 -0.022232411429286003 -1.0188480615615845
1681767745.128269 91.12600708007812 -0.055569540709257126 -0.023466313257813454 -1.022611141204834
1681767745.1403015 91.13401794433594 -0.059218473732471466 -0.023616822436451912 -1.0178742408752441
1681767745.153281 91.14202880859375 -0.06167484074831009 -0.022694766521453857 -1.012386679649353
1681767745.1673021 91.15194702148438 -0.06049569696187973 -0.016326282173395157 -0.997920036315918
1681767745.1673257 91.1568603515625 -0.06538558006286621 -0.020321626216173172 -0.989855170249939
1681767745.17925 91.16869354248047 -0.06517352908849716 -0.024744348600506783 -0.9984826445579529
1681767745.211267 91.2213134765625 -0.06274987012147903 -0.01764824241399765 -0.9989496469497681
1681767745.2382188 91.23523712158203 -0.060882024466991425 -0.018276942893862724 -1.0086795091629028
1681767745.2513325 91.24816131591797 -0.06288875639438629 -0.01604640670120716 -1.0100141763687134
1681767745.2652762 91.26008605957031 -0.063141368329525 -0.016625434160232544 -1.0010873079299927
1681767745.2783153 91.27010345458984 -0.06643066555261612 -0.023521924391388893 -0.9979541301727295
1681767745.3052704 91.2829360961914 -0.06656292080879211 -0.01698426343500614 -1.004764437675476
1681767745.3195274 91.33118438720703 -0.05851723998785019 -0.01450239960104227 -1.0183544158935547
1681767745.3324883 91.33919525146484 -0.05886541306972504 -0.020333347842097282 -1.0113009214401245
1681767745.3454378 91.35102844238281 -0.05445133149623871 -0.011033488437533379 -1.0111581087112427
1681767745.3455617 91.35494232177734 -0.05546366795897484 -0.011257130652666092 -1.0064797401428223
1681767745.3584216 91.36577606201172 -0.05740784853696823 -0.011220116168260574 -1.0012527704238892
1681767745.3713062 91.37560272216797 -0.0572996623814106 -0.012945364229381084 -0.9961890578269958
1681767745.3862572 91.3795166015625 -0.05565375089645386 -0.011388548649847507 -0.9944673180580139
1681767745.3992922 91.38944244384766 -0.050640761852264404 -0.009975617751479149 -1.001485824584961
1681767745.4142687 91.3973617553711 -0.05068657547235489 -0.008374055847525597 -0.9985255002975464
1681767745.427317 91.44078063964844 -0.05146406963467598 -0.015277561731636524 -1.012364149093628
1681767745.4413235 91.45852661132812 -0.053633544594049454 -0.026097677648067474 -1.0227100849151611
1681767745.4542694 91.46845245361328 -0.05829092487692833 -0.02865658514201641 -1.023526668548584
1681767745.4662921 91.4783706665039 -0.06158825010061264 -0.02957574464380741 -1.015524983406067
1681767745.4812238 91.48329162597656 -0.06088148057460785 -0.029600108042359352 -1.0114129781723022
1681767745.495249 91.49512481689453 -0.05420641228556633 -0.02889382839202881 -1.0074387788772583
1681767745.507267 91.50504302978516 -0.049651697278022766 -0.028893180191516876 -1.007856011390686
1681767745.5213635 91.51687622070312 -0.049506835639476776 -0.033037006855010986 -1.006066918373108
1681767745.5214434 91.52179718017578 -0.04910706728696823 -0.03231150284409523 -1.002862811088562
1681767745.5622778 91.53963470458984 -0.0534001924097538 -0.02454330585896969 -0.9994242191314697
1681767745.5623147 91.54564666748047 -0.054816052317619324 -0.023089395835995674 -1.003125786781311
1681767745.5753312 91.59033966064453 -0.06875324249267578 -0.022990602999925613 -1.0201927423477173
1681767745.5872483 91.60016632080078 -0.07226377725601196 -0.022864457219839096 -1.0196400880813599
1681767745.601261 91.61090850830078 -0.07069460302591324 -0.0228253360837698 -1.0237679481506348
1681767745.6012836 91.61682891845703 -0.06769532710313797 -0.025438638404011726 -1.0252184867858887
1681767745.6152828 91.62674713134766 -0.0626734122633934 -0.02572713978588581 -1.0203185081481934
1681767745.6292758 91.63257598876953 -0.059323471039533615 -0.022341709583997726 -1.015655517578125
1681767745.642357 91.63858032226562 -0.0599215142428875 -0.021553605794906616 -1.0062016248703003
1681767745.6423888 91.64350128173828 -0.06174689158797264 -0.021533213555812836 -1.0020296573638916
1681767745.6562817 91.6534194946289 -0.06457814574241638 -0.024595823138952255 -0.9942758679389954
1681767745.6682444 91.66325378417969 -0.06024247035384178 -0.02331005409359932 -0.994255006313324
1681767745.6812155 91.67317199707031 -0.05362921580672264 -0.021470969542860985 -1.00215482711792
1681767745.6962698 91.68409729003906 -0.05374415963888168 -0.024289550259709358 -1.0116841793060303
1681767745.709262 91.68810272216797 -0.05623897165060043 -0.02640945464372635 -1.0119507312774658
1681767745.7224271 91.7386245727539 -0.061484791338443756 -0.028520599007606506 -1.0163142681121826
1681767745.7352488 91.7486343383789 -0.0598268061876297 -0.027786651626229286 -1.0137536525726318
1681767745.7512555 91.75856018066406 -0.06114669516682625 -0.02970592863857746 -1.0086570978164673
1681767745.7512813 91.7624740600586 -0.062117114663124084 -0.030321594327688217 -1.006944179534912
1681767745.7642534 91.77539825439453 -0.06232345104217529 -0.029872898012399673 -1.0001537799835205
1681767745.7924552 91.78923034667969 -0.06048540025949478 -0.029952755197882652 -0.999098539352417
1681767745.805301 91.80106353759766 -0.05495893955230713 -0.02714383229613304 -1.005806565284729
1681767745.8182812 91.80989837646484 -0.051221370697021484 -0.024840475991368294 -1.0098117589950562
1681767745.8312917 91.82173156738281 -0.05047537386417389 -0.023831825703382492 -1.011669397354126
1681767745.8313167 91.82573699951172 -0.05041465163230896 -0.024201279506087303 -1.0101988315582275
1681767745.872277 91.84366607666016 -0.051147252321243286 -0.021422475576400757 -1.0081276893615723
1681767745.8862484 91.8931884765625 -0.05456831678748131 -0.01419549249112606 -1.0108879804611206
1681767745.8993049 91.90911865234375 -0.053532809019088745 -0.0167604498565197 -1.0197447538375854
1681767745.9112628 91.91903686523438 -0.05424817278981209 -0.017353523522615433 -1.0207853317260742
1681767745.9263182 91.92796325683594 -0.0559287965297699 -0.01863408461213112 -1.0201022624969482
1681767745.9552598 91.94188690185547 -0.05697027966380119 -0.02366247959434986 -1.0157701969146729
1681767745.9682062 91.95181274414062 -0.05579807236790657 -0.025871897116303444 -1.0153778791427612
1681767745.9812632 91.96355438232422 -0.05333193391561508 -0.026630152016878128 -1.0140156745910645
1681767745.9952688 91.97438049316406 -0.052379854023456573 -0.02796614170074463 -1.0097472667694092
1681767745.9953034 91.98039245605469 -0.05322265625 -0.02859700284898281 -1.0055714845657349
1681767746.03826 92.04247283935547 -0.05216919630765915 -0.022032950073480606 -1.0091230869293213
1681767746.051325 92.05339813232422 -0.05425870418548584 -0.023627405986189842 -1.0118175745010376
1681767746.0642579 92.06331634521484 -0.05423550307750702 -0.022403359413146973 -1.0113991498947144
1681767746.0772655 92.07132720947266 -0.055353082716464996 -0.022582586854696274 -1.0086292028427124
1681767746.0772989 92.0772476196289 -0.055472925305366516 -0.021288035437464714 -1.0076007843017578
1681767746.0913017 92.08698272705078 -0.05531562492251396 -0.022180676460266113 -1.0076035261154175
1681767746.1182196 92.09781646728516 -0.053438227623701096 -0.021442685276269913 -1.0089608430862427
1681767746.1182442 92.1037368774414 -0.05303115397691727 -0.02046743780374527 -1.0077171325683594
1681767746.1322844 92.1483383178711 -0.05483292043209076 -0.016475439071655273 -1.0047175884246826
1681767746.1452684 92.1563491821289 -0.05613963305950165 -0.016480403020977974 -1.0044251680374146
1681767746.1583004 92.16626739501953 -0.05735151469707489 -0.015530945733189583 -1.005998134613037
1681767746.158335 92.17118835449219 -0.057040367275476456 -0.014433463104069233 -1.0093228816986084
1681767746.1712513 92.18302154541016 -0.05799000710248947 -0.014832834713160992 -1.013657569885254
1681767746.1992826 92.19303131103516 -0.05903967469930649 -0.015984566882252693 -1.015641212463379
1681767746.1993043 92.1989517211914 -0.05792099982500076 -0.014801505021750927 -1.0168821811676025
1681767746.2122998 92.20886993408203 -0.05782734230160713 -0.015483763068914413 -1.0168260335922241
1681767746.2262638 92.21979522705078 -0.058799274265766144 -0.01566501520574093 -1.0145598649978638
1681767746.2381904 92.22962951660156 -0.058950506150722504 -0.016428977251052856 -1.0121761560440063
1681767746.2522225 92.23963928222656 -0.05690979212522507 -0.015460248105227947 -1.0132777690887451
1681767746.2673147 92.2435531616211 -0.0568721741437912 -0.01558585837483406 -1.012618899345398
1681767746.2793057 92.25247192382812 -0.05506981164216995 -0.015023035928606987 -1.0136593580245972
1681767746.293309 92.29907989501953 -0.05524221062660217 -0.01609458401799202 -1.0075507164001465
1681767746.2933307 92.30500030517578 -0.05498216301202774 -0.016377359628677368 -1.006848692893982
1681767746.3062348 92.31692504882812 -0.05554221197962761 -0.01746838167309761 -1.0084145069122314
1681767746.3182695 92.3287582397461 -0.05553107708692551 -0.018375208601355553 -1.0094095468521118
1681767746.3333218 92.33767700195312 -0.05627784505486488 -0.01874307543039322 -1.0078556537628174
1681767746.3592947 92.35160064697266 -0.0559176504611969 -0.020110372453927994 -1.0047606229782104
1681767746.3744001 92.363525390625 -0.05467979237437248 -0.020743271335959435 -1.0054460763931274
1681767746.374471 92.36935424804688 -0.0552554652094841 -0.021121731027960777 -1.0065138339996338
1681767746.387282 92.38018798828125 -0.05273014307022095 -0.021978681907057762 -1.0090115070343018
1681767746.3993428 92.39202117919922 -0.050277262926101685 -0.02104281261563301 -1.0119109153747559
1681767746.4142613 92.3961181640625 -0.05004553496837616 -0.021572181954979897 -1.012632131576538
1681767746.429319 92.40594482421875 -0.050379082560539246 -0.02089766599237919 -1.0110894441604614
1681767746.4423823 92.4554672241211 -0.04676543548703194 -0.020344087854027748 -1.0101604461669922
1681767746.4552543 92.46730041503906 -0.044391389936208725 -0.01974555291235447 -1.0099390745162964
1681767746.4692724 92.4792251586914 -0.04216879606246948 -0.018864350393414497 -1.0085033178329468
1681767746.4823296 92.49105834960938 -0.04020237177610397 -0.01920321024954319 -1.0071684122085571
1681767746.5093305 92.50589752197266 -0.036615122109651566 -0.018007922917604446 -1.0072143077850342
1681767746.523286 92.5138168334961 -0.03474810719490051 -0.018198424950242043 -1.0069936513900757
1681767746.5233114 92.517822265625 -0.033722419291734695 -0.017862198874354362 -1.0073667764663696
1681767746.536263 92.52965545654297 -0.030334284529089928 -0.017491459846496582 -1.0081994533538818
1681767746.5493205 92.54057312011719 -0.027251437306404114 -0.01760852336883545 -1.0086976289749146
1681767746.577215 92.55441284179688 -0.024067342281341553 -0.016846267506480217 -1.0067024230957031
1681767746.5912912 92.60301971435547 -0.013428851030766964 -0.01705266535282135 -1.009292483329773
1681767746.6022594 92.61294555664062 -0.011292479932308197 -0.016691291704773903 -1.0096116065979004
1681767746.61725 92.623779296875 -0.00902834814041853 -0.01591232419013977 -1.0082533359527588
1681767746.617273 92.62969207763672 -0.008016395382583141 -0.015895789489150047 -1.0074554681777954
1681767746.6303132 92.64152526855469 -0.005889988038688898 -0.016333527863025665 -1.0058159828186035
1681767746.6442695 92.64744567871094 -0.004339287057518959 -0.016648299992084503 -1.006510615348816
1681767746.6582754 92.65145111083984 -0.003520358121022582 -0.016488192602992058 -1.0067927837371826
1681767746.6582994 92.65536499023438 -0.00257305265404284 -0.01597633957862854 -1.0073455572128296
1681767746.6712556 92.66810607910156 0.00021532640676014125 -0.016358546912670135 -1.0083897113800049
1681767746.6832979 92.67803192138672 0.0013878552708774805 -0.01659097708761692 -1.0088189840316772
1681767746.696305 92.68795013427734 0.0024211984127759933 -0.015701059252023697 -1.0079764127731323
1681767746.7113056 92.6988754272461 0.004048771224915981 -0.016439734026789665 -1.0099276304244995
1681767746.7232738 92.70478820800781 0.004922485910356045 -0.016292285174131393 -1.0100888013839722
1681767746.7412653 92.75494384765625 0.011363574303686619 -0.016016827896237373 -1.0106843709945679
1681767746.754247 92.76286315917969 0.012477412819862366 -0.015779603272676468 -1.0090112686157227
1681767746.7542741 92.76878356933594 0.012701783329248428 -0.015456103719770908 -1.0082534551620483
1681767746.767245 92.77970886230469 0.013933135196566582 -0.015064967796206474 -1.0086013078689575
1681767746.7802808 92.79145050048828 0.015011138282716274 -0.015041771344840527 -1.0089364051818848
1681767746.8082852 92.80738067626953 0.01593594253063202 -0.015863751992583275 -1.0079315900802612
1681767746.8212843 92.81729888916016 0.016515877097845078 -0.014876171015202999 -1.0083693265914917
1681767746.8342805 92.82813262939453 0.01718461513519287 -0.015024883672595024 -1.0077192783355713
1681767746.8343182 92.83405303955078 0.018248314037919044 -0.01389577891677618 -1.008544683456421
1681767746.8482404 92.8439712524414 0.01982068084180355 -0.01422910951077938 -1.009564995765686
1681767746.8753717 92.85389709472656 0.020717240869998932 -0.013980192132294178 -1.0110975503921509
1681767746.8753965 92.8578109741211 0.02082419954240322 -0.01436086930334568 -1.0107718706130981
1681767746.8892772 92.90532684326172 0.02644563838839531 -0.013490147888660431 -1.0093979835510254
