1681767399.3786893 132.06539916992188 0.009146543219685555 -0.016443759202957153 -1.0089353322982788
1681767399.3916647 132.0752410888672 0.009226590394973755 -0.016669366508722305 -1.010371208190918
1681767399.4037066 132.08724975585938 0.008341770619153976 -0.0171095859259367 -1.0072909593582153
1681767399.4176993 132.0951690673828 0.010880888439714909 -0.017225012183189392 -1.0048080682754517
1681767399.4177253 132.10208129882812 0.02922132983803749 -0.016706855967640877 -1.0008490085601807
1681767399.4317286 132.10800170898438 0.059864893555641174 -0.013405592180788517 -1.0094894170761108
1681767399.4446535 132.11192321777344 0.07524184137582779 -0.006860749796032906 -1.0281031131744385
1681767399.4586725 132.12184143066406 0.1140478327870369 -0.0016149887815117836 -1.0516022443771362
1681767399.458717 132.12767028808594 0.12560434639453888 -0.00011800815263995901 -1.0594685077667236
1681767399.4717197 132.13558959960938 0.15497684478759766 -0.0010520147625356913 -1.068843126296997
1681767399.4836876 132.14642333984375 0.1871078610420227 0.008504264056682587 -1.0620903968811035
1681767399.4986324 132.15634155273438 0.2097853422164917 0.021957028657197952 -1.0684747695922852
1681767399.5127292 132.162353515625 0.20099928975105286 0.015579183585941792 -1.0482263565063477
1681767399.525713 132.2107696533203 0.16844242811203003 0.0019473492866382003 -0.9978872537612915
1681767399.538751 132.21978759765625 0.15664437413215637 -0.004797846078872681 -0.9964836239814758
1681767399.5518172 132.2296142578125 0.14220744371414185 -0.012303615920245647 -0.9955317974090576
1681767399.5647655 132.23953247070312 0.13347987830638885 -0.017995206639170647 -0.9916671514511108
1681767399.5648372 132.24545288085938 0.12905511260032654 -0.01952309161424637 -0.9986905455589294
1681767399.5777946 132.25527954101562 0.12018243223428726 -0.024868996813893318 -0.9891577959060669
1681767399.5927353 132.26011657714844 0.11589048057794571 -0.02478969469666481 -0.992582380771637
1681767399.6059344 132.26602172851562 0.11206399649381638 -0.024068234488368034 -0.988127589225769
1681767399.606081 132.27194213867188 0.11214492470026016 -0.025833813473582268 -0.9833493232727051
1681767399.6198764 132.28378295898438 0.10611642897129059 -0.025829091668128967 -0.981030285358429
1681767399.6328425 132.2956085205078 0.10240201652050018 -0.025489505380392075 -0.9779995679855347
1681767399.6468298 132.304443359375 0.1075885072350502 -0.024262940511107445 -0.9817338585853577
1681767399.6627324 132.31036376953125 0.10599887371063232 -0.025987889617681503 -0.9804312586784363
1681767399.689757 132.36880493164062 0.09027376025915146 -0.021354995667934418 -1.0007189512252808
1681767399.6898305 132.3747100830078 0.08432023972272873 -0.02232981286942959 -0.9990746378898621
1681767399.7027864 132.38563537597656 0.07784165441989899 -0.022531211376190186 -0.995130181312561
1681767399.716775 132.39747619628906 0.07204721122980118 -0.0193867739289999 -0.994317352771759
1681767399.7287903 132.4073944091797 0.07132779806852341 -0.014701827429234982 -0.999289870262146
1681767399.7437575 132.41331481933594 0.0700792521238327 -0.0186855997890234 -0.999950110912323
1681767399.7567914 132.42222595214844 0.06799641996622086 -0.015463018789887428 -0.998767077922821
1681767399.7697692 132.43397521972656 0.06538547575473785 -0.01180971134454012 -1.0001246929168701
1681767399.7837887 132.44398498535156 0.06519593298435211 -0.007622378878295422 -1.0008777379989624
1681767399.7838378 132.44981384277344 0.059875380247831345 -0.010575965978205204 -0.9986525774002075
1681767399.7967033 132.45982360839844 0.05958933010697365 -0.009422579780220985 -0.9985151886940002
1681767399.826715 132.47657775878906 0.05991513282060623 -0.01027247216552496 -1.008246898651123
1681767399.8397217 132.52517700195312 0.06109300255775452 -0.015345270745456219 -1.0214768648147583
1681767399.8517675 132.5351104736328 0.056383658200502396 -0.018286878243088722 -1.0196682214736938
1681767399.8667216 132.5440216064453 0.056385885924100876 -0.022472364827990532 -1.0214996337890625
1681767399.8667681 132.54994201660156 0.052391890436410904 -0.025601647794246674 -1.0191625356674194
1681767399.8797293 132.56178283691406 0.04856047406792641 -0.02858421951532364 -1.021350622177124
1681767399.906854 132.57369995117188 0.04432578384876251 -0.03160339966416359 -1.0218664407730103
1681767399.9069502 132.57952880859375 0.041682180017232895 -0.03305180370807648 -1.019603967666626
1681767399.9198985 132.59036254882812 0.037625525146722794 -0.033771637827157974 -1.0180245637893677
1681767399.9327912 132.60218811035156 0.03363629803061485 -0.03616653010249138 -1.0129492282867432
1681767399.9468699 132.61412048339844 0.03519974276423454 -0.039235226809978485 -1.0114587545394897
1681767399.9608588 132.6181182861328 0.034890562295913696 -0.03864927962422371 -1.012310266494751
1681767399.9728358 132.6289520263672 0.03246670961380005 -0.04007837176322937 -1.0119725465774536
1681767399.9898365 132.67355346679688 0.02594207413494587 -0.03414646163582802 -1.0114939212799072
1681767399.9899125 132.67947387695312 0.02543794922530651 -0.03289744630455971 -1.0154305696487427
1681767400.0028381 132.68939208984375 0.02364412508904934 -0.03236514702439308 -1.0127464532852173
1681767400.0167875 132.69923400878906 0.021845197305083275 -0.02714272402226925 -1.014339804649353
1681767400.0298204 132.7101593017578 0.01811812072992325 -0.026394808664917946 -1.0074561834335327
1681767400.0438223 132.71597290039062 0.018108993768692017 -0.02479361742734909 -1.0097146034240723
1681767400.057742 132.72581481933594 0.018011704087257385 -0.02548116445541382 -1.0108526945114136
1681767400.0706751 132.73573303222656 0.020255794748663902 -0.023404182866215706 -1.0150729417800903
1681767400.084716 132.74383544921875 0.017817463725805283 -0.0226787980645895 -1.0146293640136719
1681767400.084742 132.75074768066406 0.017159180715680122 -0.022900046780705452 -1.0111008882522583
1681767400.0976965 132.7624969482422 0.014142805710434914 -0.02234858088195324 -1.0030373334884644
1681767400.1257114 132.77432250976562 0.015497824177145958 -0.021450763568282127 -0.9981052279472351
1681767400.1257513 132.77833557128906 0.014907466247677803 -0.022643791511654854 -0.9978001713752747
1681767400.1387718 132.82093811035156 0.015594958327710629 -0.026869790628552437 -1.0138505697250366
1681767400.1517491 132.8318634033203 0.013428670354187489 -0.026762688532471657 -1.0168858766555786
1681767400.1657217 132.84368896484375 0.009607359766960144 -0.027613729238510132 -1.0131709575653076
1681767400.1657495 132.8476104736328 0.01020091213285923 -0.025691132992506027 -1.0135382413864136
1681767400.178706 132.85752868652344 0.008395769633352757 -0.02225440926849842 -1.0131710767745972
1681767400.1916718 132.86553955078125 0.008561688475310802 -0.019974766299128532 -1.0118173360824585
1681767400.2077048 132.87254333496094 0.008900508284568787 -0.017215484753251076 -1.0122929811477661
1681767400.219743 132.8823699951172 0.009600749239325523 -0.016182558611035347 -1.0119075775146484
1681767400.2328336 132.890380859375 0.008640708401799202 -0.012318424880504608 -1.0138517618179321
1681767400.2478085 132.90231323242188 0.007633397355675697 -0.013410493731498718 -1.010582685470581
1681767400.2478807 132.90621948242188 0.007558503188192844 -0.009847866371273994 -1.008814811706543
1681767400.2888768 132.97140502929688 0.013018340803682804 -0.017386550083756447 -1.0009756088256836
1681767400.3007524 132.9833221435547 0.011806240305304527 -0.01739385724067688 -0.998937726020813
1681767400.3147738 132.99424743652344 0.014941941946744919 -0.017822539433836937 -1.0055869817733765
1681767400.3287416 133.0040740966797 0.017893627285957336 -0.017965197563171387 -1.0150907039642334
1681767400.3287961 133.00808715820312 0.018110303208231926 -0.018501041457057 -1.0181866884231567
1681767400.340735 133.01800537109375 0.01841016113758087 -0.01841946691274643 -1.0189764499664307
1681767400.3688524 133.02601623535156 0.015455483458936214 -0.018704483285546303 -1.0196067094802856
1681767400.3689582 133.0309295654297 0.013197739608585835 -0.019187305122613907 -1.0164598226547241
1681767400.3818445 133.040771484375 0.01022996287792921 -0.01846880279481411 -1.0072044134140015
1681767400.3968124 133.05259704589844 0.006616135127842426 -0.017324617132544518 -1.0002858638763428
1681767400.410798 133.09519958496094 0.018486512824892998 -0.018576404079794884 -1.0033154487609863
1681767400.423774 133.10903930664062 0.01819377765059471 -0.01756538264453411 -0.9902889728546143
1681767400.4527507 133.1257781982422 0.0197458416223526 -0.015119476243853569 -0.9921019077301025
1681767400.4647882 133.13580322265625 0.020526008680462837 -0.016845962032675743 -0.9979336261749268
1681767400.4777772 133.1456298828125 0.02058381773531437 -0.018023952841758728 -1.001490831375122
1681767400.4907727 133.15455627441406 0.023306086659431458 -0.017091697081923485 -1.0088601112365723
1681767400.5038924 133.1644744873047 0.02024797908961773 -0.019394898787140846 -1.0135979652404785
1681767400.5040002 133.17039489746094 0.016904164105653763 -0.01909995637834072 -1.0130360126495361
1681767400.5318558 133.18040466308594 0.01393276546150446 -0.018645234405994415 -1.0130760669708252
1681767400.5454578 133.22891235351562 0.009147191420197487 -0.011347644962370396 -1.015013337135315
1681767400.5455742 133.2338409423828 0.01003127172589302 -0.011763529852032661 -1.0118536949157715
1681767400.5578465 133.24366760253906 0.013126720674335957 -0.011826555244624615 -1.006521463394165
1681767400.5708175 133.2515869140625 0.014411525800824165 -0.011276008561253548 -1.0056037902832031
1681767400.5847864 133.2635040283203 0.014330746605992317 -0.011707743629813194 -1.0086865425109863
1681767400.5978777 133.2743377685547 0.019522756338119507 -0.014441294595599174 -1.0090950727462769
1681767400.6129823 133.2803497314453 0.021223390474915504 -0.014429442584514618 -1.0106573104858398
1681767400.6279042 133.2921905517578 0.021256856620311737 -0.013673803769052029 -1.008054494857788
1681767400.641872 133.30210876464844 0.0135142607614398 -0.015750471502542496 -1.0003550052642822
1681767400.642024 133.3061065673828 0.012205174192786217 -0.01604929193854332 -0.9977961182594299
1681767400.654828 133.31503295898438 0.013941707089543343 -0.014888164587318897 -0.9992801547050476
1681767400.6827826 133.33087158203125 0.017507430166006088 -0.01312729250639677 -1.0199998617172241
1681767400.6969297 133.37747192382812 0.006825764197856188 -0.01151963695883751 -1.0000451803207397
1681767400.708852 133.38931274414062 0.006375672295689583 -0.011705153621733189 -0.9967141151428223
1681767400.722802 133.400146484375 0.009806248359382153 -0.011164220049977303 -1.0001139640808105
1681767400.7228637 133.40606689453125 0.011231443844735622 -0.008538879454135895 -0.9972859621047974
1681767400.7358196 133.4158935546875 0.0132678784430027 -0.003951984457671642 -0.9986966252326965
1681767400.7638843 133.43182373046875 0.008131710812449455 0.0024011023342609406 -0.9895872473716736
1681767400.77688 133.44064331054688 0.005539488047361374 0.003241309430450201 -0.9803186655044556
1681767400.789846 133.45248413085938 0.004861717578023672 0.0053977821953594685 -0.9816768765449524
1681767400.8037968 133.46249389648438 0.00578300142660737 0.000231006953981705 -0.9982750415802002
1681767400.8038585 133.46841430664062 0.00827091932296753 -0.0021796333603560925 -1.009778380393982
1681767400.8438427 133.48526000976562 0.013910962268710136 -0.005896247923374176 -1.0358436107635498
1681767400.857808 133.5356903076172 -0.0033575173001736403 -0.018630852922797203 -1.0178409814834595
1681767400.8578942 133.54159545898438 6.295554339885712e-05 -0.018537387251853943 -1.0211602449417114
1681767400.8698308 133.55343627929688 0.0024902496952563524 -0.022119322791695595 -1.0241397619247437
1681767400.882845 133.56417846679688 0.0014823657693341374 -0.02631140872836113 -1.0167911052703857
1681767400.896809 133.5760040283203 -0.0016639005625620484 -0.025948725640773773 -1.0104855298995972
1681767400.9108384 133.58001708984375 -0.0018839648691937327 -0.026367565616965294 -1.0078281164169312
1681767400.9238553 133.58984375 -0.0030899422708898783 -0.027539148926734924 -1.0053948163986206
1681767400.9369993 133.59886169433594 -0.0014562525320798159 -0.02649800293147564 -1.0013537406921387
1681767400.9508636 133.61068725585938 0.0045591057278215885 -0.025913750752806664 -1.0038084983825684
1681767400.9509327 133.61660766601562 0.007677517831325531 -0.0294056236743927 -1.0077205896377563
1681767400.963813 133.62843322753906 0.01154335681349039 -0.03270542621612549 -1.013240933418274
1681767400.9917274 133.63653564453125 0.011776195839047432 -0.03463684767484665 -1.0087945461273193
1681767400.9917917 133.64146423339844 0.011835540644824505 -0.03294266015291214 -1.0098004341125488
1681767401.004865 133.68788146972656 0.0054325838573277 -0.033121127635240555 -1.0153011083602905
1681767401.016802 133.6977081298828 0.0069460198283195496 -0.02820603735744953 -1.0103611946105957
1681767401.0307474 133.7095489501953 0.005076541565358639 -0.026188910007476807 -1.005220651626587
1681767401.03081 133.7135467529297 0.005153211299329996 -0.02535199746489525 -1.0025932788848877
1681767401.0448737 133.72447204589844 0.008790574036538601 -0.020759884268045425 -1.0024547576904297
1681767401.0587919 133.7303924560547 0.009730054996907711 -0.01772020198404789 -1.0008231401443481
1681767401.0718088 133.7342987060547 0.010609299875795841 -0.013147546909749508 -1.0004154443740845
1681767401.0718846 133.73831176757812 0.010633135214447975 -0.011833377182483673 -1.0009870529174805
1681767401.0849402 133.74822998046875 0.012955612502992153 -0.010742127895355225 -1.0016987323760986
1681767401.1018684 133.78883361816406 0.015559984371066093 -0.012839891016483307 -1.0061146020889282
1681767401.114719 133.79884338378906 0.011836455203592777 -0.015622143633663654 -1.0108758211135864
1681767401.128846 133.81167602539062 0.010554981417953968 -0.015901878476142883 -1.016471266746521
1681767401.1289268 133.81759643554688 0.012032142840325832 -0.014234012924134731 -1.0169795751571655
1681767401.14182 133.8255157470703 0.010446352884173393 -0.012792942114174366 -1.0180925130844116
1681767401.1558735 133.83143615722656 0.00749304611235857 -0.014913855120539665 -1.0138527154922485
1681767401.1697977 133.83543395996094 0.006411802023649216 -0.013183781877160072 -1.009986400604248
1681767401.169843 133.83944702148438 0.004660532809793949 -0.013924949802458286 -1.0063419342041016
1681767401.1828156 133.85218811035156 0.0031615025363862514 -0.010674484074115753 -0.9960078001022339
1681767401.1948824 133.864013671875 0.010643038898706436 -0.007958615198731422 -0.9919828772544861
1681767401.2097921 133.8738555908203 0.017285000532865524 -0.009150180965662003 -0.9971389174461365
1681767401.2098753 133.87794494628906 0.01886783540248871 -0.008334431797266006 -1.001541256904602
1681767401.2227855 133.88294982910156 0.019811641424894333 -0.009209667332470417 -1.004971981048584
1681767401.2357836 133.886962890625 0.021867243573069572 -0.008597695268690586 -1.0056142807006836
1681767401.250805 133.89678955078125 0.023441556841135025 -0.012252043932676315 -1.002243995666504
1681767401.250864 133.9353790283203 0.016040943562984467 -0.01207188330590725 -1.0002517700195312
1681767401.2628946 133.9472198486328 0.020265739411115646 -0.014687413349747658 -1.0075998306274414
1681767401.2758005 133.95713806152344 0.02061566524207592 -0.018662359565496445 -1.0142176151275635
1681767401.2887495 133.9679718017578 0.023300180211663246 -0.018641723319888115 -1.0153447389602661
1681767401.3027906 133.97972106933594 0.023024991154670715 -0.01842469722032547 -1.018402099609375
1681767401.330775 133.99363708496094 0.022675788030028343 -0.020984582602977753 -1.0234253406524658
1681767401.3438885 134.00857543945312 0.012836692854762077 -0.022411128506064415 -1.0142637491226196
1681767401.355814 134.0203094482422 0.011793212965130806 -0.021552352234721184 -1.0042915344238281
1681767401.3698432 134.03024291992188 0.014658582396805286 -0.01990664005279541 -1.0057817697525024
1681767401.3848453 134.03414916992188 0.016050955280661583 -0.020533349364995956 -1.0088629722595215
1681767401.3977678 134.04225158691406 0.017386551946401596 -0.022505519911646843 -1.0183736085891724
1681767401.4108686 134.09559631347656 0.011066754348576069 -0.025936881080269814 -1.0040109157562256
1681767401.4228318 134.103515625 0.016432885080575943 -0.023799486458301544 -1.0137041807174683
1681767401.4368212 134.11534118652344 0.017282254993915558 -0.02849878929555416 -1.0223169326782227
1681767401.4369042 134.11935424804688 0.016752807423472404 -0.028215786442160606 -1.024791955947876
1681767401.4508653 134.1283721923828 0.01102633960545063 -0.02747761271893978 -1.0266166925430298
1681767401.4777792 134.14010620117188 0.0026785486843436956 -0.028484566137194633 -1.0207788944244385
1681767401.4778268 134.1441192626953 0.0011753726284950972 -0.02834261767566204 -1.0168565511703491
1681767401.4907436 134.15594482421875 -0.0019253784557804465 -0.022683579474687576 -1.005135416984558
1681767401.5049424 134.16395568847656 -0.0018499481957405806 -0.019430099055171013 -0.9997556209564209
1681767401.516894 134.17678833007812 -0.002507382771000266 -0.017999479547142982 -0.9946305751800537
1681767401.5319161 134.18661499023438 0.0009909449145197868 -0.014201465994119644 -0.9978148341178894
1681767401.544876 134.1906280517578 0.0022883759811520576 -0.012517686001956463 -0.9988589882850647
1681767401.5598917 134.24114990234375 0.002239739755168557 -0.01524197869002819 -1.0110212564468384
1681767401.572945 134.25198364257812 0.007045251317322254 -0.019370952621102333 -1.019431233406067
1681767401.5868783 134.26380920410156 0.008387588895857334 -0.02239868976175785 -1.0190709829330444
1681767401.5869586 134.26773071289062 0.007842041552066803 -0.02266382798552513 -1.0159955024719238
1681767401.6008105 134.27764892578125 0.005371727515012026 -0.023020101711153984 -1.0121046304702759
1681767401.6138742 134.28575134277344 0.0008526407764293253 -0.02299327962100506 -1.0033516883850098
1681767401.6298268 134.29066467285156 0.00022648913727607578 -0.02214784361422062 -1.0017248392105103
1681767401.6418474 134.3005828857422 -0.0010409792885184288 -0.01891576312482357 -1.003708004951477
1681767401.6548517 134.31251525878906 3.6684214137494564e-05 -0.016622696071863174 -1.0051642656326294
1681767401.6678476 134.3243408203125 0.005869067274034023 -0.015816330909729004 -1.0093320608139038
1681767401.681895 134.33526611328125 0.006437171716243029 -0.014363443478941917 -1.010075569152832
1681767401.6959085 134.34109497070312 0.006041680462658405 -0.013216602616012096 -1.0091530084609985
1681767401.7088952 134.39544677734375 0.01346238236874342 -0.01406027376651764 -1.0117034912109375
1681767401.7188656 134.40545654296875 0.016354313120245934 -0.012662222608923912 -1.0132336616516113
1681767401.7338614 134.4163818359375 0.017730237916111946 -0.014344612136483192 -1.0093411207199097
1681767401.7340083 134.4222869873047 0.018674446269869804 -0.013018252328038216 -1.009590983390808
1681767401.746947 134.43020629882812 0.0191985834389925 -0.013891433365643024 -1.0055570602416992
1681767401.7749095 134.4441375732422 0.019232643768191338 -0.011606065556406975 -1.005975604057312
1681767401.7879467 134.45306396484375 0.016983823850750923 -0.012095463462173939 -1.0012292861938477
1681767401.7998912 134.46498107910156 0.015267439186573029 -0.00917741283774376 -0.9978898763656616
1681767401.813848 134.47491455078125 0.014796319417655468 -0.007220882922410965 -0.9954992532730103
1681767401.8547153 134.50157165527344 0.017452456057071686 -0.0017611399525776505 -0.9955562949180603
1681767401.8547535 134.54417419433594 0.0179183017462492 0.008116038516163826 -1.0016213655471802
1681767401.8687825 134.55209350585938 0.017116039991378784 0.011013696901500225 -1.0031548738479614
1681767401.8806705 134.56211853027344 0.017471615225076675 0.009350107051432133 -1.0054330825805664
1681767401.8937557 134.57003784179688 0.017079800367355347 0.010002508759498596 -1.009264588356018
1681767401.9077215 134.58087158203125 0.01674933172762394 0.006491342093795538 -1.0107086896896362
1681767401.9077828 134.58486938476562 0.015943078324198723 0.005600764881819487 -1.0117096900939941
1681767401.934686 134.5968780517578 0.014005487784743309 -0.00024961645249277353 -1.0052002668380737
1681767401.948679 134.6068115234375 0.012580597773194313 -0.00199662777595222 -1.0069420337677002
1681767401.9487252 134.6107177734375 0.011442015878856182 -0.002899118233472109 -1.005557656288147
1681767401.9617443 134.62164306640625 0.009586059488356113 -0.0032891049049794674 -1.0069890022277832
1681767401.9746573 134.63156127929688 0.006763778161257505 -0.005531208589673042 -1.0038845539093018
1681767401.988696 134.64149475097656 0.006734002381563187 -0.0037214418407529593 -1.0052361488342285
1681767402.00169 134.64749145507812 0.006522967014461756 -0.0057885656133294106 -1.0082863569259644
1681767402.0157301 134.6989288330078 0.007267987821251154 -0.000990942819043994 -1.0117440223693848
1681767402.0286453 134.70875549316406 0.008268015459179878 0.0008183683967217803 -1.0176527500152588
1681767402.0439036 134.71676635742188 0.00971611775457859 0.0010328320786356926 -1.0173418521881104
1681767402.0579722 134.73069763183594 0.011208154261112213 0.0005849607987329364 -1.013052225112915
1681767402.0709388 134.7415313720703 0.0078047532588243484 -0.0022180164232850075 -1.0048580169677734
1681767402.084803 134.7473602294922 0.007717524655163288 -0.003424311988055706 -1.0001065731048584
1681767402.0977576 134.75927734375 0.007988927885890007 -0.0056937867775559425 -0.9970519542694092
1681767402.1138704 134.80178833007812 0.011772575788199902 -0.01515903789550066 -1.0102506875991821
1681767402.127776 134.81161499023438 0.011099439114332199 -0.015630600973963737 -1.0114418268203735
1681767402.1407487 134.82244873046875 0.010367131792008877 -0.017171429470181465 -1.0089386701583862
1681767402.1558132 134.83428955078125 0.012863392010331154 -0.01766013167798519 -1.0096131563186646
1681767402.1558895 134.83837890625 0.01351604238152504 -0.01760423183441162 -1.0092147588729858
1681767402.1817553 134.84820556640625 0.016397863626480103 -0.01432416308671236 -1.013867735862732
1681767402.1967933 134.8571319580078 0.015368993394076824 -0.017035525292158127 -1.012526512145996
1681767402.1968617 134.86314392089844 0.01619325391948223 -0.01790527254343033 -1.0124857425689697
1681767402.208762 134.87306213378906 0.015283073298633099 -0.019041184335947037 -1.0125070810317993
1681767402.2218454 134.8809814453125 0.016133051365613937 -0.019548535346984863 -1.0130372047424316
1681767402.2388573 134.92376708984375 0.003921849653124809 -0.026571176946163177 -1.007477879524231
1681767402.2549028 134.93368530273438 0.0033285683020949364 -0.02314554899930954 -1.0035557746887207
1681767402.2549968 134.9385986328125 0.004212012514472008 -0.020856622606515884 -1.0052814483642578
1681767402.2957664 134.96054077148438 0.0010753402020782232 -0.01617194153368473 -1.0130008459091187
1681767402.308811 134.97036743164062 0.0004876908496953547 -0.012435203418135643 -1.0144368410110474
1681767402.3218658 134.9792938232422 -0.003409290686249733 -0.01071029994636774 -1.0126450061798096
1681767402.335818 134.9892120361328 -0.007549686823040247 -0.006806777790188789 -1.011975884437561
1681767402.3358731 134.99522399902344 -0.008759605698287487 -0.004135448019951582 -1.0128806829452515
1681767402.350756 135.0379180908203 -0.009116139262914658 0.0017255181446671486 -1.0273767709732056
1681767402.364787 135.0479278564453 -0.011666249483823776 0.0005341421929188073 -1.0180637836456299
1681767402.3788016 135.0518341064453 -0.013049165718257427 -0.00045396178029477596 -1.0128028392791748
1681767402.3897593 135.06085205078125 -0.01149221882224083 0.003466161899268627 -1.0064150094985962
1681767402.4018364 135.06886291503906 -0.01171292643994093 0.002250666730105877 -0.9987695813179016
1681767402.4148161 135.07696533203125 -0.00943114422261715 0.0006744755664840341 -1.0014349222183228
1681767402.4148626 135.08306884765625 -0.009799782186746597 -0.001965821022167802 -1.0018329620361328
1681767402.428791 135.09117126464844 -0.007197201251983643 -0.005216736812144518 -1.0042729377746582
1681767402.4558718 135.10418701171875 -0.005425984039902687 -0.006655110977590084 -1.0123317241668701
1681767402.4817758 135.1646270751953 -0.000994811300188303 -0.005320100113749504 -1.0064237117767334
1681767402.4948077 135.17636108398438 0.0032524364069104195 -0.008373421616852283 -1.0131886005401611
1681767402.5077882 135.18728637695312 0.0050206175073981285 -0.012298245914280415 -1.0114902257919312
1681767402.521966 135.19903564453125 0.005684636067599058 -0.017548955976963043 -1.005999207496643
1681767402.5358198 135.20303344726562 0.004585104063153267 -0.01893693394958973 -1.0067572593688965
1681767402.5488217 135.21487426757812 0.006494783330708742 -0.02187586948275566 -1.0060791969299316
1681767402.562809 135.223876953125 0.009532773867249489 -0.02054348960518837 -1.00620698928833
1681767402.562856 135.22979736328125 0.010122386738657951 -0.022021539509296417 -1.0038975477218628
1681767402.5757997 135.23963928222656 0.011610832996666431 -0.022211579605937004 -1.0017613172531128
1681767402.6067564 135.29014587402344 0.016233785077929497 -0.021893717348575592 -1.0100528001785278
1681767402.6068335 135.29415893554688 0.015915336087346077 -0.02138872817158699 -1.0117682218551636
1681767402.6468208 135.3129119873047 0.013017755933105946 -0.019768424332141876 -1.014668583869934
1681767402.6468983 135.31883239746094 0.011473119258880615 -0.019597219303250313 -1.0145933628082275
1681767402.6608207 135.32875061035156 0.010296758264303207 -0.020472902804613113 -1.0148627758026123
1681767402.6737437 135.3386688232422 0.01139715127646923 -0.021286165341734886 -1.0185805559158325
1681767402.6868129 135.34950256347656 0.014617887325584888 -0.022784041240811348 -1.0246895551681519
1681767402.7007897 135.3554229736328 0.014817115850746632 -0.024716578423976898 -1.0286916494369507
1681767402.7158237 135.36343383789062 0.013828976079821587 -0.025606833398342133 -1.0272387266159058
1681767402.7287557 135.41368103027344 0.009992226026952267 -0.018360354006290436 -1.0043950080871582
1681767402.7428102 135.421875 0.010360946878790855 -0.02003398723900318 -1.01249098777771
1681767402.742858 135.4287872314453 0.009147116914391518 -0.02184508927166462 -1.018674612045288
1681767402.7558525 135.4406280517578 0.005430551245808601 -0.018950067460536957 -1.0178197622299194
1681767402.7688386 135.44863891601562 0.0011247680522501469 -0.016011888161301613 -1.0132156610488892
1681767402.7838273 135.4545440673828 -0.0013166128192096949 -0.01656354032456875 -1.0086829662322998
1681767402.7968154 135.4653778076172 -0.000581533822696656 -0.011236409656703472 -1.0080833435058594
1681767402.8077466 135.4771270751953 0.0022378177382051945 -0.010078570805490017 -1.0100022554397583
1681767402.8218825 135.48895263671875 0.005830499809235334 -0.009606516920030117 -1.0165681838989258
1681767402.8219306 135.494873046875 0.005671574268490076 -0.010019734501838684 -1.0190324783325195
1681767402.8348353 135.5029754638672 0.005532816518098116 -0.01100138295441866 -1.0191428661346436
1681767402.861799 135.51380920410156 0.00627728970721364 -0.015015767887234688 -1.0166497230529785
1681767402.8618968 135.51771545410156 0.005375886335968971 -0.016441630199551582 -1.016723871231079
1681767402.8778393 135.56414794921875 0.005636874120682478 -0.011648531071841717 -0.9944707155227661
1681767402.8898442 135.57406616210938 0.009051064029335976 -0.008725497871637344 -0.9984021186828613
1681767402.9038205 135.5820770263672 0.011520758271217346 -0.009111053310334682 -1.0008320808410645
1681767402.9179015 135.59901428222656 0.0115889310836792 -0.006273819599300623 -1.0025758743286133
1681767402.94485 135.6089324951172 0.00802276935428381 -0.0041665127500891685 -1.0038824081420898
1681767402.944902 135.61293029785156 0.00783192366361618 -0.0041301799938082695 -1.0028990507125854
1681767402.957785 135.62286376953125 0.007785147055983543 -0.0043565938249230385 -1.0070242881774902
1681767402.970888 135.63369750976562 0.008535569533705711 -0.00449287798255682 -1.0133057832717896
1681767402.9838426 135.6454315185547 0.0106703145429492 -0.0012354262871667743 -1.0148754119873047
1681767402.9978347 135.6553497314453 0.010343717411160469 -0.003045207355171442 -1.0143927335739136
1681767403.0108116 135.65927124023438 0.009750612080097198 -0.003870755434036255 -1.0160118341445923
1681767403.022799 135.66827392578125 0.007978010922670364 -0.006887061521410942 -1.0158425569534302
1681767403.0368295 135.7187042236328 0.004205032251775265 -0.008325585164129734 -1.0009969472885132
1681767403.0369024 135.7245330810547 0.00465295510366559 -0.011948310770094395 -1.0002262592315674
1681767403.0498319 135.73446655273438 0.006093558855354786 -0.014282484538853168 -1.006821870803833
1681767403.0617857 135.744384765625 0.007545505650341511 -0.015441406518220901 -1.009616732597351
1681767403.07687 135.75531005859375 0.00581667385995388 -0.015712212771177292 -1.0121638774871826
1681767403.0897677 135.76112365722656 0.0021908357739448547 -0.019203688949346542 -1.009368896484375
1681767403.1028562 135.77305603027344 0.003367327619343996 -0.018973276019096375 -1.0130658149719238
1681767403.1168396 135.78297424316406 0.002734734443947673 -0.020954890176653862 -1.0170433521270752
1681767403.1307948 135.79190063476562 0.0030086685437709093 -0.023469844833016396 -1.0186787843704224
1681767403.130846 135.79782104492188 0.003248335560783744 -0.02623857371509075 -1.0179911851882935
1681767403.1438246 135.80764770507812 0.002720023039728403 -0.03112783096730709 -1.0210109949111938
1681767403.171841 135.81765747070312 0.00274088978767395 -0.033940259367227554 -1.020797610282898
1681767403.1719341 135.82357788085938 0.0014147962210699916 -0.03488036245107651 -1.0211951732635498
1681767403.1848006 135.86817932128906 -0.0006003122543916106 -0.028434043750166893 -1.0031992197036743
1681767403.197797 135.88092041015625 0.00624424871057272 -0.022312141954898834 -1.0016162395477295
1681767403.209812 135.8907470703125 0.012298588640987873 -0.01876814104616642 -1.0003772974014282
1681767403.2218611 135.90667724609375 0.009999851696193218 -0.016565073281526566 -0.9923339486122131
1681767403.237887 135.91168212890625 0.009496932849287987 -0.01348019763827324 -0.9900254607200623
1681767403.2507737 135.9156951904297 0.008326132781803608 -0.012471791356801987 -0.9889664053916931
1681767403.250819 135.91961669921875 0.00813173409551382 -0.010322358459234238 -0.9900678992271423
1681767403.2627807 135.92953491210938 0.005909851286560297 -0.0075494698248803616 -0.9995360374450684
1681767403.2758155 135.939453125 0.006274319253861904 -0.00816846638917923 -1.0066845417022705
1681767403.289758 135.94937133789062 0.0054888068698346615 -0.007434224244207144 -1.0129921436309814
1681767403.302911 135.9621124267578 0.0017575740348547697 -0.011307681910693645 -1.0156537294387817
1681767403.3167431 135.96612548828125 0.0012612183345481753 -0.00997565221041441 -1.0160057544708252
1681767403.331831 136.01846313476562 0.0036337580531835556 -0.014630435034632683 -1.0113804340362549
1681767403.3427956 136.02847290039062 0.003132691839709878 -0.014307891950011253 -1.0043984651565552
1681767403.3567867 136.0373992919922 0.004645131528377533 -0.014211593195796013 -0.9991998672485352
1681767403.3568547 136.04331970214844 0.004543213173747063 -0.014486403204500675 -0.9965580105781555
1681767403.3708966 136.0531463623047 0.006929171271622181 -0.017005104571580887 -0.9990776181221008
1681767403.3977509 136.06707763671875 0.005596057046204805 -0.017454635351896286 -1.0083727836608887
1681767403.411813 136.07598876953125 0.005095561034977436 -0.015349333174526691 -1.0137617588043213
1681767403.423797 136.08792114257812 0.0053429859690368176 -0.016537977382540703 -1.017895221710205
1681767403.4379609 136.09593200683594 0.0040136221796274185 -0.0171506367623806 -1.020389437675476
1681767403.4508276 136.10977172851562 -0.00045237329322844744 -0.018528087064623833 -1.0145068168640137
1681767403.4647825 136.11468505859375 -0.00019322831940371543 -0.017232246696949005 -1.012569785118103
1681767403.4797783 136.11868286132812 -0.001165400492027402 -0.020434347912669182 -1.0118653774261475
1681767403.4928286 136.17303466796875 0.00791636947542429 -0.024893803521990776 -1.0039942264556885
1681767403.504945 136.18495178222656 0.006984754465520382 -0.02734232135117054 -0.9963299036026001
1681767403.518788 136.19578552246094 0.009779786691069603 -0.024847161024808884 -0.9949641823768616
1681767403.518841 136.2017059326172 0.01204918883740902 -0.024675698950886726 -0.9951978921890259
1681767403.5328717 136.21153259277344 0.014891325496137142 -0.02284744754433632 -0.9985197186470032
1681767403.5468328 136.21554565429688 0.015149323269724846 -0.022808073088526726 -0.9989501237869263
1681767403.5598402 136.21963500976562 0.01458070334047079 -0.02357352152466774 -0.9998314380645752
1681767403.5599124 136.22555541992188 0.013535050675272942 -0.02165323682129383 -1.0015541315078735
1681767403.573781 136.2334747314453 0.011700744740664959 -0.020457757636904716 -1.0023729801177979
1681767403.585859 136.24440002441406 0.012707170099020004 -0.017881905660033226 -1.004836082458496
1681767403.6008 136.2542266845703 0.011157496832311153 -0.018150685355067253 -1.0085946321487427
1681767403.6147735 136.29483032226562 0.007192271761596203 -0.017886202782392502 -1.0170202255249023
1681767403.6148493 136.3007354736328 0.006932188291102648 -0.016522523015737534 -1.0158830881118774
1681767403.628839 136.31248474121094 0.003857323667034507 -0.01659574918448925 -1.0116243362426758
1681767403.6438055 136.31739807128906 0.004112858325242996 -0.014644773676991463 -1.0113521814346313
1681767403.6568563 136.3214111328125 0.005053272470831871 -0.013241410255432129 -1.0124461650848389
1681767403.656935 136.3272247314453 0.0065218256786465645 -0.012258337810635567 -1.0106905698776245
1681767403.6698363 136.33706665039062 0.01085669919848442 -0.0095519395545125 -1.0107173919677734
1681767403.6828003 136.34698486328125 0.01011085044592619 -0.008846022188663483 -1.0063016414642334
1681767403.6979825 136.35508728027344 0.012145448476076126 -0.005078356247395277 -1.0019577741622925
1681767403.6980462 136.36000061035156 0.011986766010522842 -0.005525208543986082 -1.0004163980484009
1681767403.7238145 136.3699188232422 0.01106228306889534 -0.0053637162782251835 -0.9925332069396973
1681767403.7380185 136.4224395751953 0.008700290694832802 -0.010446685366332531 -1.010886549949646
1681767403.7508068 136.43418884277344 0.006493574008345604 -0.014459243975579739 -1.012651801109314
1681767403.7508507 136.43919372558594 0.006444231607019901 -0.01602928154170513 -1.0116004943847656
1681767403.7638073 136.4489288330078 0.006636996753513813 -0.017867136746644974 -1.011860966682434
1681767403.7768002 136.45877075195312 0.008429788053035736 -0.02355707623064518 -1.012532353401184
1681767403.7879734 136.46868896484375 0.012539460323750973 -0.022288182750344276 -1.016025185585022
1681767403.8028414 136.4727783203125 0.012835027649998665 -0.023067563772201538 -1.0150222778320312
1681767403.8158092 136.48370361328125 0.015419664792716503 -0.018594540655612946 -1.0126360654830933
1681767403.8278677 136.49554443359375 0.014681012369692326 -0.01762508787214756 -1.0017433166503906
1681767403.8428307 136.5034637451172 0.015914997085928917 -0.015228690579533577 -0.9985371232032776
1681767403.8429003 136.50938415527344 0.015327881090342999 -0.01581553742289543 -0.996146559715271
1681767403.8837855 136.5302276611328 0.016748102381825447 -0.012416969053447247 -0.994841992855072
1681767403.8838289 136.5361328125 0.01731226034462452 -0.010559085756540298 -0.9953994750976562
1681767403.8968043 136.57882690429688 0.016711262986063957 -0.00534270191565156 -1.0064371824264526
1681767403.9087908 136.58885192871094 0.015876416116952896 -0.005981101654469967 -1.009535551071167
1681767403.9238124 136.59877014160156 0.011215374805033207 -0.00644660135731101 -1.0141723155975342
1681767403.9238887 136.60568237304688 0.0089982058852911 -0.009246695786714554 -1.0147676467895508
1681767403.9368763 136.61752319335938 0.006402322091162205 -0.012789728119969368 -1.0203192234039307
1681767403.9508188 136.62142944335938 0.006216538138687611 -0.014472275041043758 -1.0199836492538452
1681767403.9638264 136.6254425048828 0.00680911960080266 -0.014630220830440521 -1.018509030342102
1681767403.9638965 136.63134765625 0.006907128728926182 -0.01406940445303917 -1.018842339515686
1681767403.9778693 136.64227294921875 0.004999504424631596 -0.01416159700602293 -1.0151311159133911
1681767403.989779 136.65211486816406 0.003988748416304588 -0.014051901176571846 -1.0204522609710693
1681767404.0028524 136.6600341796875 0.004969199653714895 -0.01632019504904747 -1.0211213827133179
1681767404.017834 136.66995239257812 0.005909860599786043 -0.013611383736133575 -1.0226123332977295
1681767404.0308483 136.67596435546875 0.006808980833739042 -0.014097393490374088 -1.0194649696350098
1681767404.0438151 136.72756958007812 0.004593269433826208 -0.010013284161686897 -1.0206869840621948
1681767404.0577993 136.73748779296875 -0.0002996573457494378 -0.01319806557148695 -1.02113676071167
1681767404.0708215 136.74742126464844 -0.006816371809691191 -0.016642820090055466 -1.0149827003479004
1681767404.070922 136.75332641601562 -0.008245455101132393 -0.015093695372343063 -1.0134254693984985
1681767404.0838106 136.76425170898438 -0.006313926540315151 -0.016577260568737984 -1.0091384649276733
1681767404.1128185 136.77609252929688 -0.003919392824172974 -0.01855858787894249 -1.0092852115631104
1681767404.1128998 136.7821044921875 -0.0010515013709664345 -0.018034907057881355 -1.0091769695281982
1681767404.1257737 136.7940216064453 0.0012612855061888695 -0.018464110791683197 -1.008493423461914
1681767404.138799 136.80194091796875 0.0018439226550981402 -0.018257273361086845 -1.0049045085906982
1681767404.1528575 136.81468200683594 0.0023606286849826574 -0.012136873789131641 -0.9973447322845459
1681767404.1678796 136.82460021972656 0.003199973376467824 -0.010913274250924587 -0.9913830757141113
1681767404.1818151 136.82861328125 0.0033655278384685516 -0.010878322646021843 -0.9909039735794067
1681767404.1948817 136.8792266845703 0.006368926726281643 -0.007640445604920387 -1.0073189735412598
1681767404.2078202 136.8881378173828 0.0024719710927456617 -0.01037460844963789 -1.011063814163208
1681767404.2218325 136.89797973632812 0.00016287679318338633 -0.012610221281647682 -1.0114542245864868
1681767404.221888 136.9039764404297 -0.0019488115794956684 -0.013103313744068146 -1.0111342668533325
1681767404.2337692 136.9158172607422 -0.0031920389737933874 -0.016663284972310066 -1.0163450241088867
1681767404.2628624 136.9325714111328 -0.0012977351434528828 -0.021273264661431313 -1.0257086753845215
1681767404.274759 136.94439697265625 0.0009169658878818154 -0.020182644948363304 -1.02426278591156
1681767404.2879467 136.95431518554688 -0.00011059093958465382 -0.018427779898047447 -1.019006371498108
1681767404.3019652 136.96424865722656 -3.134889993816614e-05 -0.016974108293652534 -1.0129770040512085
1681767404.314795 136.97698974609375 -0.002228379249572754 -0.015386073850095272 -1.010864496231079
1681767404.3291287 136.98089599609375 -0.0018866437021642923 -0.014289197511970997 -1.010373830795288
1681767404.342849 136.99082946777344 0.002624418120831251 -0.011475060135126114 -1.011403203010559
1681767404.3429034 136.996826171875 0.0033848388120532036 -0.01189618743956089 -1.0141409635543823
1681767404.3548038 137.00765991210938 0.005908555816859007 -0.009964078664779663 -1.0128918886184692
1681767404.3718581 137.0578155517578 0.009589489549398422 -0.014702778309583664 -1.0107961893081665
1681767404.3858488 137.06573486328125 0.009118184447288513 -0.017228279262781143 -1.0165596008300781
1681767404.398852 137.07566833496094 0.007611965760588646 -0.021060815081000328 -1.0154520273208618
1681767404.4127944 137.0796661376953 0.0050689284689724445 -0.022877780720591545 -1.0166947841644287
1681767404.4268656 137.08859252929688 0.002515885280445218 -0.02571229636669159 -1.011595606803894
1681767404.4397998 137.1004180908203 0.001788175432011485 -0.025986358523368835 -1.0072938203811646
1681767404.4398818 137.10433959960938 0.001975482329726219 -0.02641579508781433 -1.0072358846664429
1681767404.4527533 137.1142578125 0.0034338082186877728 -0.0256857480853796 -1.0072194337844849
1681767404.4658232 137.12399291992188 0.005281004589051008 -0.025391358882188797 -1.009695053100586
1681767404.480817 137.12899780273438 0.0065228696912527084 -0.024503372609615326 -1.0113496780395508
1681767404.4938388 137.13893127441406 0.004081042483448982 -0.024283453822135925 -1.0125486850738525
1681767404.506839 137.18734741210938 0.0033171907998621464 -0.019443800672888756 -1.010446310043335
1681767404.5198267 137.19927978515625 0.0061932457610964775 -0.017016125842928886 -1.014466643333435
1681767404.5338256 137.2071990966797 0.005156879313290119 -0.015661321580410004 -1.0136946439743042
1681767404.5468304 137.22402954101562 0.0010497275507077575 -0.014966622926294804 -1.0100468397140503
1681767404.5747826 137.23204040527344 -0.0013531785225495696 -0.013259798288345337 -1.0098121166229248
1681767404.5748289 137.2359619140625 -0.0023494642227888107 -0.012537019327282906 -1.0096988677978516
1681767404.5878973 137.24588012695312 -0.0025598276406526566 -0.011618695221841335 -1.015265941619873
1681767404.599862 137.28465270996094 -0.001901961979456246 -0.009542367421090603 -1.0134847164154053
1681767404.6137302 137.29348754882812 -0.0024095710832625628 -0.00908342469483614 -1.0083004236221313
1681767404.6278555 137.30531311035156 -0.002189098158851266 -0.008058778010308743 -1.0058562755584717
1681767404.6279323 137.309326171875 -0.0019916570745408535 -0.008896592073142529 -1.0053637027740479
1681767404.6398225 137.3211669921875 0.003122510388493538 -0.00573531910777092 -1.004154920578003
1681767404.652858 137.32908630371094 0.004593328107148409 -0.005132220685482025 -1.00630521774292
1681767404.668889 137.33399963378906 0.005187939386814833 -0.004574215039610863 -1.0065559148788452
1681767404.6808348 137.3458251953125 0.007659839000552893 -0.0029218478593975306 -1.0034706592559814
1681767404.6938212 137.3558349609375 0.006879380904138088 -0.00143351498991251 -0.9966799020767212
1681767404.7078056 137.36767578125 0.006352790165692568 -0.001447215792723 -0.9966186285018921
1681767404.7348251 137.38442993164062 0.006814192049205303 -0.007182972505688667 -0.9994185566902161
1681767404.748821 137.39443969726562 0.007806711830198765 -0.010690322145819664 -1.0032023191452026
1681767404.748893 137.43695068359375 0.012696482241153717 -0.016585849225521088 -1.0064527988433838
1681767404.7607634 137.4486846923828 0.01338720228523016 -0.016523785889148712 -1.000658631324768
1681767404.7738361 137.45761108398438 0.013941089622676373 -0.01308360230177641 -0.9989423751831055
1681767404.787842 137.46734619140625 0.017434850335121155 -0.010622023604810238 -0.9980816841125488
1681767404.8008454 137.47727966308594 0.018342941999435425 -0.00725196348503232 -1.000950574874878
1681767404.8287597 137.49119567871094 0.01686016656458378 -0.007070849183946848 -1.0003583431243896
1681767404.841762 137.5020294189453 0.016746116802096367 -0.0074720014818012714 -1.0034668445587158
1681767404.8418276 137.50604248046875 0.018071293830871582 -0.007339149713516235 -1.0058660507202148
1681767404.8548255 137.51596069335938 0.020533423870801926 -0.007482192944735289 -1.0097030401229858
1681767404.8677745 137.5278778076172 0.019901733845472336 -0.008982955478131771 -1.0100163221359253
1681767404.8957648 137.54080200195312 0.019590269774198532 -0.009414596483111382 -1.0032726526260376
1681767404.9098756 137.59315490722656 0.02641558088362217 -0.02283472940325737 -1.0081207752227783
1681767404.9237747 137.60116577148438 0.027491435408592224 -0.023613471537828445 -1.0099066495895386
1681767404.9378555 137.611083984375 0.027303477749228477 -0.024602971971035004 -1.0123167037963867
1681767404.9507651 137.62783813476562 0.021600496023893356 -0.0224108025431633 -1.0033915042877197
1681767404.9787698 137.6398468017578 0.02115813083946705 -0.01802598312497139 -0.9999583959579468
1681767404.978833 137.64576721191406 0.02116273157298565 -0.018195707350969315 -1.0005525350570679
1681767404.9918058 137.65660095214844 0.02481081336736679 -0.015453368425369263 -1.0062767267227173
1681767405.0038564 137.6664276123047 0.02712068147957325 -0.01330333761870861 -1.0107686519622803
1681767405.0168872 137.6763458251953 0.030044186860322952 -0.009580899961292744 -1.0112613439559937
1681767405.0447836 137.69227600097656 0.024858219549059868 -0.010011878795921803 -1.0019859075546265
1681767405.058836 137.74180603027344 0.023637300357222557 -0.023369690403342247 -1.012026071548462
1681767405.0719135 137.74972534179688 0.021900756284594536 -0.021193234249949455 -1.0131856203079224
1681767405.084852 137.7616424560547 0.023068908601999283 -0.021547550335526466 -1.012819528579712
1681767405.0849104 137.76756286621094 0.02100651152431965 -0.019275160506367683 -1.011754035949707
1681767405.0978267 137.7784881591797 0.01694975048303604 -0.015746204182505608 -1.0069935321807861
1681767405.1287875 137.79031372070312 0.015847336500883102 -0.008382015861570835 -1.0063422918319702
1681767405.1418524 137.80615234375 0.016249068081378937 -0.000676384661346674 -1.0106422901153564
1681767405.1558824 137.81607055664062 0.015196000225841999 0.0014303516363725066 -1.0138700008392334
1681767405.1678379 137.82699584960938 0.014305956661701202 0.0025853984989225864 -1.0167242288589478
1681767405.1818042 137.8368377685547 0.014073144644498825 0.0034733046777546406 -1.0130424499511719
1681767405.196861 137.84283447265625 0.014524871483445168 0.004732076078653336 -1.0122860670089722
1681767405.2088091 137.89344787597656 0.01628681644797325 -0.01131395809352398 -1.012012243270874
1681767405.2219083 137.9043731689453 0.011469723656773567 -0.013704236596822739 -1.0161247253417969
1681767405.237009 137.91419982910156 0.009201904758810997 -0.015295327641069889 -1.0172005891799927
1681767405.2370584 137.918212890625 0.008811031468212605 -0.014234066009521484 -1.017216682434082
1681767405.2488556 137.92822265625 0.004168493673205376 -0.013819928281009197 -1.0140494108200073
1681767405.2618036 137.93804931640625 0.0012218061601743102 -0.012112515978515148 -1.0091781616210938
1681767405.2778745 137.94296264648438 0.0003999334294348955 -0.01086924597620964 -1.008716106414795
1681767405.2898297 137.95289611816406 0.0005519011756405234 -0.011097842827439308 -1.0055540800094604
1681767405.3028562 137.9628143310547 0.005725330673158169 -0.01103279646486044 -1.0115889310836792
1681767405.3158648 137.9747314453125 0.0064555280841887 -0.01456658449023962 -1.0171908140182495
1681767405.3297832 137.9854736328125 0.008545148186385632 -0.016570454463362694 -1.0199692249298096
1681767405.3567832 137.9993133544922 0.007662723772227764 -0.021645212545990944 -1.014169692993164
1681767405.3709986 138.05357360839844 0.004950412083417177 -0.03627529367804527 -1.0156679153442383
1681767405.385886 138.06248474121094 0.002762061543762684 -0.03409387171268463 -1.0127792358398438
1681767405.3860075 138.06640625 0.002628576010465622 -0.03240935876965523 -1.0094770193099976
1681767405.398866 138.0783233642578 0.0005708616808988154 -0.02958841063082218 -1.0032739639282227
1681767405.4108062 138.08624267578125 0.001987682655453682 -0.026743069291114807 -1.001857876777649
1681767405.425983 138.0921630859375 0.0029723045881837606 -0.024245399981737137 -0.9993337988853455
1681767405.4398534 138.1001739501953 0.005668953992426395 -0.01866837963461876 -1.0035207271575928
1681767405.451916 138.11300659179688 0.006672856397926807 -0.015072752721607685 -1.0095852613449097
1681767405.4658382 138.1209259033203 0.005465601570904255 -0.012102165259420872 -1.0085368156433105
1681767405.465916 138.12693786621094 0.0064477575942873955 -0.010826049372553825 -1.010422706604004
1681767405.4788046 138.1367645263672 0.0037708235904574394 -0.01033405214548111 -1.0103589296340942
1681767405.506824 138.14569091796875 0.0015429237391799688 -0.01077630091458559 -1.006986379623413
1681767405.5068834 138.151611328125 0.0008141695288941264 -0.009848736226558685 -1.0068634748458862
1681767405.5198884 138.19793701171875 0.014689232222735882 -0.021941788494586945 -1.0102230310440063
1681767405.5199828 138.2018585205078 0.013460507616400719 -0.024883251637220383 -1.0102801322937012
1681767405.532896 138.21377563476562 0.008648447692394257 -0.023709407076239586 -1.0045384168624878
1681767405.545781 138.22470092773438 0.006138849072158337 -0.01848502829670906 -1.0019606351852417
1681767405.558844 138.23654174804688 0.006451367400586605 -0.016190500929951668 -0.9993327856063843
1681767405.5869088 138.2544708251953 0.01132127270102501 -0.01101153064519167 -1.0052103996276855
1681767405.59981 138.2653045654297 0.012513144873082638 -0.009732103906571865 -1.0089428424835205
1681767405.6128879 138.2772216796875 0.011224981397390366 -0.008908907882869244 -1.0090302228927612
1681767405.6129427 138.28114318847656 0.011296046897768974 -0.00783151388168335 -1.0097094774246216
1681767405.626874 138.28915405273438 0.008667108602821827 -0.008458368480205536 -1.0124900341033936
1681767405.6428177 138.29505920410156 0.00557522801682353 -0.011506118811666965 -1.0125278234481812
1681767405.656813 138.299072265625 0.005671223625540733 -0.011754589155316353 -1.0124478340148926
1681767405.6568744 138.30307006835938 0.005093535874038935 -0.014665900729596615 -1.0117709636688232
1681767405.6688676 138.34840393066406 0.01213355828076601 -0.026449372991919518 -1.0162768363952637
1681767405.68388 138.35833740234375 0.013491278514266014 -0.02574913017451763 -1.0166046619415283
1681767405.683928 138.36424255371094 0.012289267964661121 -0.025216780602931976 -1.01454758644104
1681767405.6957905 138.3762664794922 0.008344105444848537 -0.025738578289747238 -1.006281852722168
1681767405.7088633 138.38710021972656 0.007145246025174856 -0.024322429671883583 -1.0010128021240234
1681767405.736934 138.40493774414062 0.009694477543234825 -0.021377574652433395 -1.00361168384552
1681767405.7499056 138.41494750976562 0.01236704457551241 -0.019465258345007896 -1.0067832469940186
1681767405.7638178 138.42477416992188 0.012504827231168747 -0.02089730091392994 -1.0099891424179077
1681767405.7638757 138.43170166015625 0.01221003569662571 -0.01955265924334526 -1.0137362480163574
1681767405.7768834 138.4434356689453 0.004703249782323837 -0.022574665024876595 -1.0122984647750854
1681767405.7908452 138.44735717773438 -0.003115145256742835 -0.02190975658595562 -1.0116063356399536
1681767405.8048635 138.453369140625 -0.015608176589012146 -0.022612594068050385 -1.0010902881622314
1681767405.8049397 138.4592742919922 -0.016300225630402565 -0.025348292663693428 -0.9948078393936157
1681767405.8168852 138.5036163330078 -0.03314950317144394 -0.03245078772306442 -1.011383056640625
1681767405.8298807 138.5145263671875 -0.04701918363571167 -0.025469394400715828 -1.0064986944198608
1681767405.8447666 138.5244598388672 -0.061252664774656296 -0.0313253328204155 -0.9822614192962646
1681767405.8569515 138.5382843017578 -0.052155252546072006 -0.020533191040158272 -1.0092839002609253
1681767405.869905 138.54620361328125 -0.05010516196489334 -0.01736591011285782 -1.0196970701217651
1681767405.8859735 138.55113220214844 -0.06199563667178154 -0.016308283433318138 -1.0152771472930908
1681767405.8978686 138.56105041503906 -0.052384648472070694 -0.014921626076102257 -1.0201596021652222
1681767405.9107723 138.5709686279297 -0.04788576066493988 -0.005226538050919771 -1.021716833114624
1681767405.923845 138.5808868408203 -0.04241499304771423 -0.0007966579869389534 -1.016318440437317
1681767405.9370058 138.5897216796875 -0.045227278023958206 -0.004311189521104097 -1.014620304107666
1681767405.9371414 138.59564208984375 -0.04691648855805397 -0.005216204561293125 -1.0121772289276123
1681767405.9647946 138.60755920410156 -0.045116398483514786 -0.0017163297161459923 -1.014337182044983
1681767405.9797773 138.6580810546875 -0.050141941756010056 -0.011854127049446106 -1.0125064849853516
1681767405.993692 138.66799926757812 -0.047172289341688156 -0.01209914032369852 -1.0159895420074463
1681767405.9937222 138.6749267578125 -0.04799899831414223 -0.015007838606834412 -1.0149054527282715
1681767406.0068321 138.68475341796875 -0.04914234206080437 -0.011331242509186268 -1.0150840282440186
1681767406.0187838 138.69476318359375 -0.0537748709321022 -0.013310941867530346 -1.0147327184677124
1681767406.0347846 138.70068359375 -0.060641851276159286 -0.014830301515758038 -1.006913423538208
1681767406.047744 138.70860290527344 -0.05530219152569771 -0.01663145050406456 -0.9967972636222839
1681767406.059762 138.721435546875 -0.054931819438934326 -0.010313497856259346 -1.0104683637619019
1681767406.0737133 138.7312774658203 -0.06161458417773247 -0.011607694439589977 -0.9998626708984375
1681767406.0877209 138.74720764160156 -0.05530824884772301 -0.01217676978558302 -0.9995376467704773
1681767406.101781 138.7521209716797 -0.0532720610499382 -0.008311845362186432 -1.0012999773025513
1681767406.114784 138.796630859375 -0.03960208222270012 -0.009668261744081974 -1.0047162771224976
1681767406.1307228 138.80255126953125 -0.04004749283194542 -0.009381398558616638 -1.000794529914856
1681767406.1427128 138.8104705810547 -0.040982652455568314 -0.006141852121800184 -1.0004687309265137
1681767406.15576 138.8223876953125 -0.04592202603816986 -0.010866211727261543 -0.9971119165420532
1681767406.1707325 138.83322143554688 -0.04623512178659439 -0.010568028315901756 -1.0045675039291382
1681767406.1707852 138.83914184570312 -0.04840462654829025 -0.012699464336037636 -1.0049668550491333
1681767406.1827703 138.85105895996094 -0.05015139654278755 -0.013540285639464855 -1.0098512172698975
1681767406.2106798 138.8669891357422 -0.05622942000627518 -0.014638674445450306 -1.0081679821014404
1681767406.2237432 138.87782287597656 -0.056122057139873505 -0.017590345814824104 -1.011252760887146
1681767406.236886 138.88966369628906 -0.05175793170928955 -0.018455415964126587 -1.0157296657562256
1681767406.2507703 138.8995819091797 -0.05017658323049545 -0.01775991916656494 -1.016556978225708
1681767406.277761 138.95901489257812 -0.04695633053779602 -0.010536587797105312 -1.0050177574157715
1681767406.290805 138.96885681152344 -0.04907715320587158 -0.00886082649230957 -1.005110740661621
1681767406.3067737 138.97886657714844 -0.052227672189474106 -0.008298888802528381 -1.004164695739746
1681767406.3068032 138.9847869873047 -0.05290350690484047 -0.0067864954471588135 -1.0037357807159424
1681767406.319826 138.99270629882812 -0.0548999048769474 -0.00598531449213624 -1.0039894580841064
1681767406.3467934 139.00953674316406 -0.0579787902534008 -0.006098148413002491 -1.0057729482650757
1681767406.3607469 139.0174560546875 -0.05770540609955788 -0.0061697945930063725 -1.0085381269454956
1681767406.3777313 139.029296875 -0.05618412420153618 -0.0074946945533156395 -1.013040542602539
1681767406.391712 139.07199096679688 -0.055161017924547195 -0.01465440634638071 -1.0147428512573242
1681767406.4057143 139.080810546875 -0.05415942892432213 -0.01768445037305355 -1.0144416093826294
1681767406.4057539 139.08673095703125 -0.054300304502248764 -0.020808132365345955 -1.0155423879623413
1681767406.4197383 139.09664916992188 -0.054510556161403656 -0.024449707940220833 -1.0148550271987915
1681767406.4467878 139.11058044433594 -0.052830662578344345 -0.025234732776880264 -1.015008568763733
1681767406.4596775 139.1215057373047 -0.05305912718176842 -0.026708777993917465 -1.0113747119903564
1681767406.4727833 139.13133239746094 -0.05282222852110863 -0.0280066579580307 -1.0103771686553955
1681767406.4868212 139.141357421875 -0.053126260638237 -0.02712230570614338 -1.0072005987167358
1681767406.4868789 139.145263671875 -0.05280508100986481 -0.026731137186288834 -1.0079669952392578
1681767406.499777 139.15518188476562 -0.0542590394616127 -0.025618992745876312 -1.0057346820831299
1681767406.5267203 139.166015625 -0.0544230155646801 -0.024187907576560974 -1.0070925951004028
1681767406.5417182 139.21653747558594 -0.05727677792310715 -0.019572539255023003 -1.006333351135254
1681767406.5417645 139.22254943847656 -0.05652976781129837 -0.018979331478476524 -1.0093408823013306
1681767406.5538137 139.234375 -0.05619305372238159 -0.018835147842764854 -1.0122519731521606
1681767406.5668037 139.24330139160156 -0.056613579392433167 -0.01983906887471676 -1.011547565460205
1681767406.5797534 139.2531280517578 -0.0573219433426857 -0.019290760159492493 -1.0099647045135498
1681767406.6077716 139.26715087890625 -0.0577567033469677 -0.020356731489300728 -1.008894443511963
1681767406.6207438 139.2769775390625 -0.056161247193813324 -0.01958998292684555 -1.0103789567947388
1681767406.6377528 139.3175811767578 -0.054984595626592636 -0.018755590543150902 -1.0089341402053833
1681767406.6377993 139.32449340820312 -0.05463460832834244 -0.017008474096655846 -1.0092202425003052
1681767406.6507487 139.33624267578125 -0.054421067237854004 -0.015651142224669456 -1.0060275793075562
1681767406.664795 139.34625244140625 -0.05477502569556236 -0.017454005777835846 -1.0067557096481323
1681767406.6777663 139.3560791015625 -0.05422268062829971 -0.016999749466776848 -1.0089685916900635
1681767406.7047906 139.3709259033203 -0.05264078825712204 -0.018609629943966866 -1.0098613500595093
1681767406.718722 139.38084411621094 -0.05119609460234642 -0.01854083687067032 -1.0097112655639648
1681767406.7187467 139.38685607910156 -0.050868887454271317 -0.019467497244477272 -1.009448528289795
1681767406.7317698 139.3966827392578 -0.04799362272024155 -0.019630003720521927 -1.010051965713501
1681767406.7447774 139.40560913085938 -0.04604991525411606 -0.01853781007230282 -1.0094528198242188
1681767406.7597406 139.41151428222656 -0.04380544275045395 -0.01817212998867035 -1.0086748600006104
1681767406.7727866 139.42144775390625 -0.040655553340911865 -0.017157332971692085 -1.00847589969635
1681767406.7869415 139.4701385498047 -0.026773719117045403 -0.016142191365361214 -1.007493257522583
1681767406.7988186 139.47998046875 -0.024270357564091682 -0.01664764992892742 -1.0085537433624268
1681767406.8117456 139.4907989501953 -0.02045438066124916 -0.015987833961844444 -1.009022831916809
1681767406.8257203 139.500732421875 -0.017535576596856117 -0.016977036371827126 -1.008026123046875
1681767406.8257515 139.50672912597656 -0.01659667119383812 -0.016254698857665062 -1.0087167024612427
1681767406.8397315 139.5126495361328 -0.015758592635393143 -0.016665305942296982 -1.0083283185958862
1681767406.852868 139.51856994628906 -0.014691794291138649 -0.016566000878810883 -1.0069912672042847
1681767406.8667765 139.52940368652344 -0.011345253325998783 -0.016899606212973595 -1.0077052116394043
1681767406.8668005 139.5352325439453 -0.009856113232672215 -0.015390973538160324 -1.0053788423538208
1681767406.878779 139.54515075683594 -0.008026623167097569 -0.015258877538144588 -1.0070103406906128
1681767406.8917313 139.5549774169922 -0.006120732985436916 -0.0144533421844244 -1.0056133270263672
1681767406.9067357 139.56390380859375 -0.004108891822397709 -0.014618639834225178 -1.0066404342651367
1681767406.9199 139.56790161132812 -0.004000269807875156 -0.01508902944624424 -1.0062257051467896
1681767406.9327753 139.61605834960938 0.005978357512503862 -0.013568688184022903 -1.0085246562957764
1681767406.9467773 139.62606811523438 0.007248725742101669 -0.014723655767738819 -1.0083460807800293
1681767406.9468014 139.63189697265625 0.008836986497044563 -0.014240659773349762 -1.0092999935150146
1681767406.958734 139.6417236328125 0.011266994290053844 -0.015243196859955788 -1.0104751586914062
1681767406.9717252 139.65255737304688 0.013081371784210205 -0.015432089567184448 -1.0118556022644043
1681767406.9857736 139.66249084472656 0.013567023910582066 -0.014682951383292675 -1.0110970735549927
1681767406.999808 139.66848754882812 0.014849960803985596 -0.01471456978470087 -1.0117905139923096
1681767407.0127568 139.68023681640625 0.016304124146699905 -0.014645775780081749 -1.012032389640808
1681767407.0257194 139.691162109375 0.017297789454460144 -0.014915053732693195 -1.0136674642562866
1681767407.0397637 139.70108032226562 0.01812642067670822 -0.014441505074501038 -1.0135908126831055
1681767407.0397959 139.7050018310547 0.01847773790359497 -0.01440524123609066 -1.0135074853897095
1681767407.06775 139.71682739257812 0.018879804760217667 -0.014320990070700645 -1.0122044086456299
1681767407.0808043 139.72975158691406 0.018912257626652718 -0.01416405476629734 -1.0111660957336426
1681767407.093741 139.7763671875 0.019770236685872078 -0.01245315745472908 -1.0079858303070068
1681767407.107927 139.78619384765625 0.020274320617318153 -0.012555955909192562 -1.0066664218902588
1681767407.1219902 139.79811096191406 0.020614473149180412 -0.011688390746712685 -1.0064475536346436
1681767407.1370053 139.80703735351562 0.020971830934286118 -0.010859272442758083 -1.0072492361068726
1681767407.1371355 139.81295776367188 0.020790355280041695 -0.011109178885817528 -1.0066505670547485
1681767407.1629386 139.82278442382812 0.020940257236361504 -0.00942540355026722 -1.0058417320251465
1681767407.1769114 139.83270263671875 0.020708128809928894 -0.010287992656230927 -1.0070747137069702
1681767407.1769753 139.838623046875 0.02016640454530716 -0.010457795113325119 -1.0057799816131592
1681767407.189891 139.84754943847656 0.02022795006632805 -0.010283645242452621 -1.0068678855895996
1681767407.2029552 139.859375 0.020827988162636757 -0.010116389952600002 -1.006627082824707
1681767407.2309177 139.87530517578125 0.020387040451169014 -0.010898612439632416 -1.007051944732666
1681767407.2445748 139.9258270263672 0.022251881659030914 -0.011737026274204254 -1.0099486112594604
1681767407.25692 139.93666076660156 0.022755781188607216 -0.011706543155014515 -1.0106254816055298
1681767407.2709692 139.9464874267578 0.02299465611577034 -0.01185641996562481 -1.0108624696731567
1681767407.2710745 139.95249938964844 0.022491004317998886 -0.012270182371139526 -1.010591745376587
1681767407.28397 139.96434020996094 0.021857384592294693 -0.011813661083579063 -1.0099738836288452
1681767407.298899 139.96925354003906 0.02125442400574684 -0.012191910296678543 -1.0098212957382202
1681767407.3118978 139.97525024414062 0.020534871146082878 -0.01246874500066042 -1.0089036226272583
1681767407.3123724 139.98117065429688 0.02018474042415619 -0.01205972395837307 -1.0091018676757812
1681767407.3239331 139.99301147460938 0.019233178347349167 -0.012486840598285198 -1.0075044631958008
1681767407.338006 140.0048370361328 0.018120059743523598 -0.01310573611408472 -1.0082241296768188
1681767407.3509133 140.01576232910156 0.016662903130054474 -0.013387464918196201 -1.0085893869400024
1681767407.3649902 140.0216827392578 0.01632084883749485 -0.013715395703911781 -1.0089836120605469
1681767407.3788562 140.02960205078125 0.015890469774603844 -0.013587471097707748 -1.008718729019165
1681767407.391877 140.0742950439453 0.011527761816978455 -0.01278743427246809 -1.0096687078475952
1681767407.4048958 140.08421325683594 0.010829145088791847 -0.01229874137789011 -1.0098834037780762
1681767407.4050026 140.088134765625 0.010280654765665531 -0.012624911032617092 -1.0101449489593506
1681767407.418069 140.0970458984375 0.009204287081956863 -0.011961231008172035 -1.0095027685165405
1681767407.4319422 140.10888671875 0.0077936830930411816 -0.011933471076190472 -1.0084974765777588
1681767407.444898 140.1208038330078 0.006232875399291515 -0.011679272167384624 -1.0085556507110596
1681767407.4589503 140.12481689453125 0.005937628448009491 -0.01207367517054081 -1.0088815689086914
1681767407.4729521 140.13365173339844 0.005105786491185427 -0.012325454503297806 -1.0090082883834839
1681767407.486118 140.14556884765625 0.0038211047649383545 -0.012732991948723793 -1.0082920789718628
1681767407.486257 140.1494903564453 0.0032565053552389145 -0.012871752493083477 -1.0079723596572876
1681767407.4989283 140.1595001220703 0.0019232146441936493 -0.013296437449753284 -1.0083155632019043
1681767407.5119765 140.16741943359375 0.0016618274385109544 -0.013445544056594372 -1.0084315538406372
1681767407.5299122 140.21011352539062 -0.00035210433998145163 -0.014077972620725632 -1.0097368955612183
1681767407.5439339 140.2229461669922 -9.134704305324703e-05 -0.013936408795416355 -1.010115623474121
1681767407.5579872 140.22694396972656 -0.00010211943299509585 -0.01415587030351162 -1.0101537704467773
1681767407.5709517 140.23495483398438 0.0002975373063236475 -0.014381570741534233 -1.0096644163131714
1681767407.5710688 140.24087524414062 0.0005159387947060168 -0.01429438591003418 -1.0092380046844482
1681767407.5839257 140.24879455566406 0.0010717024561017752 -0.01436435617506504 -1.009519100189209
1681767407.5969741 140.25962829589844 0.001750085735693574 -0.014191282913088799 -1.0096975564956665
1681767407.61391 140.26954650878906 0.0021852380596101284 -0.01366080529987812 -1.0089969635009766
1681767407.6279485 140.3063201904297 0.0037795815151184797 -0.01188198383897543 -1.0076870918273926
1681767407.6280174 140.31024169921875 0.0040737628005445 -0.01170691940933466 -1.0077340602874756
1681767407.641897 140.32025146484375 0.00429562758654356 -0.012041714042425156 -1.007232666015625
1681767407.6569712 140.3241729736328 0.0042337640188634396 -0.01238932367414236 -1.007151484489441
1681767407.6709123 140.3281707763672 0.004433868452906609 -0.012379584833979607 -1.0076228380203247
1681767407.671019 140.33216857910156 0.0044119046069681644 -0.012601902708411217 -1.0079782009124756
1681767407.682899 140.3430938720703 0.005082354415208101 -0.012853950262069702 -1.0084428787231445
1681767407.6959243 140.35293579101562 0.00573114724829793 -0.013364093378186226 -1.0085422992706299
1681767407.7148957 140.36294555664062 0.006229450460523367 -0.0137643963098526 -1.0086491107940674
1681767407.72898 140.4115447998047 0.0075593688525259495 -0.012522290460765362 -1.0085347890853882
1681767407.7419755 140.42037963867188 0.008115652948617935 -0.012773704715073109 -1.0091030597686768
1681767407.7578788 140.4263916015625 0.008389469236135483 -0.012985856272280216 -1.0093224048614502
1681767407.7700648 140.43431091308594 0.008979428559541702 -0.012865251861512661 -1.0094571113586426
1681767407.7829306 140.44422912597656 0.009224745444953442 -0.012466446496546268 -1.0087217092514038
1681767407.795964 140.4541473388672 0.009778828360140324 -0.012684624642133713 -1.0094672441482544
1681767407.8098009 140.4669952392578 0.010074488818645477 -0.012710999697446823 -1.0095380544662476
1681767407.8098595 140.47299194335938 0.010007829405367374 -0.012756861746311188 -1.0091240406036377
1681767407.8249097 140.47691345214844 0.010302570648491383 -0.012769907712936401 -1.009165644645691
1681767407.8370173 140.4810028076172 0.010339075699448586 -0.012802072800695896 -1.0090198516845703
1681767407.8498769 140.52952575683594 0.008881877176463604 -0.013179244473576546 -1.0075135231018066
1681767407.861994 140.5384521484375 0.008187739178538322 -0.013168546371161938 -1.007981300354004
1681767407.862066 140.54254150390625 0.00804982241243124 -0.01298000942915678 -1.0081430673599243
1681767407.873929 140.55064392089844 0.007742788176983595 -0.013185776770114899 -1.0084067583084106
1681767407.8859227 140.55874633789062 0.007916850969195366 -0.013465939089655876 -1.0078569650650024
1681767407.8999605 140.5668487548828 0.007458769716322422 -0.01346561312675476 -1.0081249475479126
1681767407.9139826 140.574951171875 0.0070825666189193726 -0.013483264483511448 -1.0084149837493896
1681767407.9269924 140.5819549560547 0.006840810179710388 -0.013687890022993088 -1.008648157119751
1681767407.9439235 140.59178161621094 0.0064779589883983135 -0.013581205159425735 -1.0084668397903442
1681767407.9569004 140.64048767089844 0.006586113944649696 -0.01297021470963955 -1.0080454349517822
1681767407.9689481 140.6503143310547 0.0065675838850438595 -0.01311251986771822 -1.0084539651870728
1681767407.9819655 140.65924072265625 0.006692355033010244 -0.01307688932865858 -1.0086007118225098
1681767407.9968503 140.67115783691406 0.006852771155536175 -0.013312733732163906 -1.0089317560195923
1681767407.9969227 140.6770782470703 0.006808305159211159 -0.013263437896966934 -1.0093202590942383
