1683161339.3804548 0.0015044329649397392 3.803759813308938e-05 0.0010368934136566477
1683161339.4190938 0.0016541724786980905 6.909534335136636e-05 0.0011077659751597135
1683161339.4606426 0.0013830695297250284 0.00010688841342926247 0.0011215326069953235
1683161339.4998202 0.0013646306786426476 2.1661221981050804e-05 0.0011416169837379364
1683161339.5404906 0.0013904352442064005 8.749455213546975e-05 0.0011493536449358466
1683161339.5859823 0.0013460830206599717 7.455661892891152e-05 0.001058331492232778
1683161339.6264393 0.0014048283106835313 7.126718759536965e-05 0.00103883181707487
1683161339.6634119 0.0014054451231329534 0.0001615831255912803 0.0010226299333340183
1683161339.7013438 0.0014763774732609314 0.00018603965640068276 0.0011886263686657905
1683161339.761959 0.001498493117830929 0.00020771339535713418 0.0012208856304591897
1683161339.8431792 0.0015170171380519404 0.00012463197112083657 0.0010495783512882717
1683161339.8891842 0.001361204381569725 0.00012538447976112588 0.0010064511116310015
1683161339.9341211 0.0013695231560469368 1.0991990566255883e-05 0.0009846667244006735
1683161339.9719696 0.0013699250094187931 1.550331711769326e-05 0.0009840900415472031
1683161340.0220687 0.001347972779294021 2.9916465282442406e-05 0.001209295148051126
1683161340.0725155 0.0013686944126720946 -1.1672675609586403e-05 0.0010867960914657804
1683161340.1099217 0.0013978480489868494 -7.501751184463279e-05 0.0006534321320530445
1683161340.1496718 0.0014535950601728964 -0.00024672359228133933 0.0005847260922613451
1683161340.1885874 0.0014577715275700398 -0.0001968605816364266 0.0009323875568161277
1683161340.2260325 0.001434333447532743 -0.00019637629389762656 0.0008493347740627932
1683161340.2711465 0.001523283935713854 -0.00015412405133247153 0.0008410146536024232
1683161340.3261504 0.001493799082220526 -0.00013362005352973716 0.0008291549954433375
1683161340.367455 0.0014752428949589835 -0.00012417271733283775 0.0010224226209241127
1683161340.4049258 0.0014503736356196173 -0.00015227630734443443 0.0015348969176536276
1683161340.446055 0.0015102652912932502 -0.00014101475477218406 0.0014340521412303797
1683161340.485664 0.0015399687914761928 -0.00021951034665107505 0.0012701077343582057
1683161340.5263193 0.0014879956037584519 -0.00018299877643584983 0.0011337060774725405
1683161340.5637753 0.0013339741949374984 -0.00017715752124786155 0.001067154863974018
1683161340.6061761 0.001252322909648218 -9.300321340560691e-05 0.0010206966420949204
1683161340.6693609 0.0013441037800796252 -0.00013334810733794944 0.0009833946954014294
1683161340.7119536 0.0015572041129635894 -8.49342346191384e-05 0.0010956326466309285
1683161340.7582486 0.0016031904923849705 -1.1557191610334083e-05 0.0012212311692261224
1683161340.8158236 0.0016959525675449005 -0.00017582759261131065 0.0012090435995673054
1683161340.8713868 0.0011477439304808934 -2.497941255569236e-05 0.0011436543136422728
1683161340.9130144 0.001274061301479057 -1.2883394956586525e-05 0.0011776666126022128
1683161340.9527133 0.0013732090404465214 -3.4435093402840344e-06 0.001211990315150846
1683161340.9880106 0.001411671906778017 8.630156517031029e-06 0.0011677233400095854
1683161341.0240903 0.0014814074798221999 -4.982054233548805e-06 0.0011601126907609949
1683161341.063153 0.0016081505177437672 2.5628656148912743e-05 0.0011577419615758089
1683161341.1013398 0.001675291541406193 0.00012835726141929849 0.0008406243572889327
1683161341.1555836 0.0016418616914145867 0.0001863786578178428 0.0008913498329061742
1683161341.1977122 0.0016875714676579112 0.00022503972053528054 0.0006898923428833026
1683161341.2341537 0.0016959058933813664 8.649989962578042e-05 0.000792718967496997
1683161341.2878678 0.0018079620690132914 0.00010225415229797585 0.0007724256648902195
1683161341.3489454 0.0018435964887680012 0.00011982262134552224 0.000853701604188073
1683161341.4065003 0.00173973924270579 0.00015571951866150124 0.0012287804527080226
1683161341.4498973 0.0017348015227814095 0.00011104211211204751 0.0012569406734241895
1683161341.4868505 0.0015134417181402737 0.0003613182902336143 0.0017443043651501622
1683161341.5271516 0.001586029407800782 0.00026198342442512734 0.0016861090966593384
1683161341.5653322 0.0016507456800778364 0.000224309563636782 0.0017000898705725742
1683161341.6045935 0.0017668002128376215 0.00020982563495636208 0.0016939615920024131
1683161341.6450791 0.0018215467300948807 0.00020059809088707192 0.0016345154453956123
1683161341.681865 0.0018079753197856874 0.00022428721189499123 0.0015986255641591285
1683161341.723613 0.0018219270358152406 0.0001865537464618705 0.0015795102280782292
1683161341.761128 0.0018661689443443263 0.00023865565657615884 0.0015676398708910355
1683161341.8383691 0.0018721361784029 0.00022746115922928078 0.001548124977691634
1683161341.8782873 0.0018724707365799509 0.00022737920284271462 0.0016984140163396333
1683161341.9412012 0.0018189510614189108 0.00022654473781585915 0.0016380856658535503
1683161341.9869094 0.0018244930322746378 0.00022084504365921243 0.0016094782490601034
1683161342.0328937 0.0017239943396779867 0.0003944733738899253 0.0016017038782925042
1683161342.0719025 0.0017018096132140614 0.0004165494441986106 0.0016201685035530655
1683161342.1139524 0.0017405371329938246 0.00039168313145637734 0.001403203085507787
1683161342.1541884 0.0016189670931837652 0.00041244044899940713 0.0013742026893723835
1683161342.1932228 0.0016137423602494705 0.0003396482765674613 0.0013612892384171627
1683161342.23033 0.0015567837758461156 0.0002823831140995048 0.001325854074911259
1683161342.2745717 0.0015999629236329027 0.0002561086416244529 0.0012817037520946872
1683161342.3124301 0.0016192588108040196 0.00017555296421051247 0.0013737398535942358
1683161342.3496685 0.0016584633837298801 0.00017461419105530007 0.0013161418475855502
1683161342.3949463 0.0017251767024994424 0.00026067957282066567 0.0013705657154279294
1683161342.4475021 0.0016191486070208094 0.00027825921773910745 0.0013397171786946327
1683161342.509031 0.0016231502535025422 0.00022572144865989907 0.0013463627845740067
1683161342.5733895 0.0016289945107161585 0.0002108016610145591 0.0013852080226519625
1683161342.6125286 0.0015225650832759174 0.0005845265090465568 0.0013424035569273851
1683161342.647385 0.001563276876486469 0.0004178495705127738 0.0012582640389879884
1683161342.6914296 0.001418668512452037 0.00012695282697677834 0.0011245076254728925
1683161342.731046 0.0014928828541488914 0.0001891651749610923 0.0011739357267726014
1683161342.773271 0.001504885862389782 0.00025386229157448037 0.0013476061397952321
1683161342.8085964 0.00158018663586168 0.00026836857199669106 0.0013611617125781628
1683161342.8475044 0.0017102720257902992 0.00038408353924751504 0.001436899312518669
1683161342.9001381 0.0016709693150113447 0.00037290021777153237 0.001313544987425086
1683161342.9510229 0.0015844241683459492 0.000564745217561724 0.001421530428039608
1683161343.0143855 0.001562852506136525 0.0003992789983749412 0.0013707978272889942
1683161343.0486884 0.001586667919855761 0.00038297712802887185 0.0012914226331119938
1683161343.0851457 0.001871538172476872 0.000376703739166262 0.0013269238324828958
1683161343.125207 0.0017624950037843923 0.0002124445140361808 0.0012928210964648912
1683161343.160838 0.0017281146576458017 0.0002001398801803611 0.0012957556250146052
1683161343.201571 0.0017991018353044064 0.00015793606638908608 0.0012170699681006703
1683161343.2388628 0.0018101061427711895 0.00027016043663025124 0.001464215213659692
1683161343.2766373 0.0018571189475918293 0.00012549623847007974 0.0013149825749212418
1683161343.3175275 0.0018726494228837876 0.00010388582944870217 0.001302630316217357
1683161343.3780625 0.0018626064027700007 9.34363901615165e-05 0.0013089311783562874
1683161343.4200842 0.0019412039564955241 0.00025651469826698525 0.0013154902202627827
1683161343.4829443 0.0019197806792048133 0.00013439223170280679 0.0012395804106168917
1683161343.519867 0.0018995279341848803 7.924303412437661e-05 0.0011453479740981543
1683161343.5575736 0.001955848605410454 8.132547140121682e-05 0.0011318142481571147
1683161343.5959048 0.0019773841840433626 5.739331245424584e-06 0.0012628732844759405
1683161343.633744 0.001955303673089992 -2.1295100450513527e-05 0.0012088925417383933
1683161343.6731026 0.0019197035482262093 2.2205114364626244e-05 0.0012333699111108931
1683161343.7110958 0.0019155679350610078 0.00011823937296867593 0.001084203604199585
1683161343.7473273 0.0019367317243412785 -9.776502847669288e-06 0.0010655685310414498
1683161343.782751 0.001933447027398033 -7.936209440229103e-06 0.0011040762991143538
1683161343.845625 0.001896633411023696 -2.0553767681119606e-05 0.0011062922703819478
1683161343.889586 0.002031751743798299 4.014611244201882e-05 0.0010471679545760448
1683161343.950415 0.0019539758268740104 4.9243271350862816e-05 0.0010019778888594733
1683161343.9859922 0.0019721040619453123 0.00010530889034271462 0.0010431088565665547
1683161344.0219615 0.0019459810353806006 0.00010020151734352334 0.001142062719184045
1683161344.0589747 0.0019398280039754634 0.0001276718080043815 0.0013705649721700297
1683161344.098115 0.0019199080239779287 0.00013826280832290871 0.0013624066349477992
1683161344.146938 0.0019078575182415736 0.0003495985269546531 0.001364548851554348
1683161344.1879704 0.001854837453924646 0.00024769321084022744 0.0008498478583962576
1683161344.2294517 0.0018350797978801403 0.0002401755750179313 0.0008391911165546162
1683161344.26665 0.0018290993825701984 0.00032087653875351174 0.0007462696840796479
1683161344.3284853 0.0018194959987055392 0.00034050509333610757 0.0008454534255568635
1683161344.3729866 0.0018136975237957598 0.00039088219404220803 0.0009581957183106837
1683161344.419946 0.0017776510340074547 0.0005122037231922172 0.0010515205802441585
1683161344.4798887 0.0017371923000671918 0.0004773722589015983 0.001098552281717513
1683161344.517839 0.0016444016958206686 0.00032816320657730325 0.0009737149156228142
1683161344.5534706 0.0018190862129455199 0.00029251962900161965 0.0009651494510880543
1683161344.5935428 0.0017976293642825159 0.00029297038912773354 0.0011595848655390206
1683161344.6311977 0.001809020657480176 0.000287546366453173 0.0010480773146190892
1683161344.6719582 0.0018273140470174143 0.00026516109704971536 0.0010186756991219514
1683161344.7150245 0.0018208101596401405 0.00033963710069656594 0.001130905258004855
1683161344.7633965 0.0018158984501425446 0.0003000558912754081 0.0011419985210419092
1683161344.8244762 0.002086106026461504 0.0003122040629386924 0.001114818936096551
1683161344.8734272 0.002145831449094915 0.0002378472685813926 0.000895800969112015
1683161344.9156644 0.0021426409203348096 0.00021619960665703042 0.0007814152666922869
1683161344.9587808 0.0020862079909696185 0.0001390078663826011 0.0007745330789759031
1683161345.007399 0.0021007891112581056 0.00010896340012550576 0.0008300482746974591
1683161345.0485077 0.0021002362346315417 0.00010278686881065591 0.0009549889118052324
1683161345.083754 0.002076318877757388 6.313860416412576e-05 0.0009806476991292001
1683161345.1233945 0.00201824213500601 7.069721817970498e-05 0.0010282300668218447
1683161345.1587694 0.0020358833733891413 6.931513547897561e-05 0.0010774530394275228
1683161345.1956692 0.0020423834554645637 0.00014171242713928445 0.0010924594047936331
1683161345.235496 0.002065169286024765 0.00025705486536026223 0.0011134131504675349
1683161345.2722883 0.0019882949480264367 0.00016911938786506875 0.0010755490671496837
1683161345.3359249 0.001965035035365381 0.00017291173338890298 0.001145761458394956
1683161345.4095333 0.0019347744093106412 0.00016813963651657327 0.0011432922973184656
1683161345.4687057 0.001852192275606096 0.00021857634186744912 0.0012206815720841035
1683161345.5323286 0.0017952098344486411 0.00020000949501991494 0.0011863194408543443
1683161345.6175752 0.0017659417763900842 0.00018042936921119912 0.001257782834174881
1683161345.6820927 0.0019503409930081705 0.0001588822901248954 0.001050016812005783
1683161345.7222407 0.001953433228485235 0.00014848873019218667 0.001022957824660331
1683161345.7741375 0.001980920071621789 0.00015926972031593545 0.0012679439230491862
1683161345.818853 0.0019844956668262637 0.00015251949429512246 0.0012486674235254736
1683161345.8630538 0.0019862647467933092 6.376445293426736e-05 0.0011881218553864148
1683161345.9189641 0.0019913233330924873 4.9649327993395165e-05 0.0011523287418113703
1683161345.9804318 0.0019780254243152717 0.00014409661293030007 0.00123187217453391
1683161346.0413363 0.0019761817275602833 0.00013078987598419411 0.001190004453009319
1683161346.0989566 0.0019206224796857185 0.00016549840569496377 0.001252871324427085
1683161346.1375794 0.0019010356003994477 4.2992234230043724e-05 0.0012511750127865984
1683161346.2264478 0.0017530272014853743 6.268784403801186e-05 0.0013526233320166892
1683161346.284902 0.0017426934504581881 5.135923624038918e-05 0.0013714422834210094
1683161346.323062 0.0016774362800863751 0.00018491834402084573 0.0014091166537253397
1683161346.3590255 0.0017250265621662486 5.119904875755532e-05 0.0012590774037397612
1683161346.4121263 0.00178004127498535 2.2726655006410912e-05 0.001263740169259675
1683161346.4545941 0.001813054152693755 4.942119121553734e-06 0.0012908155413018374
1683161346.4969077 0.00182007804699455 -3.9742738008496925e-05 0.0012713535251862584
1683161346.539041 0.001841501436512627 -3.149867057800071e-05 0.0012730223804795493
1683161346.6116087 0.0018753481465600408 -3.56858968734719e-05 0.001218737011555504
1683161346.6618373 0.0018700751389805759 -3.907591104507224e-05 0.0015791743969151284
1683161346.713012 0.0019695778684553356 -8.632004261016624e-05 0.0015588496906995264
1683161346.805921 0.0018205484717747633 6.892025470733865e-05 0.0014469533556178416
1683161346.8732855 0.0017974892444612145 0.00013967469334602578 0.00141536302607137
1683161346.9093506 0.001801679423955288 7.480621337890847e-05 0.001397668941330421
1683161346.9484944 0.0017998266730352985 2.5166720151903466e-05 0.0012514814757029757
1683161347.0039847 0.0017983484168423436 5.127727985382302e-05 0.0013330486855116508
1683161347.0567331 0.0017652034207256417 4.679575562477334e-05 0.001333657863956228
1683161347.1350048 0.0017900847852247714 8.368492126487048e-07 0.0012814303814119299
1683161347.2212884 0.0018504118755739984 -5.110487341880576e-05 0.0012671422758758766
1683161347.29296 0.0018084575274449066 -5.326554179191367e-05 0.0012763818619931921
1683161347.3468194 0.0018310221310796349 -1.8922090530393287e-05 0.0012489843621945607
1683161347.3871052 0.001855720155315932 -1.7949789762494728e-05 0.001489772715798976
1683161347.4561188 0.0018172858438932626 -3.107398748397605e-05 0.0015273570463101294
1683161347.532637 0.0017534431180368792 7.475316524507836e-06 0.0013717414982379328
1683161347.6668146 0.0017511479177351186 3.057956695556863e-05 0.0013791462252559228
1683161347.7657723 0.0017895370536760435 3.309041261673196e-05 0.0013900191674420803
1683161347.8361294 0.0018363253218574294 7.147490978243187e-06 0.0014508461760189828
1683161347.8916137 0.0018852604560731512 -1.4239400625226661e-05 0.00138514129504963
1683161348.0199828 0.0018603518655165296 -2.301245927810447e-05 0.0013405677069004973
1683161348.0725775 0.0018817796433227563 -2.4118870496747657e-05 0.0012725314431714096
1683161348.1186469 0.0018817735676517622 -2.9427409172055885e-05 0.0012397075635854904
1683161348.1670897 0.0018287772687176629 -4.3497830629346534e-05 0.0013700208588360852
1683161348.2126026 0.001808072771860375 -5.775079131126182e-05 0.0013310287812622335
1683161348.251166 0.0018413781930036177 -5.317613482475059e-05 0.0013020203181033363
1683161348.294631 0.0018590819097438482 -2.9703080654142067e-05 0.0013161550310096803
1683161348.3434155 0.0018419247759599577 -2.8898417949674293e-05 0.0012568108150192714
1683161348.390846 0.0018467135269860935 -2.4964511394498512e-05 0.0013394077873150056
1683161348.4477909 0.001856168768760269 -2.6290714740750953e-05 0.0011522494500837421
1683161348.504786 0.002056374058768018 -1.0663121938703224e-05 0.0012118018242861517
1683161348.5980177 0.002080794207088621 2.437695860862954e-05 0.0011918974034190732
1683161348.6605341 0.0020955243513958166 -9.24369692802407e-05 0.0012426457182954653
1683161348.709308 0.0019280237930802968 -4.299864172935264e-05 0.0012835587467550091
1683161348.7496068 0.001904011891117996 -3.575667738914268e-05 0.0012207681865843423
1683161348.7997184 0.0017656095079489342 5.2648186683657006e-05 0.0011597729140742086
1683161348.8634534 0.001660300061309572 0.00011081486940384133 0.0013478637490529355
1683161348.9351141 0.0017171875536583225 3.498658537864907e-05 0.0013392520845272315
1683161349.0092766 0.0016837692596083365 -1.4578402042386696e-05 0.0005040996739753556
1683161349.0714357 0.0016700963932901325 0.00011576950550079568 0.0008678168282063581
1683161349.122833 0.0016599556122282588 0.0001606816053390525 0.0009345081772305086
1683161349.1855955 0.0017027757288265166 0.00015478074550628884 0.0010063563076379012
1683161349.236727 0.0017268219579576194 0.00014135107398033364 0.0009952657009999477
1683161349.3715143 0.0017007088193174424 0.00010682135820389016 0.001786618464820755
1683161349.4514294 0.0015785503794480404 0.00013870984315872414 0.0017347911589420395
1683161349.51451 0.0016151811238358516 0.00012089177966118081 0.0016208465211253742
1683161349.566628 0.001712483025286815 4.770845174789651e-05 0.0015574426373607952
1683161349.6307003 0.0016796954206474701 2.3408383131029442e-05 0.0016245523605786794
1683161349.7258184 0.001674486781413409 -2.2543072700498268e-05 0.0014752129991533192
1683161349.7750812 0.0016852695034232368 5.715578794479592e-05 0.001467994285308416
1683161349.830642 0.0017130402092587482 6.447136402132347e-06 0.0014005141494468631
1683161349.882414 0.0017832694311928077 -0.00010894373059272544 0.0015110930752078033
1683161349.922081 0.001784270235981461 -5.4845064878461525e-05 0.0014228178993487273
1683161349.9767969 0.001716302489533389 -0.00015934318304061668 0.0013284655333176687
1683161350.0832307 0.0017908441110167372 -0.00010684639215469138 0.0013096369751155468
1683161350.1610615 0.0018033257947346892 -7.673487067222373e-05 0.0012817349087788088
1683161350.23622 0.0018439649500333333 0.00042542681097984536 0.0012264765023972668
1683161350.2864494 0.0016629606112991413 0.0005169162154197715 0.0011441326437473531
1683161350.3540347 0.0016479434043238927 0.0002498687803745292 0.0010535042392798566
1683161350.411254 0.0016019846914275548 0.00012633815407753213 0.0010498914437497842
1683161350.4681575 0.001646293447235131 9.357050061226113e-05 0.00104100839312804
1683161350.5206723 0.0015923667036063238 9.510159492492898e-05 0.001249693633283977
1683161350.58662 0.0016022058244991033 7.305160164833291e-05 0.0012078137476303485
1683161350.663603 0.0016099550282829278 -0.0001404149830341317 0.0012114242093528294
1683161350.7148013 0.0016607625219207944 -0.00020000100135803 0.0008563687673355247
1683161350.7793357 0.0017497842446752843 -0.00014737010002136008 0.0009244416237612629
1683161350.8195922 0.0017175884600500457 -0.0001311315596103646 0.0009679479882684916
1683161350.9370883 0.0018303374513737591 2.1996498107912377e-05 0.0015728889507049537
1683161351.0078723 0.0018154862440457609 4.5737773180010155e-05 0.00124832627832272
1683161351.1053305 0.0017529737599130124 1.2113302946092919e-05 0.0013135904424199651
1683161351.217925 0.0017401365339861086 -3.754854202270286e-05 0.0013020864261585885
1683161351.2713144 0.001783301009784688 -5.4807811975476906e-05 0.0013244180294242902
1683161351.331021 0.0018699576870981893 -0.00012733176350593345 0.001433193127072574
1683161351.381586 0.0019328684556736697 -8.129462599754111e-05 0.001417363294817342
1683161351.4219975 0.0019610109886020466 -7.160514593124168e-05 0.001427126687200797
1683161351.4957213 0.001925834904854845 -4.186987876891868e-05 0.0013827554468910375
1683161351.5519292 0.001919053120208708 -5.548298358915016e-06 0.001628294495276128
1683161351.5918999 0.0019378281498126648 -8.454024791715309e-06 0.0016837808444716273
1683161351.6398716 0.001776173940807424 7.190421223640664e-05 0.001677481768534994
1683161351.6937125 0.0017161297870330883 9.622663259506448e-05 0.001580422592747821
1683161351.805042 0.0017462114318149424 0.00010092422366142495 0.0015565045784002862
1683161351.911235 0.0019696727934282177 8.551642298698647e-05 0.001459309488151872
1683161352.0330153 0.0019541696370544426 8.161604404449685e-05 0.0016020025484841938
1683161352.079145 0.0019755166156366633 7.564067840576394e-05 0.0015801539641051576
1683161352.1337252 0.0017743368550380834 5.138531327247842e-05 0.0014409407352167225
1683161352.1925268 0.0017381588189031294 4.653126001358254e-05 0.0014051131643686432
1683161352.2346926 0.001763813289818894 0.00047972291707992776 0.0018726110891704728
1683161352.2794254 0.0018079039049533063 0.0003612288832664512 0.0015623370196504727
1683161352.348207 0.001818417177037096 0.00034683436155319436 0.0015927027358813017
1683161352.4130387 0.0017865006811013662 0.0002888353168964408 0.0013263685232911548
1683161352.4745505 0.001664721696308713 0.00030488386750221474 0.0012757537905581096
1683161352.5254292 0.0017383103819415824 0.00025324016809463723 0.0013035467023256864
1683161352.5762284 0.0016063710850517943 0.00010457873344421609 0.001324038604142208
1683161352.6793385 0.0017183765557703679 6.396934390068276e-05 0.0013062492917623736
1683161352.7739537 0.0018836579944933873 3.152206540107949e-05 0.0014830543979549304
1683161352.8213396 0.0018266503741860562 0.00012811511754989846 0.0015173221192286146
1683161352.8898618 0.0019033606760193722 0.00010830774903297646 0.0014557523995977206
1683161352.9852824 0.0019104826768886196 0.00012292206287384255 0.0016537664007203468
1683161353.0594487 0.0019466695879228335 0.00011672317981720193 0.0016909073587054735
1683161353.1157892 0.0018939582550910328 0.00017277017235756142 0.0016968634024308038
1683161353.170893 0.0018681814250771367 0.00020669266581535561 0.0017021382009301256
1683161353.2369425 0.0018490199083100178 0.0002320171892642997 0.0017071472487231176
1683161353.344153 0.0017951573378700014 0.00027568504214287026 0.0018042355433491863
1683161353.422719 0.0018461500041549728 0.00029564142227173074 0.001827555674922987
1683161353.5209126 0.0018581740902816335 0.00035812199115753396 0.00178077207348748
1683161353.6078243 0.0018821499593188185 0.00038653850555420144 0.0017795846978030383
1683161353.7023835 0.0018320344128526789 0.000428738594055178 0.001814913460965295
1683161353.7657084 0.0018017109424605382 0.00045239418745041116 0.001820557530095357
1683161353.8449652 0.0018117505316948557 0.0004725368320941947 0.001646319147915909
1683161353.9083357 0.0017706547039357534 0.00042663007974624856 0.0016246878556149813
1683161353.9603052 0.0017830226645994818 0.0004438595473766349 0.0016115805469936184
1683161354.0214078 0.0017815643496179034 0.0004260787367820762 0.0016073300244414668
1683161354.085427 0.0018305901684995407 0.00042170897126198037 0.0016513201030492475
1683161354.1397445 0.0017839325041537901 0.0004005977511405967 0.0015992127974389092
1683161354.1921875 0.001799269152381211 0.0004275763034820579 0.0016311328266742642
1683161354.2452064 0.001745172879902751 0.00048488989472389443 0.0017650911895221721
1683161354.2869103 0.00190121511102756 0.0006289803981781028 0.0019087297328901354
1683161354.3359635 0.0017961737507023456 0.0006514699757099174 0.0018058380663188434
1683161354.4325027 0.0017725971463592172 0.0006526993215084098 0.0019044419224281128
1683161354.559155 0.0017973801291837066 0.0006783591210842155 0.0019275247027743525
1683161354.6403866 0.001784093187402358 0.000680169612169268 0.0019223241801600288
1683161354.715638 0.0018560813059128323 0.0007162900269031547 0.0018236363913373133
1683161354.781149 0.0017907747530234164 0.0006781467795372031 0.0017962579316412874
1683161354.8281667 0.001795652805736847 0.0006457218527793906 0.0018429324773270306
1683161354.88186 0.0018120023172342736 0.0006370717287063621 0.00181868535893992
1683161354.9711518 0.0018262491330986452 0.0006350451707839988 0.0018251274998586364
1683161355.0305579 0.0018597561756448777 0.0006021285057067893 0.001850675940818336
1683161355.0918531 0.0018722156100420828 0.000542736202478411 0.0018209823842396666
1683161355.140083 0.0020262433567289906 0.0005967119336128257 0.001699424987386955
1683161355.1983435 0.0019834155853313273 0.0005965964496135734 0.001990426181805338
1683161355.2532184 0.0019844448015167993 0.0006219321489334129 0.0020062330018049135
1683161355.307179 0.0019827967453409923 0.0005558045208454154 0.0017334164570619315
1683161355.4010987 0.0021046457058737367 0.0005843663215637229 0.0017118228252932521
1683161355.5047328 0.00214829738990413 0.000580786317586901 0.0016494343051469684
1683161355.5655174 0.002076690973997014 0.0005866014957428001 0.0016237696833041326
1683161355.643088 0.002062242374844092 0.0005713799595832847 0.0016382051746997028
1683161355.6947613 0.0020288930519500314 0.0007695393264293693 0.0015061968830658579
1683161355.7583528 0.0020049384187112718 0.0007716329395771049 0.001783938865231871
1683161355.8035665 0.00221244473356752 0.0008333311975002311 0.0012798878880335707
1683161355.867176 0.002083269554635836 0.0008582571148872398 0.0013259414622783794
1683161355.9069679 0.002035512673535439 0.0007914887368679069 0.001330832492210332
1683161355.9472525 0.0019481932634189958 0.000809958726167681 0.001304620282206681
1683161356.029552 0.001996693997337623 0.0008071684837341331 0.0014494419804431669
1683161356.0937557 0.001999827957056999 0.0007536211609840415 0.00145687967499053
1683161356.1522229 0.001989510390604271 0.0006730878353118919 0.0016590340255455693
1683161356.203686 0.0019885493247263353 0.0005948716402053855 0.0016864383771717506
1683161356.302049 0.0018140399845657795 0.0006428794562816642 0.0017055161520367346
1683161356.3720765 0.0019334657599304195 0.0006075823307037376 0.0016912014842480616
1683161356.4643617 0.0019518268215674706 0.0005810172855854057 0.001752276965236721
1683161356.5434694 0.0017532920053973944 0.0006173016130924247 0.0018559711944905466
1683161356.5881777 0.0017365021430704175 0.0005257563292980216 0.001911826267953387
1683161356.6279438 0.0018202652903851202 0.0005731830000877403 0.0019576740202769116
1683161356.6731098 0.0018304951928753144 0.0005434738099575065 0.0018951646770202224
1683161356.7300308 0.001919336954105677 0.000564793646335604 0.0018888682094386766
1683161356.7772782 0.0019480512362291535 0.0005651177465915702 0.0018566460364262127
1683161356.8349059 0.002008090090488912 0.0005739280581474326 0.00186645391528506
1683161356.8811145 0.0019757658502384257 0.0005644583702087425 0.0017780627571757357
1683161356.9378405 0.0019325803352874815 0.0005843812227249168 0.0017606237977931816
1683161357.0235236 0.001895518884670211 0.0007548616826534293 0.0018889892555757903
1683161357.1303356 0.0018643909010864768 0.0006900453567504905 0.0018436270045483205
1683161357.2080684 0.001836359010422367 0.0006525652110576652 0.0021792925221226778
1683161357.3204837 0.0055515402574801975 0.0005943575501441978 0.0024832520521693713
1683161357.4029589 0.025527399830555714 2.9640793800356224e-05 0.005311807821055448
1683161357.497069 0.0453238056886143 -6.618857383727805e-05 0.0062191415872225875
1683161357.5670502 0.07356173762946694 -5.72143495082833e-05 0.0060855690626751
1683161357.6227245 0.09652496857258744 -0.00040009006857871787 0.0046805367573676815
1683161357.682602 0.12109168926675276 -0.0004612965881824471 0.005076775403431322
1683161357.7871785 0.13428932009882738 -0.000520782023668287 0.004945025320714613
1683161357.8720634 0.19225072074262628 -0.0006407214701175667 0.005707206079835325
1683161357.9514246 0.2221517987855058 -0.000717138350009916 0.006066140374991091
1683161358.0404212 0.2598227523684856 -0.0017803734540939309 0.004207939334376576
1683161358.1438756 0.28778897002644843 -0.0019213682413101174 0.002988930823184077
1683161358.2188752 0.323178787474517 -0.0009517645835876443 0.0022363019007349827
1683161358.301124 0.3511086927731155 -0.00018585607409477012 0.0021352972963137873
1683161358.3948307 0.3882532758248639 0.0008613081276416801 0.0005832884350012169
1683161358.4996002 0.42371732733684925 0.0010125288367271446 -0.0017386507868251133
1683161358.5775456 0.4597064032904482 0.0006737472116947196 -0.0014165472197944506
1683161358.6302314 0.49449276658960883 -5.365297198295371e-05 -0.001985961098485589
1683161358.6911654 0.5163812115888584 -0.0006827241182327248 -0.0011514241445813589
1683161358.7948086 0.5452936186523524 -0.0015349476039409615 -0.000660062346486745
1683161358.8581476 0.5768028715464685 -0.0019519007205963113 -0.001126224844186119
1683161358.9445686 0.6168261316735277 -0.0037217786908149697 -0.00041688012620544335
1683161358.9884324 0.645539727967699 -0.004036275148391721 -0.0017026884661990316
1683161359.0490484 0.6621579850343433 -0.004845132529735563 -0.002819728653850495
1683161359.1167269 0.6883971865626355 -0.005051286369562147 -0.0023672486546262306
1683161359.199785 0.7147007015211404 -0.005124033838510511 -0.003414631344704766
1683161359.2820172 0.7441909529812537 -0.005484738796949384 -0.003969176126980889
1683161359.3419666 0.7829820115234492 -0.005456288754940031 -0.0033497808355702485
1683161359.447732 0.8164737615496653 -0.006055099368095396 -0.0031471572353154453
1683161359.5204494 0.8499093910690895 -0.00609187915921211 -0.0021975321771041667
1683161359.576086 0.884406766779632 -0.0064052431285381295 -0.003820184135706395
1683161359.6386247 0.9024996957875829 -0.006864422410726545 -0.0035013105140742073
1683161359.6969068 0.9294646028144986 -0.008318663984537122 -0.0026589752236465536
1683161359.754821 0.947755462488991 -0.00857903942465782 -0.002731957378037997
1683161359.8668163 0.966521865077124 -0.008699053376913068 -0.003166670367253044
1683161359.946329 1.0195127433992697 -0.009124030768871305 -0.005908844297242144
1683161360.0093372 1.0418784268241197 -0.0093008516728878 -0.008271313466980512
1683161360.0705302 1.072172442555909 -0.009987202882766721 -0.007641705064480586
1683161360.183854 1.0954843657157878 -0.010779784470796583 -0.007858023681526438
1683161360.2738333 1.1455846671101861 -0.015787893384695058 -0.00886113185803894
1683161360.3500676 1.1806609403498765 -0.016909179687500005 -0.009370085142262674
1683161360.4117045 1.206022050359114 -0.01871992781758309 -0.009869864197039835
1683161360.4820883 1.2338929159238372 -0.019555391222238545 -0.008812226751548247
1683161360.566052 1.2684110901474661 -0.019588620811700826 -0.010115866988798405
1683161360.6122668 1.2973153840047131 -0.019355410188436513 -0.009499942885406343
1683161360.6798732 1.3167019829610873 -0.019151491522789006 -0.009600927143037952
1683161360.7688515 1.3350252705868146 -0.0186329534649849 -0.010289727843037832
1683161360.8316183 1.3803980298886958 -0.018241920918226247 -0.010753938410129615
1683161360.8936696 1.4036797318465986 -0.01790941640734673 -0.012170725043706865
1683161360.964324 1.4260435077222964 -0.017691185176372533 -0.014185001694276611
1683161361.0782025 1.454916346130949 -0.01762318000197411 -0.014579111274585888
1683161361.1470852 1.5039011288917887 -0.017836501300334935 -0.015758832667265965
1683161361.2664616 1.5497826063784927 -0.01968575775623322 -0.015846433528163617
1683161361.3267543 1.5799296953436863 -0.020701853036880498 -0.016645617451018557
1683161361.3855157 1.6028284023288526 -0.0217837704718113 -0.017609745828623735
1683161361.4798334 1.6241862996074454 -0.023902421295642858 -0.018301736112388278
1683161361.5364413 1.6599575955000483 -0.02476567909121514 -0.019686017506826525
1683161361.5999296 1.6829170940344167 -0.026310232877731328 -0.019343828784482486
1683161361.6631472 1.7137580280558877 -0.02647339686751366 -0.020758675745065736
1683161361.7250726 1.7357067142086344 -0.02555096656084061 -0.021843511521977277
1683161361.8409934 1.7548729170367725 -0.02518354862928391 -0.021153794025798645
1683161361.9289649 1.7920869053094297 -0.024220132678747182 -0.020818495211698096
1683161361.9784877 1.840772178197114 -0.02472689881920815 -0.02025386094069015
1683161362.0350366 1.859327244459256 -0.02483446285128594 -0.019594725762324572
1683161362.1026328 1.886603473689324 -0.02505384892225266 -0.01881630410905233
1683161362.178541 1.9139064921960454 -0.02671901643276215 -0.01977058153123945
1683161362.2543533 1.941607054066621 -0.027755265533924108 -0.020585726106261193
1683161362.3384123 1.9754565522317118 -0.03050203196704388 -0.02212251473362392
1683161362.4516232 2.0131346361993403 -0.03366230562329293 -0.021873682199658573
1683161362.5370288 2.0497266628747783 -0.03468972578644753 -0.02494472584049645
1683161362.6076071 2.093676606116687 -0.03597802057862282 -0.027251416049003607
1683161362.6848674 2.120631401210929 -0.036172043010592465 -0.026606528230254778
1683161362.788754 2.1504863502234914 -0.03581427171826363 -0.025376914559440023
1683161362.8965993 2.2048945693767577 -0.03634482197463513 -0.027172548695703735
1683161362.953875 2.244876579355504 -0.036920392364263546 -0.026996652054136705
1683161363.068641 2.2701755018582457 -0.03717901505529882 -0.028445697562979877
1683161363.143747 2.3187449027564204 -0.03769539058208467 -0.028685369798540084
1683161363.2461982 2.347150409596029 -0.0390609683841467 -0.02962720714852707
1683161363.3670719 2.398074118779953 -0.04230269923806192 -0.030412340718424913
1683161363.457845 2.441014837825108 -0.045335533507168305 -0.03211222720969942
1683161363.5667195 2.487948272425504 -0.04639243096113206 -0.032427439995448726
1683161363.6437714 2.5311938249783434 -0.047682069651782524 -0.03304906568327359
1683161363.6949575 2.5553582175212464 -0.048179810345172894 -0.033736682789921035
1683161363.7516716 2.577649284775856 -0.048522430881857884 -0.03436001369787722
1683161363.834621 2.6015847675292765 -0.04927870206534864 -0.033521510204291616
1683161363.8949115 2.6355755608785536 -0.04954058624804021 -0.0336290721695649
1683161363.9680803 2.658691425525729 -0.05049612041562797 -0.03452492218918013
1683161364.0329459 2.6827151382260204 -0.05157795496284963 -0.03397550596295784
1683161364.1051824 2.709147030082856 -0.051818317212164414 -0.03444700525757027
1683161364.1657317 2.739587752452754 -0.052339336778968584 -0.035110465788284806
1683161364.2233362 2.763830956558997 -0.0523016387037933 -0.03492580625832642
1683161364.2927237 2.792177801118089 -0.052194623686373245 -0.03512470817412239
1683161364.3494992 2.8148942030375976 -0.051983314976096165 -0.036099869143963126
1683161364.4946327 2.843479567397408 -0.051925128735601914 -0.03600861055925231
1683161364.5970721 2.900379149026457 -0.05176242481917144 -0.03628952407616737
1683161364.6890411 2.9515037710407057 -0.05478940200060607 -0.03688687888301123
1683161364.767761 2.986725321681331 -0.05540234496816994 -0.036244153356587594
1683161364.8289423 3.0127773917014347 -0.05695341894403101 -0.038413436276039326
1683161364.9499285 3.0417603618870697 -0.057094523627311 -0.03853968478660441
1683161365.0175521 3.078252840713663 -0.05734334833920003 -0.03800189398316833
1683161365.085368 3.1207782986438457 -0.058057068791240465 -0.03865919636073345
1683161365.132637 3.1387107455313483 -0.058346159351058316 -0.03904624243396815
1683161365.1927893 3.1589868323407706 -0.05827876454219223 -0.03939347239998803
1683161365.30784 3.1787834693402472 -0.057498556738719356 -0.03933786901298708
1683161365.4733996 3.2337536688190363 -0.05679152457974852 -0.03790478368153827
1683161365.5925987 3.299534152330191 -0.055497541036456835 -0.03766883111323671
1683161365.7124424 3.3400810630642646 -0.05527999060228468 -0.03806730671988645
1683161365.7832248 3.385126229962962 -0.05536262918263675 -0.03873995832705912
1683161365.85152 3.407951625385097 -0.05620732478797437 -0.03913113463697182
1683161365.9723558 3.460917185706341 -0.06058188079856337 -0.04044788389194287
1683161366.0391073 3.4916063250730227 -0.0637647057324648 -0.040470371579603315
1683161366.139329 3.5308489431296644 -0.06590884825214745 -0.0408175030080129
1683161366.259984 3.5792706049745684 -0.06676462519913913 -0.04027537024354255
1683161366.3296998 3.6272494891846776 -0.06685218209400774 -0.04094098237717092
1683161366.4176645 3.678315552387062 -0.06688245845958592 -0.04056372180792933
1683161366.4808717 3.7112766061314155 -0.06682122819125653 -0.04060620049017416
1683161366.6564791 3.743297778532307 -0.06680336076766254 -0.0406619339973151
1683161366.712476 3.83603290630911 -0.06655982131138445 -0.0408776472982284
1683161366.7741644 3.865636378114431 -0.06650208815932275 -0.041282102608592774
1683161366.8441427 3.895593544622199 -0.06646898522973062 -0.040005717698359256
1683161366.906764 3.9283925150746417 -0.066625275593251 -0.038755538846045434
1683161366.9753 3.9624419152819996 -0.06719902478158475 -0.037701555486373106
1683161367.0716155 3.996657974100701 -0.06713136512786151 -0.03616167906045287
1683161367.1724575 4.028688555937723 -0.06775561807677151 -0.03587593459299687
1683161367.2351434 4.094316093713896 -0.06782667286694051 -0.03448221972089516
1683161367.2916641 4.1214881272013395 -0.0678369751572609 -0.03384937774548158
1683161367.3502502 4.14749459343549 -0.06777385756373407 -0.034072177236343926
1683161367.4093351 4.174202984045465 -0.06741777103394271 -0.03493613624705172
1683161367.4865727 4.216159924329423 -0.06615966739133002 -0.03508035890154848
1683161367.6168444 4.286361837037574 -0.06635474082082511 -0.03489994272348662
1683161367.72819 4.324793369998006 -0.06668964441865684 -0.03560634931471318
1683161367.796975 4.383435215441436 -0.0671965283714235 -0.03524541822636906
1683161367.8708873 4.424426777403234 -0.06754463905468584 -0.035399039204502936
1683161367.961041 4.456243844676714 -0.06758911902084948 -0.03403316243624066
1683161368.0471141 4.504343402806623 -0.06767702376469971 -0.03341321318664492
1683161368.1130526 4.5340357156436975 -0.0683488179370761 -0.03334139876129938
1683161368.1706212 4.562401280773822 -0.06943036936223508 -0.03364248957419047
1683161368.276185 4.5944234010906255 -0.07012744382023813 -0.03387458744476768
1683161368.3662145 4.625842233391747 -0.07034343708306552 -0.03462564775782773
1683161368.4464855 4.654636374321625 -0.07036875043064357 -0.034341561915287144
1683161368.5762928 4.691336047079235 -0.07064530946314336 -0.033488680634028434
1683161368.6723418 4.738297578916408 -0.07069061271846296 -0.03334928332656206
1683161368.795249 4.774358235635012 -0.07100384071469308 -0.0329215462554211
1683161368.8919046 4.808834340054389 -0.071046314612031 -0.03308634425147061
1683161368.9500751 4.840171712058828 -0.0715197589620948 -0.03271521458101945
1683161369.0327249 4.863175375226242 -0.07212009694427253 -0.03392581775680581
1683161369.1751406 4.893166914124423 -0.07232626475393773 -0.03364161066105287
1683161369.27709 4.9411340883171455 -0.07255472842603923 -0.03372498144066616
1683161369.3396914 4.984768295423372 -0.07273883413523437 -0.0341848829104745
1683161369.4010603 4.994774374823796 -0.07407604292035104 -0.03428071516892861
1683161369.48958 4.832674539324239 -0.08335430867969991 -0.07733656575243675
1683161369.5630805 4.854481664853262 -0.08394022047519686 -0.07819239443775983
1683161369.6487124 4.871471351693232 -0.08562931925058367 -0.07765265282898581
1683161369.7345364 4.889927079455234 -0.08536641247570517 -0.07698571736402471
1683161369.8075693 4.914405908774478 -0.08455039694905284 -0.07619068408631757
1683161369.8902247 4.933500951674289 -0.08452259138226512 -0.07627808971136307
1683161370.0015695 4.942269084680968 -0.08441550418734553 -0.07646057812274165
1683161370.0704618 4.964674161865752 -0.08422437630593779 -0.07745406355866802
1683161370.1528556 4.980596567072302 -0.08397879213094714 -0.07693860708275224
1683161370.2338219 4.991695900532543 -0.08324297837913038 -0.07713800035373786
1683161370.307342 5.004907681643359 -0.08311352454125882 -0.07871686041017623
1683161370.374843 5.018701424367114 -0.08313740924000741 -0.07828202505638471
1683161370.4351907 5.0315822575285765 -0.08291112020611764 -0.07839943054624343
1683161370.4948509 5.040364244427766 -0.08281842939555646 -0.07846759643454582
1683161370.560046 5.053235297376771 -0.08168438397347928 -0.08017367496568006
1683161370.6398408 5.062247962580797 -0.08153808251023294 -0.08006212125225676
1683161370.7498484 5.082270312698781 -0.08177525311708451 -0.07924577104658104
1683161370.8657885 5.09567825633024 -0.08247062139213086 -0.07892477363603856
1683161370.9293797 5.11398479944938 -0.08285711653530599 -0.07964628096765036
1683161370.986999 5.124683009093998 -0.0832903826981783 -0.07949108096455748
1683161371.0461264 5.128890453053884 -0.08363158389925959 -0.07945885481498283
1683161371.1438322 5.140784453997195 -0.08408063784241679 -0.07917601976912736
1683161371.2019603 5.155177457147258 -0.08565382421016696 -0.07900040194004099
1683161371.268834 5.163787252455845 -0.08584258839488032 -0.07934848636142289
1683161371.3600807 5.173143854397692 -0.0868417373299599 -0.07982260103005512
1683161371.444425 5.190476222035219 -0.08708897553384307 -0.08015827362675831
1683161371.5133283 5.201916365083677 -0.08787745557725432 -0.08032748277349944
1683161371.5636086 5.213276533763327 -0.0886794509738684 -0.08046321541892798
1683161371.648457 5.220352859695584 -0.0891041508316994 -0.08040200963260768
1683161371.711152 5.228052455123611 -0.08931464463472369 -0.08018297505355032
1683161371.8742657 5.252743226897848 -0.08940432541072371 -0.08102818262573841
1683161371.9384718 5.270637548471581 -0.08971516922116282 -0.08165036297888784
1683161371.9961238 5.2792467114366435 -0.08981637045741084 -0.08153739732620169
1683161372.0532277 5.287449493666246 -0.09007211536169055 -0.08177574865975723
1683161372.141675 5.295403099646271 -0.09014396317303183 -0.0815761103835424
1683161372.213217 5.311464219750431 -0.09111377358436587 -0.0818577109404337
1683161372.2926695 5.321121703673917 -0.0917845903337002 -0.08199987225856864
1683161372.3500516 5.337443156143472 -0.09191439807415011 -0.08215051918408767
1683161372.4078708 5.34529784336557 -0.09238577395677569 -0.0823020898539355
1683161372.510963 5.355872977423075 -0.09210438415408137 -0.08265459299786682
1683161372.6044302 5.376236510908927 -0.09254349157214167 -0.0840671374703279
1683161372.6796353 5.3900954891516175 -0.09243425861001017 -0.08397231254073456
1683161372.7723374 5.400330706125307 -0.09283435106277468 -0.08420110209598408
1683161372.843213 5.419466311762033 -0.09266498818993571 -0.0859768323539134
1683161372.9457045 5.432193890969501 -0.09267936408519747 -0.08597025455588025
1683161373.0249217 5.4486320626646245 -0.0930433361232281 -0.0869363661914111
1683161373.111101 5.465255459628766 -0.09381484746932986 -0.08768266052070728
1683161373.1968787 5.472498469596331 -0.09436522930860522 -0.08760356490397792
1683161373.2576387 5.4913322427423585 -0.09529671579599383 -0.08789859919801168
1683161373.3228402 5.505346485960821 -0.09547793626785281 -0.08861671329095633
1683161373.381134 5.518631814361764 -0.09673139214515689 -0.08928011366583277
1683161373.506785 5.531323537650425 -0.09809044137597087 -0.08953970914047082
1683161373.6007981 5.551258093761239 -0.09825911134481433 -0.09047038576239941
1683161373.6723883 5.56314924440989 -0.09994328901171687 -0.09064579110636273
1683161373.7289376 5.581920623997024 -0.10023036360740664 -0.09108693911161136
1683161373.8174655 5.59294721568243 -0.10047305881977084 -0.09167406801842959
1683161373.906136 5.604152836742547 -0.10089420661330226 -0.09321510265840494
1683161373.9656708 5.619518450014212 -0.1028573861718178 -0.093432201329539
1683161374.0270596 5.632390860580469 -0.10308541491627696 -0.09400144198308924
1683161374.104912 5.64554303407708 -0.10461096972227099 -0.09472306851008261
1683161374.1564574 5.653444877521118 -0.1042355312407017 -0.09464346924083467
1683161374.2199717 5.665779753923081 -0.10414756596088412 -0.09436471153582993
1683161374.295588 5.675628203432396 -0.10389073327183726 -0.09446855122178266
1683161374.3998067 5.68838502996963 -0.10381908476352694 -0.0946075594558613
1683161374.5156367 5.700554794051543 -0.10413256794214251 -0.09434947753290612
1683161374.691277 5.724103035694488 -0.10315527528524401 -0.09530855453159148
1683161374.8583589 5.760266833002102 -0.10209120199084284 -0.09541539506965235
1683161374.9305992 5.7833532183455745 -0.10204221069812777 -0.09473945646831816
1683161375.009481 5.798472059213972 -0.10190585762262347 -0.094490276641362
1683161375.1945112 5.831129044843165 -0.10153989627957347 -0.09426198854967938
1683161375.2596917 5.851668604068766 -0.10149919748306277 -0.09397334083810893
1683161375.3287485 5.866745666393677 -0.10057047888636592 -0.09472110441611248
1683161375.404312 5.879897526894163 -0.10110122844576838 -0.09493081818586191
1683161375.4998696 5.8926670197052715 -0.1010624369978905 -0.0957427323482185
1683161375.585849 5.914276088859216 -0.10106740653514865 -0.09690543595277945
1683161375.6555274 5.936270976570447 -0.10109204933047297 -0.09827907500027866
1683161375.7341967 5.952835916207039 -0.10105507209897044 -0.0980575523070637
1683161375.8732333 5.9733290587939125 -0.10138150438666346 -0.09789082453684639
1683161375.940609 6.006494328076535 -0.10143945127725604 -0.09785922715043016
1683161376.0161767 6.027423427627278 -0.10034000262618067 -0.10009795692118262
1683161376.0862653 6.0482570699913145 -0.10028578847646716 -0.10046729704802604
1683161376.152526 6.067085817383006 -0.10036471620202067 -0.10087179582712791
1683161376.206311 6.081212060708614 -0.10026274755597117 -0.10230153020872845
1683161376.2668958 6.100479064040479 -0.10019669443368914 -0.10370723860134845
1683161376.35206 6.117420236634059 -0.09970840573310855 -0.10309484825918003
1683161376.4233737 6.138360534388853 -0.0991533859074116 -0.10262835502744938
1683161376.498521 6.156501177935915 -0.09787290304899218 -0.10276328170966598
1683161376.5619183 6.175590140127402 -0.09793702647089961 -0.10378819422450491
1683161376.654572 6.197903257072156 -0.0988167314231396 -0.1042606268653381
1683161376.7296746 6.2371170978767 -0.09887942060828211 -0.10345547951567857
1683161376.8389282 6.259016809228822 -0.0988235114514828 -0.10412930838182222
1683161376.9487293 6.306717882538495 -0.09883329406380656 -0.10419973644378455
1683161377.0409575 6.347953674037357 -0.09968438133597377 -0.10479744313800454
1683161377.1000066 6.39421612662495 -0.09983025252819064 -0.10286207022713634
1683161377.158325 6.416447137048068 -0.0999264916777611 -0.10470860798275994
1683161377.216498 6.445427309169454 -0.10020056501030924 -0.10511763733832957
1683161377.2820044 6.474914308416979 -0.09928690776228907 -0.10577057687661306
1683161377.3573892 6.497825674522272 -0.09896933421492579 -0.10680640299488453
1683161377.47282 6.538160670207669 -0.09888100385665896 -0.10550794111332329
1683161377.5429223 6.580524303031419 -0.09881418332457545 -0.10578411356889172
1683161377.6296892 6.6059787166937305 -0.09974268585443499 -0.10504052148748766
1683161377.69493 6.635570717807982 -0.10034386947751048 -0.10689492054860805
1683161377.7809749 6.667439442361103 -0.10076212272047999 -0.10559771576037735
1683161377.9269128 6.689972775789884 -0.10092092439532283 -0.1052615751855297
1683161378.0335398 6.756733040040299 -0.10065209254622462 -0.10392062845018302
1683161378.1054766 6.803945414775723 -0.09900767490267756 -0.10464369538045704
1683161378.1691082 6.825844631610432 -0.0988777777552605 -0.10459208829424016
1683161378.2368226 6.864399936048996 -0.09878560289740565 -0.10463296503531949
1683161378.3252883 6.8870659541058075 -0.09920282796025279 -0.10524051672599044
1683161378.4187381 6.916331842365668 -0.0993713600933552 -0.10494774364820358
1683161378.5550444 6.969252259862393 -0.09978231549263003 -0.10609702420203293
1683161378.645612 7.03367712410281 -0.10029968008399012 -0.10839521292545484
1683161378.7296937 7.068356151372188 -0.10121855646371844 -0.1077493191474006
1683161378.8936589 7.102287387380149 -0.10281787574291232 -0.11092665764614718
1683161379.0054364 7.194189629231274 -0.10463078826665881 -0.11391389724121526
1683161379.1110723 7.257655117995909 -0.10482455179095271 -0.11369866227504666
1683161379.2051015 7.292319444935218 -0.10533980414271357 -0.11213886027414821
1683161379.3025353 7.363149218751402 -0.10865094274282458 -0.11112911357164057
1683161379.3888385 7.418817668524853 -0.11176113918423655 -0.11131324635801532
1683161379.457182 7.465383041942288 -0.11256370082497599 -0.11297927600451496
1683161379.5107005 7.496798197372456 -0.11420688167214396 -0.11335155721496104
1683161379.5729108 7.279411533045873 -0.08744461968541148 -0.09703568461296475
1683161379.6848536 7.317923935655401 -0.08955907583236697 -0.09697295664236627
1683161379.778406 7.380162523320078 -0.08964038215577605 -0.09575802122459676
1683161379.8731189 7.436397567886961 -0.09025835007429125 -0.09445142083000979
1683161379.9375558 7.482381328409646 -0.09271286934614184 -0.09492289248291663
1683161380.0041747 7.517432362048674 -0.09527033701539042 -0.09445997930369643
1683161380.0799675 7.555465260033637 -0.0981741672754288 -0.09382158967802234
1683161380.1538496 7.589763271682094 -0.10073502495884898 -0.09436781748344303
1683161380.371934 7.638106528699417 -0.10274047166109088 -0.09531669524053554
1683161380.497797 7.753940688632551 -0.1034396676719189 -0.09577704563957812
1683161380.5651233 7.791031727629484 -0.10531104862689974 -0.09626681778760693
1683161380.6755247 7.824626935499515 -0.10630013555288317 -0.09549600314059825
1683161380.7938998 7.860188580385259 -0.10660559818148616 -0.096516587068326
1683161380.8730037 7.954983717213124 -0.10638744518160823 -0.09371507728060369
1683161380.9503105 8.004820803173109 -0.1066461814939976 -0.09451961530522124
1683161381.0246763 8.027046640865771 -0.10722534120082858 -0.09465994405994538
1683161381.1204784 8.082003005516794 -0.10972587525844577 -0.09322707361308691
1683161381.2397962 8.140920962043342 -0.11023845657706263 -0.09266887150673853
1683161381.3409593 8.209923761273908 -0.11404461547732356 -0.09131894955480124
1683161381.420987 8.246072271591414 -0.11429401621222499 -0.09086270573126298
1683161381.496198 8.273273967479 -0.1103075569868088 -0.09004981914768617
1683161381.5595794 8.319183767204416 -0.11560467019677165 -0.08807969522608317
1683161381.6845288 8.350025941279528 -0.11772203952074053 -0.08939529325487827
1683161381.8040724 8.413417021221402 -0.1193463256955147 -0.08884754906124259
1683161381.9300919 8.487645969435238 -0.11956860259175303 -0.0868711035258547
1683161382.00381 8.56458535150455 -0.11966107547283175 -0.08538207439304424
1683161382.06664 8.61427793180541 -0.11970082804560664 -0.08514026663182594
1683161382.173709 8.674563126893705 -0.12005801633000376 -0.08746072522254744
1683161382.275905 8.726781949704801 -0.12051959469914439 -0.0901697996968891
1683161382.3367667 8.834143923027774 -0.1224172389507294 -0.0909616099837609
1683161382.4001727 8.890534916164114 -0.12417424976825717 -0.09259010776081733
1683161382.4589674 8.934017899399889 -0.12587137281894686 -0.09307154167086562
1683161382.5178273 8.990107082293362 -0.12886713951826098 -0.09389717904540396
1683161382.6496806 9.045783350523314 -0.1303786984086037 -0.0937032704263625
1683161382.723078 9.159042301303426 -0.13327821850776675 -0.09300103019107153
1683161382.7926397 9.203918969355197 -0.13432139664888385 -0.09213833149150097
1683161382.859028 9.271832413035986 -0.1361612877249718 -0.09138290040969488
1683161382.9549234 9.32767082016104 -0.1386932706832886 -0.0918149102044945
1683161383.0653212 9.408411319084554 -0.13901481539011004 -0.09179092976587722
1683161383.1815665 9.50672136886126 -0.14150367438793185 -0.09016382994825323
1683161383.263373 9.575835255640138 -0.1428467831015587 -0.09027054975747606
1683161383.3495607 9.646131885943836 -0.1434501534700394 -0.09092388690632114
1683161383.4298315 9.72401311907475 -0.1459392583370209 -0.09083482786445751
1683161383.5495546 9.793252027909443 -0.1500341644883156 -0.08992892053009638
1683161383.5971935 9.859893015187037 -0.15389985352754598 -0.08975356970276449
1683161383.658584 9.885121344164949 -0.15452792257070547 -0.09171437614014266
1683161383.7258742 9.919391676819663 -0.15465000033378606 -0.09167886331026454
1683161383.7961884 9.960596723353982 -0.15444687515497213 -0.09254946998598057
1683161383.906977 9.978162886706503 -0.15429179131984716 -0.09215711326876308
1683161384.0522025 10.040163140661782 -0.15382734447717672 -0.09177033728203177
1683161384.1404762 10.08939103086047 -0.15372046589851382 -0.09153513290270388
1683161384.2081268 10.10702252904916 -0.153822792172432 -0.0940130615598953
1683161384.2761805 10.12276905368502 -0.15406514465808874 -0.09418084140689253
1683161384.5015032 10.139783128732711 -0.1543517908453942 -0.09496804059570096
1683161384.5672045 10.152815460825423 -0.1544707095623017 -0.09516481745581307
1683161384.6368663 10.153869006934405 -0.15464934468269353 -0.09566747110695295
1683161384.6977 10.153962638189052 -0.15483075141906744 -0.09614559059572203
1683161384.7709687 10.153464538714902 -0.1549284657835961 -0.09662944960974995
1683161384.8420322 10.150531629507958 -0.15523183852434164 -0.09717260683114892
1683161384.9262106 10.148890875379317 -0.15533739835023885 -0.09756749180613622
1683161385.0298762 10.14710873818006 -0.15526862949132925 -0.0984954048702611
1683161385.1134067 10.145191511515785 -0.15522018581628805 -0.09884181988893626
1683161385.1816096 10.144896489803122 -0.15520128369331365 -0.09909052585426625
1683161385.2474732 10.144703423632627 -0.15521432965993887 -0.0992204408602324
1683161385.3368125 10.144348789147275 -0.15543813019990926 -0.09934644549581129
1683161385.4095337 10.144273771818877 -0.15547597914934164 -0.09941202717157038
1683161385.6307805 10.143907719260694 -0.15555687010288244 -0.0994625121709749
1683161385.6878598 10.143878619888788 -0.15559848159551626 -0.09951069718899364
1683161385.838154 10.143501474166886 -0.15567868709564214 -0.09956848106205651
1683161385.916645 10.143553673225556 -0.15577389806509023 -0.09963843887356205
1683161385.9780283 10.1436470359708 -0.1558062186837197 -0.09967231962375411
1683161386.0377529 10.143209895570006 -0.1558314090967179 -0.09965701471699728
1683161386.0965908 10.143105660900877 -0.1558597287535668 -0.09965393538518286
1683161386.177286 10.143140566524652 -0.15594289213418966 -0.0997981043612588
1683161386.3224304 10.143048468460496 -0.1559418118000031 -0.09982765902314439
1683161386.4050212 10.143054865544181 -0.15608144313097005 -0.09984100544542196
1683161386.4633274 10.143347675258722 -0.1560687100887299 -0.09979615505757256
1683161386.540925 10.143218979902368 -0.15607321023941045 -0.09980038706161842
1683161386.6289084 10.1432021444375 -0.15610617160797124 -0.09986466855669329
1683161386.7295015 10.1432860532584 -0.15609623998403555 -0.09995768707880037
1683161386.8094 10.143279513778566 -0.15610245376825338 -0.09988425079940089
1683161386.877909 10.143241617845584 -0.15604433923959737 -0.09990930271719667
1683161386.936939 10.143542115341283 -0.15613426029682165 -0.0999226726218061
1683161386.9942064 10.14350760771145 -0.15607385843992239 -0.09990094550584461
1683161387.0821862 10.143556139236384 -0.15608577936887746 -0.10003118382987242
1683161387.1469479 10.143557918884593 -0.1560985124111176 -0.0999522585126904
1683161387.235675 10.143298685170347 -0.15604154527187353 -0.1000193003914327
1683161387.295313 10.143320910224668 -0.1560403829813004 -0.10000547653612424
1683161387.3571746 10.14330313260423 -0.15604947268962865 -0.10003184918909325
1683161387.4277582 10.14336367422461 -0.15605042636394506 -0.09994413475806585
1683161387.4978583 10.143369320007256 -0.15603717923164373 -0.09999971199111846
1683161387.6188009 10.143245197202393 -0.15600373357534414 -0.10001899305931317
1683161387.7371745 10.143220236044744 -0.15604480862617498 -0.10001630332921918
1683161387.822292 10.143200168970441 -0.15605377167463308 -0.09995876219696598
1683161387.8940115 10.143545291739827 -0.15605193138122564 -0.10000522907977971
1683161387.9921203 10.143202698133486 -0.15608902037143713 -0.10000930329812818
1683161388.069196 10.143030423129158 -0.1560144922137261 -0.10000133340819595
1683161388.1479168 10.142985539676946 -0.15602910280227666 -0.10005848434283138
1683161388.2388093 10.143140268627576 -0.15607081860303884 -0.10007837292449584
1683161388.3168983 10.143133650503184 -0.15601165354251867 -0.10011785368049231
1683161388.3964965 10.143149228437734 -0.15597344696521764 -0.10016201259292212
1683161388.481226 10.143161947534937 -0.15595137089490896 -0.10024444959332168
1683161388.5585756 10.143145463391834 -0.15594638645648962 -0.100239425923633
1683161388.6574273 10.143218771576127 -0.15593395143747335 -0.1004449928311697
1683161388.6958954 10.143049829267786 -0.15583690017461782 -0.10048453987082517
1683161388.7573304 10.14320373303801 -0.15582061320543295 -0.10048793859969596
1683161388.838391 10.143065534504403 -0.15581544995307928 -0.10051216126661111
1683161388.8981493 10.14305093268512 -0.15582545608282095 -0.10039210120857378
1683161388.946364 10.14302290892796 -0.15584271162748342 -0.10053810633535676
1683161389.0193903 10.143156415750452 -0.15606450051069265 -0.10049645339811275
1683161389.0675178 10.143070640295216 -0.15591561555862432 -0.10053786622841399
1683161389.1432624 10.143094191199495 -0.15591513872146612 -0.1006268630148468
1683161389.193551 10.143129217968227 -0.15593875706195837 -0.1006780456909766
1683161389.2512805 10.143135466697782 -0.15587223082780843 -0.10063118319582331
1683161389.3268752 10.143138614098962 -0.15589543938636785 -0.10044602008685266
1683161389.447299 10.14315253313399 -0.15590068459510809 -0.10060968014921823
1683161389.5143027 10.143044817018472 -0.15573464095592504 -0.10063243710308489
1683161389.5698316 10.142993920573236 -0.1557035049796105 -0.1006075912823785
1683161389.629736 10.143035838938099 -0.15576657414436346 -0.10068200238643144
1683161389.6935794 10.14302135528677 -0.15580145031213766 -0.10075511807697968
1683161389.7507238 10.143002161851252 -0.15581957757472997 -0.10073411659327891
1683161389.8053997 10.14296410683898 -0.15580800682306295 -0.10058425665361326
1683161389.899553 10.142946829093567 -0.15583196043968206 -0.10067786278224289
1683161389.9894586 10.143041218200647 -0.15588521718978887 -0.10077041653215368
1683161390.0458496 10.142973581815387 -0.15588768333196645 -0.10060186531577298
1683161390.1178732 10.142954936514146 -0.15585842490196233 -0.1005918173804985
1683161390.193142 10.142857944762913 -0.15588825702667242 -0.10054266131184364
1683161390.2487671 10.143052471039061 -0.1558890020847321 -0.10088079710625042
1683161390.330231 10.143028437737428 -0.15590908885002142 -0.10085848615778348
1683161390.3766859 10.143045228716566 -0.15597918391227727 -0.1008696414333845
1683161390.4427176 10.142917847690484 -0.15592201560735708 -0.1008428938258541
1683161390.5075476 10.142757407618543 -0.155958560705185 -0.10084244807073128
1683161390.5464764 10.142740040105155 -0.1560035920143128 -0.10078160884873988
1683161390.5910115 10.142766151153188 -0.15599816054105764 -0.10080727721846716
1683161390.6386044 10.142601081926951 -0.15597894549369817 -0.1005044297475739
