6.093475614999564 -0.07580687478184697 0.288612317858735 8.10997808136608 0.6530778072774409 0.6396641717980468 7.638353311511332 6.317860331386326 0.4996940879102667 8.525434686024171 7.626030649989842 1.119206855663018
5.9101951929800105 -0.07978500053286552 0.2393786711456758 8.703585451241914 0.7144385166466236 0.6457718679983402 4.091490466988633 -4.561923246830702 3.2226091064322677 5.293113032146295 -3.770978193730116 3.616363415853083
6.135851211793788 -0.08734980225563047 0.29648806932111316 8.508255340838739 0.6473508924245833 0.6103680681233303 3.5469190439214793 3.1335055679082866 -0.5407764206489563 7.898414676970291 6.995574936270713 0.5077408653909843 4.1971263593687835 -5.806033626198768 3.2650251680233247 6.281586261018078 -3.752085462212562 3.923243326856979
6.090774452168037 -0.07126380503177643 0.21318001705448464 9.225108546573892 0.7609790116548538 0.6485426965430108 7.169523114533414 6.000796929001808 0.5041563236944062 8.521512188352883 7.62884296476841 1.117622454330223
5.879709656187098 -0.0787521377205849 0.20126800872897443 8.638638869454741 0.7468015775084497 0.6816564265087991 7.395006198064885 6.263602100312712 0.4172867004405769 8.634776478183726 7.773625217378141 1.1168052156866823
6.1051626071157825 -0.08089033886790276 0.3592986156588813 7.911715034535833 0.6486269868910313 0.6382812873840353 7.551910147196024 6.213174585253 0.5072844246501891 8.697529800783004 7.8015821017324924 1.119369107405778
6.00795032944016 -0.08415535042655845 0.32405046416589056 8.521308339498441 0.6702985350944303 0.6129594432446456 4.083625914352419 -5.155557584403107 3.198001623765256 5.929071274261333 -3.749644610859898 3.868618810442166
5.998459660890677 -0.08391513675451279 0.31884799627271665 7.863709493363805 0.6229999288916588 0.634276523892888 7.300052808546545 6.0740872249007225 0.49535651570560635 8.432510720494461 7.457814298570156 1.14761171996345 3.7957834103081347 -4.9066843166947365 3.0845534519525644 5.892781694626847 -3.504133142530918 3.8509496761752686
6.185241512240093 -0.07798036560416219 0.17059990814528425 8.565880407786679 0.6882968880236148 0.6406689718806556
6.081709110158907 -0.07831108570098874 0.29322063986139035 8.46690499402064 0.6797859072685241 0.6335930638191588 3.6606794113000523 3.2771359682083125 -0.4848206193006872 8.050668628439839 7.231096148490905 0.4586389778990998
6.0534626155396705 -0.07732086628675461 0.2450621283691541 8.125682131858 0.6660312041640282 0.6668480934975554 3.7710188980913695 3.293719433248043 -0.23486386913785728 6.8016102339007665 6.114363096654415 0.45237248907199623
6.13610258336688 -0.07874447115456168 0.2141024652453225 8.483464188371263 0.7413074212223579 0.6219935412877345 3.74209261677901 3.245508989777078 0.09596714218396074 5.775798601134424 5.2401609090067165 0.47049450454609154
6.1269350075278215 -0.08347366750240326 0.16082013698367947 9.046548412659424 0.7224884629249573 0.6418687379786254 4.119096489884734 -5.700721740722656 3.2110987037998058 6.189283339549521 -3.788404703140259 3.8805677500653424 7.287148629378929 6.151940822601318 0.5209782946725066 8.556315783452145 7.626677513122559 1.1259153116380824
6.252808322647283 -0.08444676920771599 0.18532500622894288 8.664858797795448 0.6954427845776081 0.5849115171603289
6.0540020951158 -0.07311866141808848 0.28348550368910463 8.850416640319358 0.7506912953848404 0.6534078840831136 4.3162067604259065 -4.9578138878841 3.2988748143029456 5.675361331640676 -3.8005045658691157 3.7775186690487894 7.257522310417551 6.124379746007797 0.5209475647935071 8.582810150884255 7.659639701788687 1.1078607202528652
6.22609749733315 -0.07970009744167328 0.20065209853959276 8.452907986585432 0.7004521191120148 0.6305322549762378 7.39924057309265 6.2452066242694855 0.4931298450517354 8.479277254962799 7.524334698915482 1.1141096589235517
6.081938106434154 -0.07679634541273117 0.1816778902727454 8.8896224079133 0.7293667420744896 0.6311127284880225 7.562439914111436 6.288812600076199 0.47019629341185754 8.867476997591195 7.98541971296072 1.1277148778937556
6.171724306810013 -0.08311901241540909 0.2516470751040636 8.189367286139614 0.6571293696761131 0.6274630794437012
5.896833340864699 -0.0739813931286335 0.2666532281373357 8.531772625675764 0.6793410442769527 0.6559688748236526 4.200488458854241 -6.32656142488122 3.265713381528327 6.840923495281104 -3.866786453872919 4.109739805793873
6.077444632360321 -0.07846492528915405 0.20165828869119706 9.596764274923055 0.711357370018959 0.6419474514517882 3.9054359925568036 -5.807622477412224 3.1271512052888637 6.334722470487935 -3.617726370692253 3.962090170227757
6.146336968435997 -0.07637864352013193 0.2879645774072521 8.64817872351281 0.69048167093358 0.6168223189616444 7.081606115577968 6.268953804026402 0.4713010515392202 8.584290170294029 7.402026210344338 1.1451556061526957 3.935596960300602 -5.387414817758555 3.138009181663448 6.510913719850771 -3.6462958574653452 4.060774504769297
6.334531887653845 -0.0785840265452862 0.21398078654730268 8.67445552905919 0.6811114586889745 0.6220018709509654 7.297585416140172 6.1415613926947135 0.4903982877253934 8.492149012037162 7.5330480374395865 1.1312323137304676 4.083293931242609 -5.853170987218619 3.2047799653649616 6.3355045200780635 -3.6945944987237462 3.916482456623886
6.085439985448955 -0.07569046318531036 0.24547783868175865 8.638227504765512 0.6649162173271179 0.6575510858569517
6.179461991109305 -0.07653375342488286 0.3031570729777935 8.260965909019372 0.6640492640435695 0.6223407939649451 7.525653896182622 6.327801760286091 0.46969070108893507 8.579127111133372 7.695038851350544 1.1293085881612417
5.992508579928632 -0.07410023345358602 0.2999674309402367 8.517986153378153 0.682186465831097 0.6400151382092545
6.451869589614298 -0.08138379082083702 0.2235793098241765 9.246088359065586 0.7441987879574299 0.6055836592820666 7.435987537076522 6.155010093003511 0.40065765243815243 8.82978429660495 7.944427836686373 1.1152041885075488
6.066688906850253 -0.0733537599444389 0.28446391004115945 8.623712345335734 0.6827892288565635 0.6719291421075803
5.900063707839912 -0.0695451982319355 0.31444972003424043 8.112977809406809 0.6551428847014904 0.643593138106457 3.7127213487513235 3.224698346108198 -1.1435465263523765 9.917550088075455 8.764370959252119 0.47765938519313944
6.067710273471868 -0.1143182888627052 0.27870530519437775 8.492355933695288 0.690506063401699 0.6368205127231278 7.635243825592367 6.499410055577754 0.485094556925048 8.521360894103397 7.4283403381705275 1.1266986916897586
6.1440921361263685 -0.08467385917901993 0.2978284990814819 8.09469782936194 0.6893755570054054 0.6051632188051841
5.9098125438552955 -0.08089830726385117 0.29027568839141527 8.21071279267735 0.6564432010054588 0.6509126878192731 7.353387812033149 6.255960963666439 0.5189187148823606 8.402933608693926 7.5187487825751305 1.1126153904591087
6.195462389614657 -0.08158378675580027 0.3186095331894032 8.197305406840186 0.6658731512725354 0.6581015898647199
6.045253646765369 -0.08176352828741071 0.29420274991460516 8.537187121690181 0.7219029441475867 0.6343854071999124
5.93859257439544 -0.08351971565360408 0.2722046883905449 8.58484216399949 0.6766501650741376 0.6636452620380466 4.167539661709088 -5.10246564755898 3.230720223364444 6.122721039748322 -3.781562283841042 3.929694396405869
5.867298961747284 -0.10280893743038177 0.20034339436933268 8.46376313516911 0.6799826920032501 0.6640068484190245
6.1120091383675454 -0.07850032299757004 0.2579790949760661 8.449780324077482 0.702642522752285 0.6057087826504644
6.248308155754858 -0.08646550716340898 0.2843663622555048 8.264173822390868 0.6657907416204735 0.5877408092545487 4.050996857544109 -5.07170553900493 3.2068883093392135 6.1503448945035055 -3.752218805900806 3.9172226115125888
5.771172228879338 -0.08491128330446168 0.1844221591013009 9.469965606061889 0.7176001691281478 0.6776644836363883 4.0788811349374825 -5.218608796242991 3.219052247736915 5.715253455772272 -3.756140425130159 3.7929752527935587
6.055023944126704 -0.07700948464292448 0.22730121008980486 9.131989242437673 0.7266308492952418 0.6105150894418504 7.318475384811981 6.187932927314489 0.4563862070253446 8.670326676405693 7.739883101912336 1.115622476802448
5.784754061738211 -0.07916823402047157 0.33209049584671013 8.56580966359733 0.6552242897450924 0.694448327546538
5.921429305835181 -0.10123535245656967 0.06227262581843607 10.369908262116821 0.8011859729886055 0.6415687040254985
6.203472296049149 -0.10455536469817162 0.2586263796204735 8.49045402356057 0.657088328152895 0.6343345370287417 7.473797223450436 6.304701257497072 0.5290639888581476 8.51630624555104 7.312952447682619 1.1374068643493653
6.075306636682974 -0.11115014180541039 0.2861641616317827 8.416352218433582 0.7170563377439976 0.6465699364723534 3.8848018039599452 -4.909145828336477 3.1190583288404263 5.869591185067689 -3.6022734604775906 3.844095086730196
6.11812071841466 -0.08674291148781774 0.318082577858567 8.446084337855122 0.6444754563271998 0.639046536157239
6.064304850783735 -0.11035062000155446 0.20359454918511144 9.38671034876564 0.7315528281033038 0.6310514368258867 7.409030572840172 6.1797819025814515 0.42693358876280363 8.446476367491801 7.461401451379059 1.1434774744658678 3.6081488290070047 3.177355516701936 -0.23897238538239107 6.469921346457766 5.6901745684444895 0.49656989634026005
6.141622648131598 -0.07616652548313141 0.31181154786923937 8.22186199716078 0.6515790671110153 0.6539191635803042
6.141880014099541 -0.07583998888731003 0.2422716912262297 8.541670692381743 0.6881206706166267 0.6246815776885006
6.2364930299964785 -0.08025157079100612 0.29189572510793504 8.173626905275471 0.6992093361914159 0.6106412625001202 7.524550381394152 6.213642600923778 0.45710749952547136 8.62339765471189 7.5764756239950675 1.1226775403629647 3.7368519864278156 3.2821335829794416 -0.3715666799667625 7.136918875030114 6.316577915102245 0.46014676738737226
6.050252374186649 -0.08479122039969236 0.2198561648093742 8.524093807600034 0.733770042413454 0.6540499707195443
6.168332885044296 -0.08663579076528549 0.2830793410971626 8.059585982952823 0.657846100628376 0.5951881609544215
6.099458190861088 -0.12184260040521619 0.23401360639176239 8.384134385065808 0.7206673845648764 0.6047641892654532 7.593952850807557 6.30883916467428 0.4429022470327546 8.52619190903057 7.610811553895472 1.127352903016537 3.7946267166488354 -4.709951557219028 3.0838226463991374 5.635938571660258 -3.519107736647128 3.739011666931741
6.103696238925336 -0.07935746936102434 0.2565429279632083 8.698457333843903 0.6724961635587997 0.6405734998970062
6.292251680878694 -0.11224153175782947 0.1553896887416153 9.779049307796054 0.7372827026660529 0.5810064908989829 4.2066506840092455 -5.2334128742452695 3.245057009762941 5.661905004517078 -3.7305294324130265 3.6678793744238662
6.00687219282817 -0.10369380563497546 0.1550285071739821 8.661180616690254 0.7005168572068216 0.6319863911552623
6.174131745414128 -0.12353529781103134 0.2583824444594327 8.797801882193383 0.7040286287665367 0.6430229686281048
6.053408485767338 -0.08534510297268014 0.29855791911665186 8.569136449001084 0.6717391363457643 0.6427671621061644 3.973177966179363 -5.096524992295515 3.169813907405471 5.504206264576364 -3.6811247947034316 3.6589100783919326
6.2076212325272895 -0.07576360926032069 0.05457047711964691 10.220179107999813 0.8651449717581274 0.6183257851663125
5.656268847589107 -0.08433080837130547 0.3132165475949684 7.950106054725069 0.6530353613197803 0.6896312424215073 3.967408935953234 -5.246321063488722 3.15109080787433 6.201326179642329 -3.677532058209181 3.9796973059893324
5.985522622401416 -0.07245178520679474 0.2910569711259907 8.316017485262075 0.6543364822864532 0.6382981183000301 7.505197219826546 6.220401853322983 0.5176003836335756 8.611654729165055 7.599273294210434 1.136272116375786 4.276916090875035 -5.008905321359634 3.2718515337024288 6.030479745009221 -3.900708347558975 3.888715169248247
6.078407393449208 -0.11047631339749334 0.29048484219928916 8.302538340623316 0.6618604647484431 0.631043678506287 3.7708281586117725 3.2595023604473665 -0.9204798347930772 8.658593444912851 7.688319303766375 0.46894564919447035
6.273491050900565 -0.11541804298758504 0.1825406803782501 9.63774241600774 0.7535625733435153 0.6200321477063357 7.49019490680902 6.240214470773934 0.4640744988236116 8.557333990888658 7.52077830210328 1.131515200731271
5.844178732323256 -0.0759989582002163 0.23476149981003713 8.246811753810487 0.6630895771086216 0.6372059875627648 7.4524078214404605 6.219362918287516 0.4883438221827563 8.503535034848946 7.48103541508317 1.1231604814181004
6.023948770778046 -0.11336300894618032 0.23739727617371575 8.855172531392416 0.7098765559494494 0.6423080310153104
6.106544744461706 -0.0840468034148216 0.296391736688298 8.473710897021865 0.7174060866236686 0.639776908064649
6.332555720357484 -0.08368745818734172 0.018516744156014564 9.622000902753731 0.8326111249625685 0.6007266244244902
6.111499881372546 -0.08144792914390567 0.2804007302081588 8.475683606987651 0.7411238998174668 0.646663032054712 4.127310110631012 -5.021256044507028 3.2261419729657783 6.0039979437458655 -3.776236131787301 3.870770434065644
6.067676519118647 -0.07845456898212436 0.3065341488479789 8.055578698255268 0.700122430920601 0.6002071181124972 7.583349960778223 6.306768193840982 0.396686698272656 8.526189381583492 7.678059831261637 1.1311585395403643 3.7145031881237776 3.2266712337732324 -0.4404132900565667 7.250072268984545 6.4184653908014315 0.47910366683560524
6.025567895293227 -0.07659433152322137 0.25245334033692557 9.013237162568736 0.7075065539203269 0.6233075474995771 7.254048401792572 6.112019510974192 0.419035612341089 8.706481302209989 7.837180199626464 1.1300571431046351 4.204583104142569 -5.055185987968285 3.242673338265325 6.024693879774029 -3.8151649459904706 3.902379733428731
6.136013663764217 -0.110206488519907 0.21791911970433064 8.431305308339777 0.7000651769340038 0.6312899572980749
6.219959890640886 -0.1173065292800661 0.2775459450870199 8.207420527937288 0.6535549818182084 0.6324667868264641 7.422631784947902 6.2207852936771015 0.41626142149041434 8.552168219732806 7.639138605832502 1.109642583621954
5.910152838485335 -0.07892591452618108 0.26741715217983786 8.079834707438591 0.6504349074986181 0.6467541817433525
5.9823746624099465 -0.08024429278802242 0.34864341954465394 8.334375007920153 0.6618146918424433 0.6814879532539649 3.7204057255968266 -6.124992690508186 3.0631066715512243 6.640438804455717 -3.4330138205918606 4.0653151071045155
6.055264284679979 -0.07887441210498744 0.33624916837809415 8.306042573413833 0.6653084355854304 0.640116230370826
6.0126405349900685 -0.08338745931730637 0.1591461017517215 9.475778476804201 0.7538819383771895 0.6103088063686968 7.285052327040847 6.151730751916756 0.41206558357613865 8.516142192888069 7.641930152235106 1.1127071612195927
6.020846564408478 -0.07651340140570859 0.2448175445577636 9.250731311223845 0.6702728905757127 0.6208447313022027
6.0988197968273665 -0.0878425937240839 0.15393289640211383 9.594383998280925 0.8020020890249207 0.6120623462495751
6.141724347768457 -0.07708446184354967 0.246856517194197 9.24306230396328 0.6187502154019756 0.5932053684337876 7.374624928157441 6.295256030815946 0.4842201530969057 8.37009068435664 7.414854818629735 1.1351675086689847
6.050171692710079 -0.07384476506553198 0.23854855668026675 9.298297411608678 0.6848804185828081 0.6006592743234968
5.956488676815488 -0.07836418828972389 0.3157877778170104 8.248616217086855 0.6664077640478044 0.6484823914940814 4.122418347830693 -5.462134811045718 3.234156230287385 5.9073878930341674 -3.7702010301782765 3.8092835017906594 7.423360824894213 6.263975191712575 0.40874261169051973 8.745945343592755 7.871854413902518 1.1137725082060332
6.1624056344993425 -0.08368206334526387 0.34330849911070005 7.970728889180068 0.6455882717130196 0.6272949581205276
6.20198154617426 -0.08880356128827907 0.2649880383855985 8.282641032326918 0.6437817418561647 0.5779840643843536 3.650952515113441 -4.936117089558878 3.0474627279742976 5.4218607705281165 -3.3748633621260935 3.5811515994727756
6.1432257123361085 -0.07312548572699226 0.3104451589360626 7.924490825368627 0.645674168186683 0.6294963118915136
5.879318976797483 -0.08572115277784187 0.22846678688931732 8.410509342849489 0.6869770810386238 0.6600888943967104
6.361285477550452 -0.08216044711089046 0.31255364842082867 8.026316605482977 0.6431504429594239 0.5841656411713438 3.785064958652008 3.3767916500559525 -0.4762173320693712 7.887058666509606 7.117364267222059 0.45040440615351796
6.10715229801347 -0.08307419907551414 0.3206934686438756 8.484982344552929 0.6632393013716036 0.6171614838949062 4.126134759600221 -5.395544486784613 3.2364747636057944 5.881009967671059 -3.817791711724464 3.750259012658913 7.33802678918983 6.225232358789506 0.4993251228598745 8.719657703909409 7.820350309176704 1.1058638912251184
5.972045386377579 -0.07729099718108265 0.31480199095383377 7.78288776825693 0.6296729421021313 0.6407305068221997
