1686172445.0479412 0.006602565565842322 -0.002551717162132261 0.007017041046525341
1686172445.0863273 0.007550301356521627 -0.0017934864759445168 0.007294471110334433
1686172445.1247911 0.00801111169508964 -0.0008239722251892068 0.007476993744852445
1686172445.1692247 0.008261777690756117 -0.0006722709536552407 0.007539787409710952
1686172445.2668033 0.008885241554367651 0.0010653609037399314 0.007533030617376424
1686172445.3111587 0.010087803678656582 0.004621642231941225 0.008143570723614602
1686172445.3506107 0.01073830346633356 0.004465738832950594 0.009168230335057759
1686172445.3929648 0.011054767421714212 0.0048588240146636985 0.011397927383948847
1686172445.434109 0.012279078533882465 0.006489838063716891 0.014557858893848863
1686172445.4734268 0.013359755156709674 0.0069022276997566245 0.017678017829884762
1686172445.5208588 0.01609405605545075 0.006829644143581393 0.02159373565216227
1686172445.558419 0.019402907877291764 0.005620668232440951 0.02464146490018715
1686172445.596404 0.021793653359440085 0.004681760966777804 0.028526861192277098
1686172445.6483092 0.02443398789762974 0.004165987074375155 0.032103911815940744
1686172445.7053013 0.024638328068841114 0.004362414181232455 0.0340472669093379
1686172445.7706184 0.025073729049470195 0.005070137381553652 0.03584785419606917
1686172445.8365774 0.025969523737039257 0.006729821264743807 0.03711359894454791
1686172445.911934 0.02616309975887504 0.006909402608871462 0.037651924423401706
1686172445.9594388 0.025165515022769258 0.009408655166625979 0.037404942767208293
1686172446.004407 0.022071467986714777 0.015657472014427187 0.03553302061192931
1686172446.047226 0.01964152844426456 0.020784723162651064 0.0318102582936739
1686172446.0846522 0.017512432282209917 0.02207163214683533 0.029991159549976887
1686172446.125855 0.017106163155856974 0.02232163637876511 0.029282369571504763
1686172446.1714761 0.016822712705862136 0.02178806304931641 0.029640225535785936
1686172446.2130032 0.015663010563213037 0.021472963094711306 0.030540043673103368
1686172446.3645127 0.014954958560086579 0.0212620222568512 0.030226745054420467
1686172446.4082897 0.01479315513140983 0.02023215085268021 0.029800654819621464
1686172446.4476564 0.01360441034976681 0.02035988360643387 0.02950328659603918
1686172446.487824 0.012749076778238444 0.018956402838230135 0.02745359115460655
1686172446.5287366 0.012976315367885405 0.013891438543796542 0.017697263270799013
1686172446.5759547 0.011602080012757116 0.018583799302577975 0.01726110885668497
1686172446.6357305 0.00841164759183674 0.01920999825000763 0.015565907624483843
1686172446.6760936 0.008889339331518004 0.020741219222545626 0.01435087135631763
1686172446.7324507 0.006211392281087691 0.021527799367904665 0.013308663815153388
1686172446.7697198 0.006053527364054456 0.02175366371870041 0.014514042695753071
1686172446.81231 0.005473239667749291 0.023078652620315554 0.014691374879440167
1686172446.8503158 0.003844379223510247 0.022583121955394747 0.011946738037759808
1686172446.8903883 0.0036900328325863707 0.022050621509552004 0.007278663345028358
1686172446.9288874 0.0034479454226815087 0.019287126660346987 0.00810360973318347
1686172446.9685733 0.003178714807804406 0.017994741499423983 0.00879447122531718
1686172447.0070128 0.003069153627451471 0.017945597469806673 0.009120447030495304
1686172447.0444715 0.0033545448642677 0.018036740422248843 0.00972603028924568
1686172447.08986 0.0036145711171450268 0.01849370688199997 0.0111335072949319
1686172447.1289127 0.003797933904238049 0.021442646682262423 0.012943444115886438
1686172447.168435 0.00388457381746668 0.021803910434246065 0.013204758482090906
1686172447.216763 0.003256396532211797 0.022140691578388216 0.011604475864797736
1686172447.2549033 0.0007987432993937227 0.02234001696109772 0.007222661610589265
1686172447.2941363 -0.001107363020291241 0.022851685583591463 0.0018660753881307723
1686172447.3343534 -0.0018095708223160034 0.0230424502491951 -0.0019484304578349931
1686172447.3916962 -0.003690713267060053 0.023244964480400088 -0.005369802374007859
1686172447.4563792 -0.00391615721124447 0.02324406296014786 -0.006698085183592495
1686172447.5012183 -0.0041121877371270155 0.021722632050514223 -0.009588491876164618
1686172447.5385687 -0.003542322538854059 0.019338133335113528 -0.011834947029772946
1686172449.0791404 -0.004169186313696088 0.01603219896554947 -0.012418707300857035
1686172449.1364326 -0.00037972379870571116 0.015769156217575075 -0.01360241452374411
1686172449.194491 -0.0002573346452233449 0.015545147061347964 -0.014016431728441914
1686172449.245636 0.0013095463888457837 0.015269244611263277 -0.014218037263721284
1686172449.2957695 0.0023622222919090774 0.013265388607978823 -0.013908142089320119
1686172449.4093313 0.003933714012420236 0.013095470666885378 -0.013789397517529833
1686172449.570374 0.0048987262290959566 0.012820700705051424 -0.013780136872893145
1686172449.751554 0.0059678695583529895 0.012780497372150423 -0.013860435943981342
1686172449.9468253 0.0075398303896906105 0.012526425123214724 -0.013820683195314265
1686172450.1437542 0.009662220787226478 0.012074718773365023 -0.013547492673280592
1686172450.3158474 0.012142451914677166 0.011122087538242342 -0.013268569752363124
1686172450.3923244 0.014383325297377597 0.00991618871688843 -0.012741900700472097
1686172450.5002475 0.01633790746630681 0.00724376976490021 -0.012938189306495929
1686172450.55439 0.01802335296359206 0.005720185637474062 -0.015059352294404693
1686172450.5953324 0.019908111523576577 0.005245233476161959 -0.017853868479852153
1686172450.6337662 0.022115056679447326 0.0046009966731071494 -0.020250076119781246
1686172450.672214 0.025499930510292645 0.0030929917097091697 -0.02035879645439098
1686172450.7528684 0.0270868684447077 0.002834538519382479 -0.02033763029585889
1686172450.884361 0.029314049302434392 0.0020812624692916892 -0.021621836793212168
1686172450.923087 0.03174415669926431 0.0018617199361324333 -0.021575903328985957
1686172450.9828181 0.034697731359866035 0.0014872686564922355 -0.021915441985212114
1686172451.0571165 0.037236653934033886 0.001329491436481478 -0.021935797655995737
1686172451.121398 0.04115003086780644 0.0012171888351440452 -0.02182960378957466
1686172451.1982985 0.045082867765386475 0.0012121373414993308 -0.02155079865281384
1686172451.2726831 0.04775285090447423 0.0017305561900138877 -0.02141480096606907
1686172451.3474753 0.05157010711949178 0.0027535134553909324 -0.020893514094513232
1686172451.434243 0.05658786196452721 0.0030909800529480003 -0.020583812067696217
1686172451.4927776 0.06122817601364783 0.0041277730464935325 -0.020501158971325317
1686172451.5352848 0.06576933120783073 0.004322054386138918 -0.02036450487592467
1686172451.5791764 0.0699612100609768 0.005045021474361422 -0.020444419070835274
1686172451.6186256 0.07354024393809265 0.006577583551406863 -0.021299797844132273
1686172451.7330887 0.0770412524399724 0.00836618483066559 -0.021909980041701527
1686172451.7707036 0.08204447262249823 0.009238968193531039 -0.02247733514215211
1686172451.846125 0.08590605657824442 0.009481365382671358 -0.023986265832703912
1686172451.8822377 0.09077645531419087 0.00990008056163788 -0.0250789993973779
1686172451.953578 0.09517428240581705 0.011637600660324099 -0.025368704584459723
1686172451.9965463 0.0984081668570998 0.013950633406639101 -0.02568669647712385
1686172452.0329337 0.1012274482208424 0.01794313877820969 -0.02687777455474616
1686172452.07115 0.10525772171465407 0.021863589584827425 -0.027669751934600084
1686172452.1190956 0.10949167107080367 0.025420466959476473 -0.02773825089005788
1686172452.2174716 0.11467606493711592 0.027676070630550387 -0.027486811980684145
1686172452.2534604 0.1197194769979813 0.028139064610004427 -0.025733737151025338
1686172452.2990916 0.12445289528048978 0.03137670695781708 -0.02491762222411853
1686172452.3447657 0.12951583717084864 0.03383270144462587 -0.02453261158495401
1686172452.396196 0.13440421115003903 0.03666185081005098 -0.024169466052511357
1686172452.4336455 0.13915395867744884 0.03828812628984453 -0.023579076332808313
1686172452.47223 0.1438335657917551 0.03921619296073915 -0.02321277098689123
1686172452.5087523 0.14940885571587248 0.0404612371325493 -0.02275497498650081
1686172452.5543098 0.1538065382763911 0.04167087614536287 -0.022255847366885906
1686172452.6021965 0.15759642944325358 0.043530064225196854 -0.021651782177227963
1686172452.639343 0.16147028383595619 0.04568594932556154 -0.021303716759567992
1686172452.6849003 0.16508976147384713 0.047343383133411424 -0.021220227132591418
1686172452.727148 0.16828673531772556 0.04888642072677614 -0.0214695252472914
1686172452.762844 0.17138481563149238 0.05044006049633028 -0.021996744953294955
1686172452.8041375 0.17492581488769804 0.052343348562717454 -0.02281678720555891
1686172452.8461747 0.17938021121585307 0.05469263583421709 -0.022783064757133875
1686172452.8919146 0.18372152353864515 0.05634445935487749 -0.022205832966981642
1686172452.931084 0.18850903488261406 0.05764629930257799 -0.021848928357682373
1686172452.978487 0.1919917614212896 0.0602288791537285 -0.021631200293701136
1686172453.017429 0.19649091901834845 0.06301025539636614 -0.021357953303307475
1686172453.0529928 0.19999715526443054 0.06465360015630724 -0.021240622819920896
1686172453.096136 0.20383627804683274 0.06621580064296724 -0.0212107146996654
1686172453.143697 0.2078545103546353 0.06661762535572054 -0.021736051056842287
1686172453.198997 0.2118737211806626 0.06699632346630098 -0.023244852129194582
1686172453.238278 0.2160105451365227 0.06719435989856722 -0.02591389976000924
1686172453.2789493 0.21928087122833068 0.06734258174896242 -0.028071769035154626
1686172453.3176112 0.22394091733647337 0.06751233577728273 -0.028955051369280005
1686172453.355884 0.22948201889795916 0.06811473011970522 -0.028941428011360237
1686172453.4208164 0.2345674485792828 0.06824900448322298 -0.02884807833861358
1686172453.4813132 0.2395754281123718 0.06857516109943392 -0.028438365664698928
1686172453.5311496 0.24436744886455009 0.07015793263912203 -0.0279381246075161
1686172453.5679164 0.25045666032984554 0.07159996271133424 -0.02720300346884552
1686172453.6067529 0.255617447129227 0.07199749588966371 -0.026840668306738813
1686172453.6460364 0.2606417208462257 0.07222764432430269 -0.02659199031109427
1686172453.6971865 0.26648091743263025 0.07237054646015169 -0.026295370675477825
1686172453.7836487 0.27286979801374733 0.07237868249416353 -0.025981031307135805
1686172453.82635 0.27892501732880337 0.07251450657844545 -0.025594944302269385
1686172453.8669834 0.285230966523208 0.07254453241825105 -0.025572647559373385
1686172453.9060156 0.29129096906929375 0.07277749717235567 -0.025615176127806727
1686172454.005448 0.2977378233833509 0.07327568769454958 -0.025519584308624443
1686172454.0611053 0.30458234469111195 0.07337999582290651 -0.02553777402503843
1686172454.1042988 0.31167223744427464 0.07386633992195131 -0.025902715172413826
1686172454.1438692 0.31950282174306227 0.07389450311660768 -0.02600404849895166
1686172454.186393 0.326719758388861 0.07361699879169466 -0.026591442314090052
1686172454.238497 0.33399375247397933 0.0734996670484543 -0.02655042320675749
1686172454.2823281 0.34120667614180955 0.07340590894222261 -0.02640706665031134
1686172454.328276 0.34752098297859846 0.07348458707332613 -0.026160315853785088
1686172454.3683703 0.35506252456428095 0.07342428207397463 -0.02541756799357997
1686172454.4113622 0.3623240255919852 0.07331648707389833 -0.02478909494480508
1686172454.448035 0.36954453534412296 0.07300941884517671 -0.024477421419387024
1686172454.4888368 0.3764575637570251 0.07223598897457124 -0.024415912869494072
1686172454.5579278 0.3827243517086901 0.07154032826423647 -0.024984013012834705
1686172454.6019359 0.3896240013271859 0.07093402981758119 -0.024866239976899962
1686172454.6491203 0.3965343043634091 0.07025073707103731 -0.02511758696564992
1686172454.6912808 0.40263961161452083 0.06949801981449129 -0.026714521399455515
1686172454.7297966 0.40884598170029657 0.06809495627880098 -0.02769778970645831
1686172454.7659194 0.4158084493165647 0.06709215283393861 -0.028478148855940244
1686172454.8079712 0.42168462671525564 0.06499360740184786 -0.029984617217114762
1686172454.871549 0.4274879380378849 0.06442728877067568 -0.03146668268393071
1686172454.919643 0.4345112196845805 0.06365157902240755 -0.03305503930763387
1686172454.9698446 0.44187691032809084 0.06341030687093736 -0.03299224393012512
1686172455.0058773 0.44788134605542507 0.0632137754559517 -0.033076105938560696
1686172455.0484037 0.4538970835001568 0.06300988286733629 -0.033085877580520506
1686172455.0975912 0.46075996707376465 0.062396320104599015 -0.03396622941703087
1686172455.1510358 0.4681069913887995 0.062204959392547624 -0.03381723646121326
1686172455.193427 0.47389551636058436 0.061787540614604966 -0.03403484222295039
1686172455.2445412 0.4802466499006489 0.0616544881463051 -0.034391037854572204
1686172455.2822998 0.48674137026968034 0.061597751975059525 -0.03431310295692458
1686172455.3226774 0.49372344306276195 0.06146384268999101 -0.03442264137175699
1686172455.3712385 0.4998787009740273 0.06149073183536531 -0.03527538274024744
1686172455.4549923 0.5066816362380052 0.06155745923519136 -0.035551677382617886
1686172455.495821 0.5148082144551385 0.06151908129453661 -0.035377519798727164
1686172455.53122 0.5223800803896654 0.06213166058063509 -0.03512656295718486
1686172455.5672116 0.5298186049844064 0.0629328513145447 -0.03488836602536627
1686172455.606739 0.5363620192589339 0.06406615167856218 -0.03505184372821368
1686172455.648313 0.5434876833988781 0.06573581933975221 -0.034692756793753166
1686172455.687691 0.5506223709307408 0.06774848937988283 -0.03515858204032751
1686172455.7352133 0.5573678736737131 0.06814731895923616 -0.0357761319284593
1686172455.7725723 0.564350572779836 0.06895457446575166 -0.03663103256261646
1686172455.8154368 0.5712590148184153 0.07060083985328676 -0.03722383786457528
1686172455.8511405 0.5775818361616318 0.0713086897134781 -0.037875907599182135
1686172455.8920996 0.5843899449376828 0.07274917006492616 -0.03801706829427842
1686172455.950087 0.5909347448624644 0.074924054145813 -0.037860595993289836
1686172456.0213253 0.5976591057580931 0.0765412473678589 -0.037985298562413616
1686172456.062551 0.6045547097633044 0.07843995332717897 -0.03849865677715547
1686172456.1014621 0.6099668301576511 0.08192949235439302 -0.03827306188171731
1686172456.139799 0.6176514691180324 0.08333724975585939 -0.037994857804668714
1686172456.1783946 0.6245358698769047 0.08503446221351625 -0.03722889591950618
1686172456.2220244 0.6317406859568075 0.0865551406145096 -0.03630904088698461
1686172456.2640135 0.638675304541486 0.08810165762901308 -0.03478156559088297
1686172456.3160477 0.6454106124962171 0.0901877009868622 -0.03346196046014649
1686172456.3543994 0.6520274652261624 0.09192490816116335 -0.03238341919061005
1686172456.401139 0.6582837957964539 0.09336495637893678 -0.031713937369478806
1686172456.443075 0.6646368468818498 0.09529191493988039 -0.031227724416045488
1686172456.482896 0.6712181814645429 0.09595559775829317 -0.03095042347718846
1686172456.5303197 0.6777145142396894 0.09804994106292726 -0.031280971888724585
1686172456.575788 0.6836532061624682 0.0988098704814911 -0.03168549796539799
1686172456.6272316 0.6901039874019376 0.09907327830791475 -0.032756319190392125
1686172456.6655655 0.6964818256836504 0.09947493910789491 -0.033958026720279255
1686172456.712987 0.7019079821462899 0.1010601991415024 -0.03513514616801516
1686172456.7503908 0.7075002100646456 0.10205319762229921 -0.036308371379286886
1686172456.7934096 0.7142896666439293 0.10311040520668031 -0.037275351755330144
1686172456.8413708 0.7204935367542125 0.10485480964183809 -0.037264131147020096
1686172456.900218 0.7269797799845522 0.10729608178138735 -0.03718554623376602
1686172456.9374871 0.7329100974159461 0.10844886541366579 -0.0370518266699249
1686172456.9833214 0.7395297929521072 0.11009708285331728 -0.03676592200985507
1686172457.020123 0.74560035205875 0.11142340540885927 -0.03678118601569835
1686172457.061764 0.7523472468032495 0.11171104252338411 -0.03651601045957431
1686172457.1313589 0.7595319489439999 0.11187608778476717 -0.0362007576776584
1686172457.1684234 0.766447280711067 0.11154838144779207 -0.035984922738137026
1686172457.208692 0.7730034679032627 0.11151471972465517 -0.03623668331248653
1686172457.2537436 0.7798338085899305 0.11148216068744661 -0.03702962224207518
1686172457.290026 0.7863639959523921 0.11149882018566133 -0.037639565677379805
1686172457.3304822 0.793567607835792 0.11142207920551302 -0.038253168996092324
1686172457.3972821 0.8012215144442957 0.11128832638263704 -0.03847947935429841
1686172457.4366257 0.8089609266588593 0.11123971879482271 -0.03833102221679785
1686172457.4815967 0.8170009773256821 0.11122057080268861 -0.0382929663553675
1686172457.5179982 0.8244484141903793 0.11177414894104006 -0.03806888517003282
1686172457.557706 0.8317175400734654 0.11197237908840181 -0.038275539756256416
1686172457.5961518 0.8401877509181197 0.11212542891502382 -0.03795945662154554
1686172457.6417253 0.8481016037623925 0.11220601439476015 -0.037645194448116204
1686172457.682364 0.8558767634573253 0.11240919172763826 -0.036770442614423304
1686172457.7241495 0.8634930908433999 0.112293558716774 -0.03619212841027086
1686172457.7619958 0.8700148110117041 0.11284540832042696 -0.035323405564978705
1686172457.807954 0.8769039103335179 0.11305769026279451 -0.03459647748790173
1686172457.846312 0.8838556360750557 0.11304646968841554 -0.03416934724049381
1686172457.8823223 0.8911158125697336 0.11298106849193575 -0.03361279426445196
1686172457.9192467 0.8979114668240645 0.11272765934467317 -0.03244724503059748
1686172457.9643342 0.9046744230872964 0.112614723443985 -0.0314726345721521
1686172458.0202403 0.9115320613918537 0.11248341441154482 -0.03062028346036616
1686172458.0657246 0.9177052890006677 0.11216368019580843 -0.028837526383260315
1686172458.1087506 0.9239087937294814 0.1114230924844742 -0.02762760708022105
1686172458.150088 0.9303985788272302 0.11135789990425111 -0.02711533501171348
1686172458.1916983 0.9366362756626497 0.11182040214538576 -0.026141466722676254
1686172458.2397258 0.9432323631822295 0.11213150858879091 -0.02360683654228768
1686172458.2858458 0.9496282481633582 0.11273846268653871 -0.021448297225155732
1686172458.3315263 0.9566260300316297 0.11288583517074587 -0.020246851753576767
1686172458.3774364 0.9632991113850181 0.11269390821456911 -0.016933612928801356
1686172458.415711 0.9705137548277619 0.11191770672798158 -0.01198121809783892
1686172458.4556167 0.9757092552055865 0.11193159461021425 -0.010008790607071605
1686172458.5066485 0.9803129726828029 0.111921044588089 -0.009506752872545654
1686172458.551546 0.9852325069106921 0.11167045176029207 -0.008496557495050405
1686172458.6015222 0.9933630490405891 0.10938613355159761 -0.003867385876709095
1686172458.63854 1.00196678590258 0.1072259420156479 0.006474327970083182
1686172458.6797094 1.0099901736004506 0.10771869361400606 0.018971617983320588
1686172458.7167966 1.0201406145253116 0.10933391988277437 0.03231155233378802
1686172458.7519622 1.0269155190099692 0.11156419157981874 0.042145664704583696
1686172458.806359 1.032093451056964 0.1139439517259598 0.04900577735061762
1686172458.8652346 1.034381522674361 0.11545811831951143 0.050256210794139555
1686172458.9059682 1.0371788184173458 0.1171567761898041 0.050597072534308785
1686172458.9497883 1.0441168796644233 0.11804567515850069 0.06038002839532819
1686172458.988411 1.051215147975622 0.11897357046604158 0.07032580920966369
1686172459.030446 1.0562108169766682 0.1192712062597275 0.07487712171932692
1686172459.0759156 1.0610214929905128 0.1193702691793442 0.07634414494800446
1686172459.129783 1.0654605150573935 0.11956292629241945 0.07682075342509354
1686172459.1905105 1.0749865886060352 0.11815428972244264 0.0790458170909929
1686172459.2336516 1.0807802592386382 0.11753469944000246 0.08220834224078866
1686172459.270127 1.0881821208767617 0.11700858414173128 0.08283393242240455
1686172459.3108406 1.0961389372542558 0.11693848907947542 0.08456629393438142
1686172459.35724 1.1032608748561876 0.11700818181037904 0.08420856621344064
1686172459.4229717 1.1102329076483701 0.11888700962066652 0.08188645510473447
1686172459.4681451 1.1169951504326723 0.12137799203395845 0.07725941813554416
1686172459.506148 1.1220037306204562 0.12211703002452852 0.068239842800498
1686172459.544324 1.1293761705235414 0.12230444192886354 0.059752852246619526
1686172459.585949 1.1374342977641076 0.12222245573997499 0.0581404884444352
1686172459.6300337 1.147918365263872 0.12355797231197359 0.06043784088939663
1686172459.6669524 1.1569580221997122 0.12623805046081543 0.061247918059848416
1686172459.7151227 1.164809530040801 0.130198764204979 0.06167985114082941
1686172459.762926 1.1727866458116571 0.13461064040660864 0.06227789083050994
1686172459.8079784 1.1803841855862491 0.13988635182380682 0.06485595131902988
1686172459.8514738 1.1891835892457787 0.14135328173637396 0.0655464638357488
1686172459.8904705 1.195709190739436 0.14303656160831457 0.06655944656623736
1686172459.9317966 1.2030655196066928 0.1469587409496308 0.06685225464404976
1686172459.9901233 1.2098406767737202 0.1479338133335114 0.06746498402404932
1686172460.0395906 1.2169117128111606 0.1482296013832093 0.06789903963014354
1686172460.0788302 1.2240368342980916 0.14833821594715124 0.06899585402920083
1686172460.1281364 1.2333619000462468 0.1512750411033631 0.06959558092899609
1686172460.1702318 1.238711623109669 0.15148085594177252 0.06947955277264595
1686172460.2106555 1.2455685836474277 0.15213877201080328 0.06988153051129387
1686172460.2714465 1.2535010650055172 0.152452381849289 0.07101850786066466
1686172460.3249824 1.2609241152083501 0.15262392401695257 0.0716023086683586
1686172460.3639219 1.2676898020693164 0.15358942985534674 0.07176267302159944
1686172460.4141638 1.2740904116978053 0.15442452073097235 0.07125199688761463
1686172460.4511492 1.2804666534848577 0.1563566648960114 0.07064867276750442
1686172460.4939585 1.287461598572431 0.15892562508583075 0.07006544799798475
1686172460.541644 1.2935859007119912 0.16389294207096106 0.0680686584037824
1686172460.597012 1.2991066811725653 0.16415933012962347 0.06716280153601262
1686172460.6382122 1.3059416291575012 0.16568063437938696 0.0675228571367743
1686172460.6833892 1.3132253692664546 0.16701656818389898 0.06804263328714977
1686172460.7222316 1.3198063561459692 0.17042196035385138 0.06909371770010186
1686172460.765045 1.3270520261450915 0.17249763250350958 0.07034086892660962
1686172460.8167865 1.332730018036733 0.1727683568000794 0.0710589926889933
1686172460.859545 1.3381797469885464 0.1733590984344483 0.07163499627399661
1686172460.9098349 1.3426169162732227 0.17294278979301458 0.07200194097159418
1686172460.948318 1.35003964256309 0.17318089544773108 0.07221535627948272
1686172460.9880116 1.355730307683724 0.17325668275356298 0.07166414025429835
1686172461.0367815 1.3607681966055214 0.17375262320041662 0.07146841189360909
1686172461.080625 1.3674271236198754 0.17494690656661993 0.06972646985193154
1686172461.1233008 1.3731184674657109 0.17581422865390783 0.0674562873002107
1686172461.1970007 1.3795386373542515 0.17598715662956244 0.06526196473943391
1686172461.23354 1.386412447671826 0.1753645563125611 0.06345247667785991
1686172461.2703867 1.3927224227205501 0.17562796413898474 0.06207680992146081
1686172461.3113368 1.4016369060732896 0.1757527613639832 0.061295304172191756
1686172461.349982 1.4094743275652537 0.1757901185750962 0.06104750208893539
1686172461.395506 1.417041986798534 0.17560377955436712 0.06053280263816241
1686172461.4501204 1.4261343869745358 0.1755844527482987 0.05849523922825539
1686172461.4906607 1.434394872750226 0.1753466004133225 0.056948742192077795
1686172461.532682 1.4428633081194442 0.17474869132041937 0.05687097293083543
1686172461.5690773 1.4523669562904273 0.17458234965801245 0.05710055394218028
1686172461.6069698 1.4631302847613685 0.17438356816768652 0.05914821825272254
1686172461.652648 1.471580021096279 0.1743262284994126 0.06080128510581373
1686172461.701581 1.4802990081963383 0.17481218516826635 0.06285311482488898
1686172461.7485387 1.4888926460467031 0.17479966819286352 0.06410159608058441
1686172461.7891092 1.4966796957786463 0.17404562473297125 0.06593372029967548
1686172461.8309786 1.505005321226146 0.17335829377174383 0.06735260177993885
1686172461.8695738 1.5136593448006859 0.17219017684459692 0.06807176612426002
1686172461.9130533 1.5219757711410102 0.17012731969356543 0.06738470409209985
1686172461.9673674 1.5288450444484052 0.16885040938854223 0.06673921137588756
1686172462.0317864 1.5369265416623998 0.1656984859704972 0.06602416033880876
1686172462.0803688 1.5449644103663187 0.16411480545997625 0.0662811297788406
1686172462.117784 1.5539558475909916 0.163810762166977 0.06537862598724731
1686172462.1620884 1.562142132179421 0.16319537401199347 0.06418195554517037
1686172462.2021627 1.5685287584278764 0.1628939682245255 0.06366449237767635
1686172462.2413275 1.5759055802757111 0.1629182422161103 0.06246252578187317
1686172462.2982006 1.5825106823858053 0.16268767654895788 0.06252366433904388
1686172462.3564365 1.5911987622768216 0.16269555926322943 0.06269345492577227
1686172462.396907 1.59682032745282 0.162437933087349 0.059642398902752136
1686172462.4466834 1.6023436960747568 0.1622727090120316 0.05662402687022072
1686172462.485339 1.6090415511353313 0.1622010642290116 0.05599800532937804
1686172462.5260646 1.614410192871919 0.16214223444461828 0.05588316261266657
1686172462.571457 1.6218061487770705 0.16174966335296637 0.054227278439901605
1686172462.6197617 1.6269420046725158 0.1616594517230988 0.05393666884426951
1686172462.669044 1.6344947949814443 0.16178190946578985 0.051949296841055315
1686172462.7111053 1.6395280552619143 0.16182144224643713 0.04968270635117111
1686172462.7512205 1.6465289613132155 0.16159843146801 0.04847947397981578
1686172462.7936258 1.6538070533592226 0.16148913145065313 0.04853728898157139
1686172462.8428013 1.6606261045612738 0.1608955883979798 0.048520928017425025
1686172462.9027426 1.6679282841276357 0.1610866659879685 0.04839792675362453
1686172462.9480433 1.6740977396152636 0.1613450968265534 0.04655307221460081
1686172462.9888585 1.6816656195063884 0.16192315757274633 0.04402564215327054
1686172463.0273485 1.6868530534390327 0.16203743457794195 0.04385398810586216
1686172463.0714116 1.6947728373647635 0.16210067510604864 0.04254944961776008
1686172463.139067 1.7029970809370887 0.16237259149551397 0.04200864369147417
1686172463.1820285 1.7104108966791443 0.16335457801818853 0.04090699905998374
1686172463.2318504 1.7184667798434365 0.1657883399724961 0.039718722914936055
1686172463.2698781 1.72541772177624 0.16690165042877203 0.038237869011406245
1686172463.3118367 1.73340752667364 0.16716167569160467 0.03618284712237818
1686172463.3503973 1.742428039628485 0.16761756181716925 0.03654067197113409
1686172463.3932922 1.7515441253413642 0.16846479713916784 0.036973104141052815
1686172463.4414928 1.759684138162672 0.17015725612640387 0.036608075716552335
1686172463.4940958 1.76828907067501 0.17220491409301764 0.035095406208979885
1686172463.5485928 1.7776041670500176 0.1742150509357453 0.03335890858825841
1686172463.5895195 1.7854707409502517 0.17557883501052862 0.03166987967710244
1686172463.6288595 1.7947579322167408 0.17673194646835333 0.03187203798969751
1686172463.6670892 1.804839585217811 0.17753133416175848 0.03249375113344377
1686172463.7215166 1.8138141596601862 0.18022200703620916 0.0329705453324014
1686172463.771565 1.8224169199853175 0.18163642525672918 0.0324434292589868
1686172463.8127751 1.8308936162976628 0.18311055243015295 0.03169492078832081
1686172463.8514493 1.840675462833517 0.18440480768680578 0.031746136847623285
1686172463.899302 1.8496762897214496 0.18784418940544134 0.0329481538027272
1686172463.9395044 1.858753142225054 0.19366970896720892 0.03444843252180685
1686172463.9827278 1.8684355711027445 0.1970847868919373 0.0368393510719458
1686172464.031477 1.8781796974536495 0.20037669181823736 0.038650887801126244
1686172464.0788128 1.8878252939094364 0.20175582408905035 0.039349728090870784
1686172464.1247559 1.8959229855948274 0.203122707605362 0.04072724440369013
1686172464.1627128 1.9040982529681536 0.20497101783752447 0.04177575200116901
1686172464.1991813 1.913405017184329 0.20931738853454596 0.04328025502927191
1686172464.2382648 1.9225040001102636 0.2112435126304627 0.0447079970248061
1686172464.2843368 1.9310745176245292 0.2129839980602265 0.045354709546070016
1686172464.3243637 1.938244054474314 0.2135832333564759 0.04516801727190156
1686172464.3643813 1.946467253320237 0.2139421427249909 0.04383951261100694
1686172464.4153125 1.9549362739838971 0.214204432964325 0.040568217775684534
1686172464.4533741 1.9625936509769468 0.21454900741577154 0.038916583034979135
1686172464.4945858 1.9697093233211151 0.2158487462997437 0.03776456933692507
1686172464.5307524 1.9778042730658663 0.21916809916496283 0.036079449160418386
1686172464.5721498 1.9843951231931685 0.2209362709522248 0.03572176185075904
1686172464.6166828 1.990736572261631 0.22417018055915838 0.03505283986932195
1686172464.680398 1.997653529367774 0.22620424866676336 0.03497859573573603
1686172464.7217407 2.0044935137408366 0.2289369130134583 0.03419091373095129
1686172464.7660322 2.0113436129754088 0.22962701559066778 0.033673368644442814
1686172464.8072877 2.019616989727968 0.23111224412918097 0.033207352651097644
1686172464.8492112 2.0268789538275755 0.23136660695075995 0.032006083734006374
1686172464.9034286 2.033820956405891 0.23135259985923773 0.030618001444464804
1686172464.947478 2.0407007015690084 0.23104593396186834 0.028530108376677354
1686172464.9836946 2.0473932669433315 0.23101324081420904 0.02684105443385576
1686172465.0247838 2.054172275170082 0.23164916276931768 0.024605248245196165
1686172465.0647771 2.060771394987294 0.23199200868606573 0.02236497575455476
1686172465.1028922 2.0688054427451683 0.2327634716033936 0.021741843446297704
1686172465.1398218 2.0769781083875567 0.23317894577980047 0.01993480849288254
1686172465.1855185 2.0849157175881396 0.23409459233284002 0.02001524267403698
1686172465.2232723 2.0946569306957663 0.23468432068824774 0.020306006883213046
1686172465.2627969 2.1031810018797206 0.23507237672805792 0.020972118389851024
1686172465.3176613 2.1122830290430836 0.23529154300689703 0.02134440653457692
1686172465.356576 2.1212839880047327 0.2353936159610749 0.021804378574559413
1686172465.3971255 2.129923716399875 0.2354853475093842 0.022284468725969342
1686172465.4356463 2.139029723097455 0.23491832852363592 0.02258677324093994
1686172465.4737737 2.1482081921495872 0.23432585835456854 0.021980089137211944
1686172465.5192196 2.157569496128458 0.23423832893371588 0.021669611493550178
1686172465.5621042 2.166832565525078 0.23439648985862738 0.020874993820558352
1686172465.6151357 2.176732502913303 0.2347507798671723 0.020052328164692268
1686172465.653397 2.1861328276898315 0.23512962698936468 0.020059267589045637
1686172465.694825 2.195514445399356 0.23526415467262274 0.020273073952645326
1686172465.7325163 2.2039301316925917 0.23535827040672308 0.01974912901301895
1686172465.7776458 2.2141314372392884 0.23555550217628485 0.01844728096611603
1686172465.8210614 2.223389924752666 0.23561775922775274 0.01731966263102258
1686172465.8715978 2.232874955525306 0.23559734463691717 0.017604052395153502
1686172465.9167957 2.242877019044747 0.23547393321990973 0.018022573481303317
1686172465.953055 2.2521347024124023 0.23579064249992376 0.01933913737843307
1686172465.9964223 2.261331975437373 0.23597666859626776 0.02005970542671487
1686172466.0338542 2.270302053383643 0.2364512705802918 0.021728307518801726
1686172466.0722218 2.2786998520234807 0.23651609063148504 0.022463415317688362
1686172466.1354918 2.2876334405195986 0.23636633396148687 0.02378309702373027
1686172466.1829848 2.2957676310881983 0.23630222916603094 0.02556897470599817
1686172466.2305653 2.3051207483975915 0.23557758569717413 0.02629029931957727
1686172466.2716498 2.313001248963319 0.2354766750335694 0.02668668212450198
1686172466.308081 2.321109677035225 0.23500037431716925 0.027131710649662244
1686172466.3499305 2.3303659370472154 0.23485931992530829 0.02760374223961448
1686172466.3863096 2.33721280327696 0.2333273315429688 0.02795699402540186
1686172466.4325867 2.3453153178612816 0.23270845651626593 0.027451633315473734
1686172466.481433 2.352367460156913 0.23251301288604742 0.026855992909522453
1686172466.5227609 2.359412232637296 0.23232251644134527 0.025114858673370044
1686172466.5742648 2.3663646057727403 0.23159563779830938 0.024146840318965967
1686172466.6119976 2.3731802533843913 0.23080656170845038 0.02337799268176277
1686172466.6525536 2.380743552275194 0.2298708581924439 0.022070296163656966
1686172466.6899548 2.3874242422983984 0.22944468498229986 0.020931009801089084
1686172466.7333515 2.3949001844893125 0.22877931833267218 0.01909830021705039
1686172466.7822688 2.401105556954378 0.22892803192138678 0.01905683956796911
1686172466.8301625 2.4075639296958555 0.22936108946800238 0.01909726738973272
1686172466.8794162 2.4138966557782044 0.23029962420463568 0.019330139468162866
1686172466.9157553 2.4208833621615424 0.2316365265846253 0.020027815450777364
1686172466.9565237 2.427323481032904 0.23186022281646734 0.021258288497063127
1686172466.9956086 2.4331599871781098 0.23202565550804144 0.022047843282376967
1686172467.0352793 2.4386362875325664 0.23194697737693792 0.02240770543794457
1686172467.079687 2.4439153284929915 0.23130798578262335 0.02219193731243685
1686172467.1199036 2.4505898950989073 0.2302051210403443 0.021570957017277737
1686172467.1713674 2.457370159856854 0.22983512520790106 0.020326127613790046
1686172467.2115872 2.4650484545236084 0.22965523838996893 0.018848012598914332
1686172467.2484322 2.471205671218295 0.2295220816135407 0.018275742265707384
1686172467.2854493 2.4777498168496725 0.2296564900875092 0.015986765767122213
1686172467.3274508 2.48541089414635 0.23044431447982794 0.014251645917896738
1686172467.3751752 2.4925414822027525 0.23053288698196417 0.012016842559084084
1686172467.4605117 2.4990238125788053 0.23126396775245672 0.012136649050844772
1686172467.5007443 2.5069296941486776 0.23150238633155829 0.011453391782140887
1686172467.5440297 2.5152692968285364 0.23185032844543463 0.011595956580456424
1686172467.5814488 2.5238082876914145 0.2332731211185456 0.011942456595959605
1686172467.620842 2.5313941337553545 0.23442617297172552 0.011992158518593365
1686172467.6651065 2.5394818403736457 0.23527527093887335 0.011696843826999315
1686172467.7190185 2.5479151720154665 0.23564824700355536 0.011874535389113872
1686172467.7670546 2.5563187767105267 0.23661950469017035 0.012135841943541337
1686172467.8045795 2.565298585042297 0.23878598451614386 0.012298149805366698
1686172467.8407996 2.574126516708893 0.24104520916938788 0.012246844803414314
1686172467.8795662 2.5823613058007884 0.24282640457153326 0.01264257560913884
1686172467.9181147 2.5913964830339067 0.24465623736381537 0.012953032825445687
1686172467.9637756 2.5996229603416983 0.2458044314384461 0.013953733786870481
1686172468.0057058 2.6101836740942534 0.24697906017303473 0.014509543031261396
1686172468.050775 2.6196879066370284 0.24753090977668768 0.015717295836923384
1686172468.0982976 2.6294467097850194 0.2479009354114533 0.016465128302669996
1686172468.1338165 2.638848921648575 0.24823877453804022 0.017044963393022527
1686172468.1719027 2.648788693884987 0.24953812599182135 0.0177208074691253
1686172468.2110443 2.658085566864073 0.25144928932189947 0.018731268305029136
1686172468.2533522 2.667246210418883 0.2536910200119019 0.02017904480460042
1686172468.3115764 2.677058791879898 0.2558895671367646 0.021960706135062846
1686172468.3512251 2.6863135123481396 0.25762355566024786 0.022663858013936
1686172468.4042237 2.6963928824512107 0.25929984688758856 0.023068821318944277
1686172468.4454904 2.703928969841234 0.26353934645652777 0.023769401423634706
1686172468.4866328 2.713288989466456 0.265694352388382 0.02513990401064725
1686172468.5279362 2.720830611616479 0.2696040892601014 0.02659331615267524
1686172468.5679514 2.7288268812999545 0.27203709125518805 0.027404891747965232
1686172468.622681 2.736172272607707 0.2736050212383271 0.02745592905094485
1686172468.6636527 2.7433330773462026 0.2739218497276307 0.0266733204673264
1686172468.717446 2.751484743111828 0.2745614075660706 0.022232903243644575
1686172468.7541237 2.755745813266027 0.27506411314010626 0.02209032691471946
1686172468.7995827 2.763070701788704 0.2763174200057984 0.019865366041633914
1686172468.8361506 2.7689481464169363 0.27966234326362616 0.019521989895327163
1686172468.8740401 2.7753244128334233 0.2800669991970063 0.018469759852664858
1686172468.9167268 2.782420490066478 0.2821666622161866 0.01855129009777956
1686172468.9654984 2.788928958102351 0.2852298045158387 0.01872122217141592
1686172469.014687 2.794906449928571 0.2877700352668763 0.01893548221160013
1686172469.0643594 2.8027126109823577 0.29040086507797247 0.019715463131823263
1686172469.1115499 2.8097131106842395 0.29104447603225714 0.02069563467155544
1686172469.1506438 2.8149257612655614 0.291588249206543 0.021534656975294775
1686172469.1863286 2.820575172329788 0.2918411219120026 0.021974796960442022
1686172469.2216084 2.8272084388064926 0.2919448637962342 0.02202170895282629
1686172469.266384 2.8328307760152978 0.2921162867546082 0.02216329155920871
1686172469.3149972 2.8389767442380096 0.29220295190811163 0.022097254339721317
1686172469.3527613 2.845433430274893 0.29234510898590094 0.022185699213891574
1686172469.3952408 2.852074772600041 0.2926489138603211 0.021575111523073787
1686172469.438736 2.859035799895443 0.29293793678283697 0.021359603872284305
1686172469.4771733 2.8659464125520326 0.2932123267650605 0.020534396918416853
1686172469.5188005 2.873364697366992 0.29334581136703497 0.02061713117431374
1686172469.5613077 2.881010889430597 0.29339891910552984 0.020806160271234386
1686172469.6054785 2.888888380820509 0.2936252677440644 0.020985995610151242
1686172469.6810822 2.896109796293061 0.29328045487403875 0.020132298489698774
1686172469.7545743 2.9039241279310657 0.2930200123786927 0.01969475458936909
1686172469.8045359 2.912173067228456 0.292319747209549 0.019807717161265392
1686172469.8528042 2.9203786224995802 0.29189580917358404 0.019738158094537495
1686172469.9085839 2.9289847582212185 0.29148963332176214 0.018924153843749236
1686172469.9510367 2.937061365728236 0.2911615991592408 0.017118996050702995
1686172469.9858294 2.944921626243049 0.29001072287559515 0.017080259302462153
1686172470.021745 2.9533880381878777 0.2892164611816407 0.016272511823857805
1686172470.0602288 2.960704335292637 0.2888478064537049 0.015507233020409794
1686172470.098832 2.968835158433867 0.2886162424087525 0.013954366802947593
1686172470.1414394 2.9769532044821734 0.28801301360130316 0.013162487509116527
1686172470.1831317 2.9845767296091723 0.28654307365417486 0.013155708671187094
1686172470.2221227 2.9916055253551095 0.2850125455856324 0.013246046598311523
1686172470.258957 3.0021312987366136 0.2831130945682526 0.012849536618950275
1686172470.2946117 3.012653369624566 0.2819891297817231 0.013304583306363638
1686172470.335299 3.0207421756795965 0.28148567914962774 0.014342080158200377
1686172470.3748522 3.029005291186452 0.28118849039077765 0.015979720904953476
1686172470.4263155 3.0369526825868105 0.28043136239051825 0.017457974054823078
1686172470.4642067 3.044882727925094 0.2793187820911408 0.018624549757279896
1686172470.5098016 3.0534770408150336 0.2776112580299378 0.019816608243165
1686172470.5508628 3.0611621962794544 0.2756045782566071 0.020557948978337626
1686172470.5917616 3.0698425368451763 0.2745241248607636 0.021881787267672204
1686172470.6271858 3.077656153318852 0.27411037921905523 0.022608191247486698
1686172470.6642852 3.084697786719762 0.27354014158248907 0.02348669868905584
1686172470.7063422 3.091564794496588 0.2718167626857758 0.02406714266741372
1686172470.7428052 3.0993827483826077 0.27099851012229925 0.024420649163604535
1686172470.7971437 3.1066182967736693 0.26912433147430426 0.024558215109373283
1686172470.8336906 3.1131720432851484 0.26771885395050055 0.023446474078268942
1686172470.8734844 3.1198270540118527 0.2675144994258881 0.022829886304049696
1686172470.9130952 3.126592646642563 0.2669366025924683 0.02225034286974914
1686172470.9508264 3.13349032174396 0.26627072930336004 0.021321124075152742
1686172471.0136733 3.1388385743877376 0.2649523043632508 0.01977474995175954
1686172471.058029 3.1457947642075674 0.2647778415679932 0.018501484300473825
1686172471.0966942 3.1524643570939044 0.2644726955890656 0.017521941025353538
1686172471.1361332 3.158492099719917 0.2636691355705262 0.017562065185725784
1686172471.171719 3.164159802781764 0.26265657186508184 0.01732659680200843
1686172471.2060342 3.17009669216841 0.26238820195198065 0.01674938819518923
1686172471.2448502 3.1764878712034292 0.2622626447677613 0.016835032420901896
1686172471.2838044 3.1820912902356504 0.2621535980701447 0.016963493766841475
1686172471.3328846 3.1876172501603195 0.2621090435981751 0.017051316522095128
1686172471.3864758 3.1994707106324256 0.26219392061233526 0.015768646431280953
1686172471.4317975 3.2061111020631676 0.26210242748260504 0.015262927239382496
1686172471.4675026 3.2127960180738397 0.2616314017772675 0.015284255266939661
1686172471.5050502 3.220603311743936 0.26151624560356146 0.015454848586118786
1686172471.5441244 3.2267945886224725 0.2612957084178925 0.015098769829104075
1686172471.583942 3.2329215129600626 0.260734053850174 0.014320880653912127
1686172471.625713 3.239414359375647 0.25966367363929754 0.013653328214628502
1686172471.6697245 3.2481453968081366 0.2591982805728913 0.012952758152804167
1686172471.7074587 3.25405264742396 0.25851074099540716 0.0127722461822799
1686172471.751984 3.260580266795195 0.25775993108749395 0.012502226482992818
1686172471.7904847 3.2680065563670406 0.25753417849540716 0.010917565597350354
1686172471.82603 3.276002513671146 0.2574921572208405 0.009221404388714216
1686172471.862447 3.28279377010999 0.25750443577766424 0.0077760060284448596
1686172471.9049318 3.2899809299701515 0.2580806934833527 0.007683175877468029
1686172471.9436111 3.2979077848228786 0.2590914690494538 0.00698151271925207
1686172472.0024824 3.30507358890057 0.26068580389022833 0.006514021919463042
1686172472.037914 3.313711313631283 0.2610053741931916 0.006361531342870652
1686172472.0863786 3.3222635097642255 0.26204833626747137 0.0063869017738125144
1686172472.1252954 3.3307044400151256 0.2636170113086701 0.00664649540912432
1686172472.1637676 3.3390724561010394 0.26548302412033087 0.007370922236979327
1686172472.2005844 3.348052470775211 0.2666837894916535 0.007867802178215477
1686172472.2379403 3.3564123395188927 0.26821875810623175 0.00896493583429403
1686172472.2788975 3.3649627927322623 0.2692910754680634 0.010675679811380068
1686172472.3184083 3.3734147601340125 0.2697314941883088 0.012074266723065108
1686172472.364685 3.382989532187486 0.27072867989540106 0.013088846709970792
1686172472.4021342 3.3911520303208245 0.2722043120861054 0.013707979736970133
1686172472.439093 3.3989435613574615 0.2730346047878266 0.014141089022172482
1686172472.481586 3.4073116572886675 0.2747140550613404 0.013661789811404867
1686172472.5182657 3.4161699921383604 0.27575198054313665 0.012726247130683266
1686172472.5860825 3.425265197819383 0.2766467952728272 0.011937313568460395
1686172472.6238587 3.4345193167351167 0.27752980828285223 0.011932162263503354
1686172472.66788 3.4436080987132183 0.2792505049705506 0.012154112092028546
1686172472.7102258 3.4518012200737225 0.2810365581512452 0.012466594022842337
1686172472.7479794 3.462107990401134 0.2824451351165772 0.01300229528010255
1686172472.7866452 3.4703547093518794 0.28362453222274786 0.013970588800089834
1686172472.8234818 3.4793797933674764 0.2852856838703156 0.014492282836452652
1686172472.8597972 3.4871674695922237 0.2872231030464173 0.014716202562878866
1686172472.9034977 3.49530346563771 0.28793218970298773 0.015030122749773112
1686172472.938689 3.503585132329766 0.28954303503036505 0.013768758769403089
1686172472.9758627 3.510111186547568 0.2926639342308045 0.012342196661737415
1686172473.01027 3.518392502306681 0.2937972271442414 0.01221842056937672
1686172473.0467772 3.526412341967624 0.2949920320510865 0.011838665307303264
1686172473.09051 3.5337749719011153 0.2959768497943879 0.011349632735520698
1686172473.1283393 3.5418722593555048 0.29741999745368963 0.010137766463726994
1686172473.170224 3.5489194799692956 0.2983348393440247 0.00850513221489213
1686172473.2082613 3.5549421352807933 0.29869854688644415 0.0076260610404448315
1686172473.2540977 3.5621541240302284 0.298971655368805 0.0077049172454450865
1686172473.2912571 3.5692071784928903 0.2991486215591431 0.007076737627254248
