5.370472997687937 0.29408033818138624 0.2796193931048616 7.496457978321082 1.0994641714847684 0.5658332968064584
5.27249138278009 0.294600124911207 0.2667988389161977 7.7759967574066415 1.1421994040887797 0.5793489478121053
5.454652769860832 0.320132357124458 0.17443285057568647 8.389053452401253 1.189202782166433 0.5743505025330491
5.54115531136831 0.2930194324691212 0.2558143149817165 7.7541159709643495 1.1565602672156374 0.5591851882209102
5.615774464120587 0.293908918973415 0.20639066737577605 8.0892825542494 1.2193611224716743 0.5629755122512883
5.668328878533758 0.28424749825822765 0.11671611695627226 8.449020763304857 1.234418997845215 0.5259038628176997
5.40466709117265 0.31451731556839735 0.3624289327252799 7.215960088069595 1.0340123418679021 0.5711565556150159
5.635251514102457 0.2817891575209507 0.18434196412900383 7.996861651755783 1.2505092223722538 0.5338139838419833
5.590423383382016 0.3036645947875589 0.23127292165815572 7.977852222577251 1.135808318789041 0.5690255149138517
5.65357022087794 0.3288295802258623 0.30480599276683873 7.598499633668654 1.0549607403271313 0.5565581093356085
5.677043641650046 0.2924254489861483 0.22312954291877207 8.022196480489038 1.1812513224485575 0.5305723105440943
5.6910218271339295 0.3199356167359546 0.23729063030908915 7.912727932449005 1.129043036493891 0.5536811704076405
5.467730633016525 0.28409111259484804 0.18592770530882685 8.038410433357305 1.2126611921268469 0.5447761397204292
5.592033837566794 0.2917897228687463 0.3443916665386615 7.341032989679523 1.0539413607308963 0.5568828101653611
5.467689614779589 0.2831556795349672 0.10535394550778454 8.662887104825694 1.2782033846863574 0.5540703266806746
5.524462117835644 0.2916455662728529 0.20925329716133922 8.188952822590343 1.1143360087240377 0.5306654934711261
5.3236805265440745 0.2868336152552612 0.15855723431993263 8.491856955422225 1.200416541831614 0.5750764361767711
5.376236963678041 0.2866205643482146 0.04054207158581269 9.213361707846525 1.17041630192329 0.5600367586195738 7.4176984122545555 -2.6660035964176734 3.0686514204790454 10.995869754877722 -1.5528379610772303 4.0138430952753446
5.480049955822865 0.286513360643708 0.1462921092272571 8.412215813275775 1.2513358881637442 0.5781074442732032
5.597448262003495 0.2891098294252834 0.20987776138313508 8.186646759001949 1.1561176243646472 0.5421257864803974
5.646862764261681 0.28344600242266016 0.2575892602677312 7.888193142688624 1.1515836492811513 0.545071715456628
5.649491401142324 0.3203188592047668 0.22227034563493886 7.816935796853571 1.117197668515358 0.5492356306418829
5.6170603460568875 0.3272551722222424 0.16165037520006686 8.40326924700778 1.1548167923242618 0.5512480035525009
5.498435921934616 0.2918128009688492 0.2893861187475315 7.630359818875145 1.1385329670588327 0.5652756366674921
5.575127701107541 0.28789608495032615 0.27847509418172933 7.651417663388525 1.1353886446771577 0.5729592421107984
5.104146820205864 0.28279367993587196 0.2854086837293204 7.700562358322372 1.1097480807808415 0.6308741989012164
5.637108592153844 0.3276422990482793 0.23175603168690184 7.699333415976593 1.0819291797947947 0.534777094519868
5.529188151620359 0.32685174431949815 0.24188028880668866 7.988469409929408 1.0420892783205238 0.5551842820939865
5.669311150587754 0.28526853197013313 0.0929382704583801 8.670518697926067 1.2890519566767704 0.5631592899740743
5.402155241338133 0.3162414492147397 0.22674921850186558 8.020696926463874 1.1563549319333775 0.5461420551528597
5.644580258316664 0.29797166407564885 0.12331321784374216 8.70757858317543 1.169924376162769 0.5499389868791731
5.566591784343838 0.3219185033671208 0.13621090340270103 8.422406800954313 1.2541528668449216 0.5558064734151325
5.423108631655643 0.28402644376102715 0.24153364001062427 7.916735908242348 1.1072762527855078 0.5650601172815621
5.460473917439593 0.3192482353988354 0.13563022627004528 8.63316092549063 1.2161276978199036 0.5370872911957307 7.22323863130779 -2.4282615345973224 0.8280759882615996 11.289828826485415 -1.8925239101798002 1.187854716636541
5.320309420318799 0.2923777398805827 0.29995887171780145 7.628917743985812 1.1458997842239944 0.5756527121535784
5.4418500469677795 0.2897758031820067 0.1295862638692553 8.548306925921878 1.2580559120468027 0.5701122846580445
5.427962707953943 0.28519780357235924 0.21014672377947652 8.110762817647123 1.1771033863399136 0.5728203574043814
5.419606348567113 0.28756436529147433 0.18701921420574252 8.24672910606835 1.0818071164391059 0.5563939671858853
5.586201694017412 0.28512558484907125 0.27385467399335184 7.77161873801829 1.1189873680826283 0.5771879163198455
5.652507359573074 0.2877025321505895 0.17312803955278877 8.369945998489477 1.0790443321807455 0.5575581356448487
5.6544697217916235 0.28689253030076434 0.2788808591305758 7.760875236857076 1.0914544193018691 0.5611702192933823
5.3594960647654295 0.2875142874912612 0.05816384696090804 8.897197558250484 1.2402567522281145 0.5767665958015673
5.47601334648987 0.29794220796699633 0.2544562791683036 7.53892420458144 1.132445740090112 0.5482454210020307
5.374321893877217 0.2738757655024529 0.13163386349007755 8.587685818011826 1.1722742393612864 0.5729738786740504
5.56825679086034 0.28714707916953597 0.10471345598139536 8.838285893147342 1.184556985803251 0.5406995207578371
5.519483464448024 0.29255571938879477 0.2627064113231532 7.840882268192532 1.0797544613098753 0.5513876453568594
5.434222093439667 0.27976811677217484 0.36072185144011604 7.20029793972709 1.082705594599247 0.5798088252761172
5.588090657513573 0.3137815820352739 0.25789505581211025 7.819919641638376 1.0633615159691197 0.5591243131763304
5.411050845317099 0.2912670708125693 0.22642228491814254 7.739011802285162 1.1905990438173475 0.5848019863105406
5.5960876604458525 0.29112224714283064 0.2554136633273323 7.714403290632981 1.0752759798497271 0.5523812634136551
5.1404439375863245 0.3257223442196846 0.14151211639260142 8.607904759735515 1.1198214665055275 0.6093355954681942
5.486480262337833 0.31892990405501237 0.2887194404986748 7.252212592382861 1.0799815515733526 0.546605244069926 7.548731042932765 -2.4812247774846483 0.8477722151091875 11.253955019663445 -2.109055708903402 1.176811710008226
5.497179670914428 0.3173295344799539 0.2526163429139181 7.149043432882898 1.076705492955335 0.5835023839129536
5.575568712457542 0.29089633747935295 0.30932054242585005 7.425148050008108 1.0672948472201824 0.5550803330866356
5.555339362118611 0.3165025678823383 0.24370275905928773 7.917449050249978 1.077946520519488 0.5589137904216417
5.47684456661079 0.28550579734501835 0.1876280131465191 8.32614183171995 1.221247203502245 0.5561735439185593
5.3681358050196755 0.27771789817825954 0.13565027788093165 8.499629808119343 1.1557834681747063 0.5994471979806931
5.282363140187406 0.3153421565099999 0.3051096440552514 7.612205454790491 1.0667424962183922 0.5691223595675479
5.541993279117415 0.3204558430660463 0.2956673764897062 7.59906804509215 1.0936429844058244 0.5692209351862054
5.555833237089618 0.29460785165429115 0.26656716254168566 7.7755331693672085 1.0731402225792408 0.5507636468440062
5.499453448757398 0.28423713906743553 0.35979695862877437 7.19319636711787 1.0493636370201171 0.5612729184587053
5.713166451122591 0.2870849519968033 0.20317421036570305 8.160194296954252 1.1668558567762375 0.5269908705191761
5.311554592357401 0.280162215646517 0.1259814466068665 8.649949065896395 1.1481463247900145 0.6040702213580927
5.465083784249686 0.3220106287285394 0.2603412702476897 7.880162576921023 1.1001330101886706 0.563697981216637
5.4348092316302905 0.2860572896897793 0.25074561706332066 7.9395211866662 1.0822366140782833 0.5718670181545689
5.437782044663156 0.29716004493503695 0.24141708792357575 7.931510797672205 1.1547106414122754 0.5311528454830066
5.419112048780393 0.27988772622702496 0.18245204059632392 8.286118433737565 1.1217630042249305 0.5668218449685791
5.626508149281613 0.2997462635339413 0.3271144005252411 7.3277304435844215 1.0579169267860817 0.5380380756004746
5.3698437771814 0.2785716845978695 0.28312289600236573 7.743372587337145 1.0777873169165242 0.5556316339305514
5.411512695920594 0.320652963329266 0.036779181988826126 9.245970156031639 1.2752651232299814 0.5629420560604439
5.60272135558265 0.28714056052689435 0.29279315469552425 7.617897964735928 1.104110615676861 0.5836227835692803
5.46915421132154 0.29473917186260223 0.19245197590169005 8.058389148681758 1.1804136037826538 0.568022158872735
5.500700981986953 0.3202572353184223 0.26396377583817054 7.821032743791468 1.0756727941334248 0.5488935907587575
4.9850698786077565 0.2953234240412712 0.1881758884392759 8.33438928796276 1.1565141454339027 0.6386066830269904
5.524729760189761 0.28921980410814285 0.3408457988955984 7.304253424009345 1.029661975800991 0.5889481836096341
5.663226585592304 0.28723006322979927 0.2817846597628899 7.756084826152344 1.0933361537754536 0.5706535624967828
5.6689000633507245 0.28583913837679636 0.2655192323853339 7.85606220440448 1.1203919671366451 0.5412296770229914 7.337403658938175 -2.4619216046102452 0.8639493402942245 11.372999214373584 -2.007708807199202 1.197209940457274
5.646518182645791 0.32098516076803213 0.30443763824264036 7.619796171357745 1.0613311156630518 0.5726529303234859
5.543198928559015 0.28136427997972807 0.15922462303460505 8.510799899170813 1.1315712588629772 0.562601108348566 7.301950547466827 -2.6641525671923927 3.059120063832076 11.184683668132546 -1.5127952671004234 3.914842511484788
5.770063055703968 0.2885853834450245 0.24014585255939092 7.941677464516687 1.0730304159224033 0.531561909819271 7.520318421923465 -2.5185428224503994 0.818483918807094 11.387595074759261 -2.1013560853898525 1.1669069969056673
5.676464802642 0.2818187693658929 0.2854997331518043 7.739015562362532 1.088911103915897 0.5633655404490743
5.614224913958036 0.2884865961968899 0.015178346445483548 9.391668658975936 1.178410779684782 0.5569654955302916
5.457654500206956 0.29645246267318726 0.15379526207559135 8.502427802488917 1.1557471305131912 0.5467536834692419
5.618050349900778 0.27962519228458405 0.28131535096582194 7.754122847136154 1.1266732662916181 0.5648984080078296
5.665535606592571 0.2861525850736803 0.13343557629494862 8.592622995000271 1.151822277682525 0.5482289364612221
5.452166809523725 0.2893841564655304 0.30167198733301626 7.599494512230889 1.062545508146286 0.5875976520948658
5.462519173993991 0.31887845938543813 0.2136046916186649 7.914608668376319 1.2391950845663278 0.5604428239846322
5.515059364024678 0.30379065047954845 0.3088277721276673 7.545783135959801 1.0925302423660348 0.5554587310106796
5.720588815920644 0.28239069506525993 0.006455168718339621 9.284898853286567 1.3753740303218365 0.5438543575074111
5.602236228369155 0.31667590141296387 0.1416858656059472 8.618883437473551 1.2110131084918976 0.5705687480888908
5.5322020161546765 0.32293972745537763 0.1844468402004047 8.36049091315012 1.0901734270155432 0.535816641459502
5.525892758423212 0.286990474755063 0.3378707558320946 7.420503743911124 1.0111513585108627 0.5625875785950065
5.327826046372891 0.2864333502948284 0.2878703412770076 7.727151789595779 1.091172467917204 0.6238962723417727
5.686687221978879 0.29099253565073013 0.14954107949735773 8.467623713277453 1.2151658460497856 0.5409097153410918
5.666269742922453 0.29218847677111626 0.22577509475653446 7.990006762868765 1.1226606778800488 0.5510109146143647
5.394993917876717 0.2826582752168179 0.24161392847298724 8.007707573937118 1.1420678012073042 0.5950947094712798


5.447092344562397 -0.08608307346366359 -0.7081101887146688 8.265864611510235 0.6827383558713439 0.016247535371975763
7.697116849539581 -2.486134827895343 0.3301924778572969 11.354642289835494 -2.1146915572737184 0.9124598874375232
6.747618325916422 -5.9974483472093665 3.7239954765716856 7.69758859842021 -5.163537316822744 4.322393946310427

5.762787540412434 -0.02843954185285069 -0.22484893297772057 6.554402961422192 0.6904938675020804 -0.00019343712728359108
6.009149496511286 0.07163295078917675 -0.2996167429598797 6.761365139300351 0.8114018220098638 -0.06857174694482149 8.541033057131884 -2.6586041467821584 -0.04068381190053216 13.07437719239276 -2.113267941651562 0.978217704616895
6.281742348240282 -3.7307416143734002 0.5122155212124955 6.785739751654491 -3.020881691679936 0.6989465278197454
13.548648680686979 1.1816711649247804 -1.0225725719090892 14.890306794994032 2.0439300224904144 -0.5208145814590184 13.938715015655626 2.0959199392761483 1.813110615578406 17.086335744600053 3.5074948914808948 2.2635832616507727
13.662023924870738 1.3095823692107498 -1.0881774912630107 15.303949639158189 2.228315593743667 -0.5269782048731657
14.01551420448115 0.9304335326186102 -1.0211072231222644 15.913058480520883 1.637843158366616 -0.5426358580451449 15.645132042323498 1.373632219159317 -0.9471940296691361 16.929272604361014 2.1531225841759736 -0.4858978016190547 14.085352057142181 1.6593208346677177 1.7569564930796493 19.98173060719312 3.929720182266019 2.5153483326346215

13.664418010339421 0.6718644519072445 -0.693545277130875 14.496862473171507 1.3915253078740504 -0.35987165629537876 13.4930278652482 -2.0125288119571154 -0.8980246432388106 17.0318018349436 -1.707107214907757 0.1155793975526771
13.578061926067608 -0.06970627918739636 -1.2895310924627332 16.3221694579294 1.1533270468069143 -0.15545122525699218 16.453467620557962 0.41851381075866056 -0.5460404341780047 17.986691181166435 1.0517479445973197 -0.293475582855395
16.16593781200093 0.7703751243133314 -0.7741643136227969 17.417075022515583 1.5985699504413158 -0.3596255745107695 13.116045274217461 0.14854397043359424 -0.8052440620980112 14.33962317853815 0.8274252970221772 -0.2338739776376817
16.352131570037635 0.691188169856052 -0.9731771995558351 17.72958996523179 1.5304316354668095 -0.3951690976929636 17.23832116282261 0.008236079130775842 -0.949940855499241 18.790493382171103 0.7157645058349396 -0.486494167476887
16.405903580301633 0.6485007051936809 -1.0122321917419481 17.713674716103608 1.632197263177178 -0.44019447629773745 13.029281901412384 0.11155162364492743 -0.6451463356044349 13.877097502151772 0.7820341639090884 -0.25210387801806
16.01547797996855 0.6050053822411834 -0.8470731745061668 17.748268342756035 1.5999386663022386 -0.31312542243807306 13.029032586143252 0.10295828232264292 -0.5442694596085342 13.706269158652894 0.7505333075286369 -0.24627948684620637
16.021072647345534 0.6057272622505896 -0.9527554802726979 17.553399276645333 1.4611170708048777 -0.31640714990126373
16.222096720281222 0.6788564859868 -0.8737022976310911 17.454734093840404 1.5148959974163185 -0.3588400514268415 12.950922099220477 0.12085105494360038 -0.5062440989259018 13.619330419449351 0.7358630676618856 -0.23539735061271339 15.117162487666478 -0.21574571409336207 -0.7073778965232504 17.94896175800255 0.5158385174619622 0.037368867463887234
16.0504561301846 0.6436089304674617 -0.7933734505709711 17.226396996178547 1.4878231702558375 -0.347057873133118 13.008136828703968 0.13754059610208347 -0.607790077867195 13.827650043582013 0.7358104255445699 -0.2492712514149007

16.2920027170112 0.6770709738152254 -0.8496096630443684 17.568380512875322 1.5465444492416855 -0.40409981956575103 16.113935416806257 -4.85176727347624 3.4405773488145486 18.22566680037534 -3.580903290380888 4.0173541011376654
