6.575304394767384 0.2512766532599926 -0.5710805787129227 10.831098936507205 1.5483625195920467 0.22867495924032033
6.064278503202045 0.17819722018008735 -1.3660556597403275 15.677710181055238 1.4885428034434058 0.32160105727540045
0.6585909943315785 -0.5670825876295567 1.802631522933405 0.7683482525233649 -0.4917965568602085 1.837166923783848
6.669680130519572 0.17987366614936648 -0.9035437243710942 13.183225375490721 1.3939826132940243 0.1666013498504897
6.244237117833047 0.15739280357956886 -0.333150563918972 9.735164762048546 1.3980291523039339 0.3030501845621296

6.223117430080954 0.16407972946763036 -1.0440265854459274 12.654434672453366 1.759652759879827 0.37149689040599254
6.370827443001785 0.18309152871370318 -1.0513524304733646 13.986904717230548 1.8688617721199994 0.17601982529138338
5.734868121240189 0.1693989709019661 -0.9330722875575197 12.847285711680762 1.7475690096616745 0.43886735988717174
15.04109127862194 -13.05901225283742 6.121608351940719 17.98894771803016 -10.924153167754412 7.1082146376142745
7.020905376058396 0.19262033700942996 -1.310029549488056 15.251554783599765 2.0403438657522206 0.20018348086849413


6.577779463937933 0.16535382345318794 -0.4808633683352048 10.82730476433375 1.2842608876526354 0.2539136808651563

0.6308247020475207 -4.563905730843542 1.7970566329709132 5.9752702091508185 -0.4658406525850294 3.4924571399497326 6.5348150214974385 0.1690587475895881 -0.7301093624855759 10.964012871112585 1.5502548068761821 0.27012857448498484
6.7994999018793845 0.20543836429715154 -0.42097895930666906 9.94128525722076 1.4155081398785112 0.1907116165385656
12.58969818237571 -14.144825571509871 5.493013217140097 19.51941463337532 -9.370981964405608 7.490659040415395 14.814017591117688 -14.144825571509871 6.195721609225302 19.51941463337532 -10.886794640807562 7.490659040415395
5.594049431485647 -4.389105096244869 3.3213545420674526 5.736386281435706 -4.288021520904108 3.365299686139166


6.36564368688948 0.21774502251329722 -0.6639992118312414 11.804626470488627 1.462112890797482 0.34310629890410516
5.673745092807391 0.21670761920818035 -1.09881763945467 13.768921744815222 1.4275445919562482 0.3968861744385592 8.316163428476582 -8.013571230243477 4.217280207491086 10.622742065755064 -6.104594703225543 4.992191438513283
6.8604247518065735 0.24556300743890425 -0.9585301516556828 12.227200992190939 1.7536664617567468 0.212586142072555 4.6930777756949125 -6.159210054793211 2.7852182795122262 7.625245000494055 -3.9328175869946556 3.6512155273174653
5.883973245967617 0.19870491851785752 -1.0847591587105616 12.882371250922708 1.8442229679967443 0.43066876505743923 4.936125357212494 -6.2345184880534115 2.8673897185466206 7.9180410810252715 -3.885283879037986 3.7867402205479763 4.936125357212494 -6.2345184880534115 2.8673897185466206 7.9180410810252715 -3.885283879037986 3.7867402205479763
5.937032876183512 0.19963354599469482 -1.5322969173276433 15.790249790813942 1.929613274984832 0.39833038616475425 4.340007298932824 -6.85572995709709 2.8711276158124424 8.542331367940074 -3.4348364413141352 3.8485624706486496
4.822079573722301 -6.757442550132392 2.869072274125341 8.606982112059349 -3.8615675943287107 3.885463065765387 6.686324639789064 1.857512440663505 2.9242038929544627 14.85857596421218 3.6940383612756866 4.351995674914422
3.89171707839774 -6.887758676446641 2.739225423474405 8.657998566970711 -3.0901855154574736 4.215753822431482 6.810989945961947 1.6761030053959558 2.9769346535904866 20.155912348513322 5.152445125238446 5.31278645432193
2.975180624463079 -6.302673697143888 2.392431111060539 7.944977627213224 -2.1903635317818275 3.7468343489965417 7.332613623769687 -5.54045122005289 3.720564381898655 7.589114175426459 -5.363100307292073 3.7884873049650616
1.2014064622431395 -6.345355756570824 1.8248758924655066 8.084764908262526 -0.6134511892042905 3.747028472490665


4.096623583376978 -6.775342266837599 2.7658552070084568 8.455635181576785 -3.1628989098540337 3.822307090171642 7.046492763816028 -5.676601092793513 3.7095648772409913 7.5128712396625215 -5.1914633047979715 3.9278246790119056 5.999441344406603 0.15559343958669436 -1.0254876710532415 11.910710505542662 1.842151145313146 0.3086539233702119
3.6918506340322548 -6.591995279316397 2.6172988067475544 8.408063753408818 -2.719998121034897 3.8578370591079847
2.468362194438515 -6.5631931305405695 2.1888425865765475 8.313018965111144 -1.5343134004528063 3.830322176185975
3.1207634900015955 -6.740331888840298 2.411785012872962 8.227968197689037 -2.1322812310268766 3.926840312733831
4.471062544414561 -7.3241799786068045 2.793521938126175 9.210096125857069 -3.3538120718103857 4.496845535408863 4.471062544414561 -7.588203178089861 2.793521938126175 9.59969133813588 -3.3538120718103857 4.628755413962322
5.526969587365873 -7.097900878816038 3.1554720171206903 8.68440355817141 -4.182453599862305 4.28644373188733
5.704131366654043 -6.932531420386416 3.1960183547048984 8.518956858623701 -4.303163748352808 4.015075282818796
6.523223679998214 -8.844507575958339 3.373231695189328 10.620934814804347 -4.985131308774853 4.500124745168048 6.6012926977387245 -6.674163268420443 3.470382879903993 8.502950629659841 -5.054287290817064 4.295490034076352
6.720460070587513 -7.6371303099702175 3.4521286217910427 9.404488726775057 -5.151484721233249 4.236106361729145
6.382855350313557 -18.260152786401914 3.4652685970379196 21.47575839103492 -4.625864022889581 9.184919242939904
5.574825391411061 0.1925839172945601 -0.5730488913283005 9.215484555331335 1.4783504163015482 0.4377863892106184







14.731598293328217 -12.203867946856807 6.460088656450368 14.731598293328217 -12.203867946856807 6.460088656450368





14.580019712992652 -14.489820336426801 6.580631706700045 16.927017660748156 -12.297358802955738 7.510562437795702


13.087402049011416 -12.002187597771181 5.897046264090201 14.333442238434625 -10.785648742572286 6.415705777049434











15.958816547044533 -16.26447991002284 7.024338532068142 19.205884704233956 -13.416919025221535 8.13053325641982





5.670903384030842 -4.056461975161017 3.2057877107148087 5.690257845160866 -4.026203900575679 3.216121613411503
6.259866432326919 -4.573971042211609 3.4235306968252246 6.259866432326919 -4.573971042211609 3.4235306968252246
15.1979216562019 -18.123295561493748 6.750076692761173 20.89450070867441 -12.80874337323722 9.204751557957106
6.215448507631916 -5.3065179972945415 3.4001105367108098 7.031030881809883 -4.513495119669985 3.733977696349639



7.278479197977967 -2.356164034334161 0.8255848137153958 11.302886032075538 -1.9500916558745078 1.24491617172233

6.04351893361399 -5.163141788040439 3.340568339101015 6.830147096030531 -4.359568543605068 3.694716147083635








18.800967549049123 -18.351565084460354 8.232480990518898 21.128768266757262 -16.28648965681601 9.101478696997503













4.488028409674967 0.15252518758914652 -0.09668838791665157 7.725931954386804 1.000263099182316 0.6442388891990372
4.380577504350191 0.16865680717563136 -0.2068990090246583 7.8639370182986905 1.174262362231648 0.6835774781727811
4.614534052017337 0.07979758689296551 -0.2171359541314788 7.900777175759905 1.189711007364467 0.6668855296733368

4.8204883189106145 0.15572044024561973 -0.3893451234137606 8.455805029125674 1.3257444430833694 0.6581958483765016
16.234056239542134 -14.207615577542834 7.106899200684863 16.70542883878027 -13.756553510437247 7.299571900938318



7.400859489920407 -5.458201874413096 3.7948976183117256 7.402630280322476 -5.439803202017234 3.7956300396116145







20.963411976892782 -18.289551351545395 8.73966105780535 21.29956352839357 -17.96625954236042 8.887864031267965

6.616250816517749 -5.4039279206709825 3.581536056341314 7.096631190336631 -4.9213468826748175 3.7904265331926066


13.699786603089754 -12.775832227324154 6.137202116941199 15.143130575421356 -11.405457011848306 6.745755399463846


7.390638420388518 -2.41133973586948 0.8919331373921522 10.833060476878737 -1.9652445082927148 1.228759607476523








2.656369499125373 -1.4676241572809758 2.2304370604710657 2.6977019309535333 -1.4046126353621877 2.2462875362405854 7.301857318160588 -2.4634381366713933 0.9056080879615553 11.27329866607176 -1.6678345094307465 1.2193533065400268 6.911690846840237 -6.360375683398131 2.896489884304679 21.262360053606134 -1.5976391331021373 6.983910935737858
5.782977080063629 -13.876297672977644 3.3546442737438755 15.8886342192031 -4.49571407039565 7.164119737242927
2.7519268528877263 -6.9061264301620175 2.3557386462945296 8.437671960719124 -1.8584639120323092 4.251053292567945
2.6801755008424055 -5.846160312507478 2.3820686582955606 7.352766847829002 -1.9027471697036646 3.832746824257378 8.565943694493363 -9.645796666248089 4.282681655613525 12.278400469653702 -6.522489192188324 5.605662221659214 5.463236371454074 0.44763107052659645 -1.3565005659519254 13.156120380660557 1.9010042829477545 0.3737992771099661 8.565943694493363 -9.54112562688049 4.282681655613525 12.215641597999912 -6.522489192188324 5.605662221659214
6.978730890308721 -5.305046623798502 3.6537630903348735 7.224895691424907 -5.096901590075827 3.7342568489194568
3.777699931019835 0.22010029764040426 -0.9437051496581859 13.166286367885355 1.5402904295474822 0.8694237575712558
-0.11750762164592743 -0.765479442659178 1.0531861986716047 0.9408552634391889 0.2781390845775604 1.6726016998291016 7.430793315831438 0.22942723737364246 -0.9301701178910831 13.282831377165884 1.552974863858278 0.14749062246652
6.595825463478274 0.23514196957590686 -0.6797291856331014 11.751577558711029 1.529321630337557 0.3756800364925452
7.815661362897598 -14.241401260572076 3.837680351514623 19.681091797607873 -5.542367729648059 7.352619554523358
6.863747055829397 0.2277775903130012 -0.6859069452988069 12.193838163131991 1.4605136041003586 0.2665768670283877
7.24761208996648 0.2313154425826701 -1.1986925774546608 14.75099682518881 1.6774281648116316 0.15380355883332197
6.667865025490225 0.2295890017914906 -0.8235797987103197 11.836853421056281 1.4921082931965286 0.333190563960329
6.4547234683649455 0.27767832744054777 -1.3833222853495788 15.709991210209639 1.7681207478932006 0.37462933782460506
7.221933151559513 0.2315321697334689 -2.22586548859264 19.361497690608665 2.335625118156263 0.22035850095576026
7.1072120001564985 0.27733298586770494 -1.6116310527586113 16.51801935204014 2.011673213298733 0.2663501249427682


6.704833761427113 0.2325162588927588 -2.1364528997195817 19.03615170674489 2.300980705003104 0.33091510141537217

6.222241596842961 0.23202034700638005 -1.0837356799485085 13.745697186642234 1.7441241261809426 0.4573875918198329
6.593568222661505 0.22960174219263554 -1.3499100687364791 15.41943468930643 1.807850621861779 0.3469540480930906
6.860393404815818 0.20649833156366537 -0.8468170807534756 13.018887944794502 1.2765846687012008 0.29395813725245135
6.7306584911524405 0.22831837354464724 -0.3142494958776567 9.869197497577025 1.2461597644319409 0.2609452110388426
6.270405420015488 0.23402360134183248 -1.2857632569435333 15.56076147521089 1.6493884598771507 0.4118342919909186
5.767985534089527 0.23019002759581456 -0.9353265130789516 13.303185800637078 1.6572750962495792 0.5356053232656404
6.670949925039702 0.22857209047127675 -0.9453583271658776 13.504658103180907 1.3185464227544557 0.3287845895709274
5.763157234109934 0.23249368310726123 -2.073134817845874 19.629500138533377 1.4256139560772914 0.4835201079148781 6.736768557854362 -4.8766108604591025 2.988786369885465 20.101324348293637 -1.6684285948384292 6.179696571060378
7.515829892480214 0.23631313646099897 -0.5561408526122866 11.46972236820358 1.1861387578565987 0.07944017824224558

7.361297786173036 0.22308564436228714 -1.68739071913775 17.730655087112474 1.4668767405928838 0.12764114804128224

7.28041453037509 0.22849257812511822 -2.0106658418089323 18.114892306986494 2.173350425234557 0.15418249565233455 7.433098197748239 -5.128783028779504 3.075520129429205 20.12187521093202 -1.713430565659364 6.2169522596285995
6.749402077703178 0.28081181209384964 -1.889478909476801 16.842417494579948 2.0175035059160678 0.25679863955358395
6.777189122259899 0.28459923880675636 -0.4441968033851533 10.116100101780246 1.3355354418811047 0.2600136570179603
7.883472783414228 -6.61763480047779 4.079238169805235 8.8398296687181 -5.891849732010406 4.357544712110277
4.656482305800436 -5.69968680231327 2.935362373381726 7.466917186539678 -3.7030056384937 3.830749803283914
3.215991218324403 -5.982414704278604 2.5766826266700775 7.847270804614605 -2.3136336951339196 3.6982624961689576
2.3385772737342916 -6.319268897188095 2.302066714530261 8.206533373236653 -1.5395350845553724 3.8582592357751326 5.766199530869376 0.2811340664556588 -0.5541945755878572 10.817261906132387 1.4667482999875576 0.5105294373043341
3.649677043294661 -6.916820168090249 2.6779832477376835 8.537724147208014 -2.6890761909248373 3.7849287422377897 6.849858806059605 0.1454863946703425 -0.562937586488911 10.803024045055148 1.3977609439156136 0.23900458095570398
3.0919216968598233 -6.496961100731869 2.523174816332733 8.027146575603325 -2.087757013516037 3.7271251566017183 7.2838656207911745 -5.290503204214186 3.7262785189110788 7.2838656207911745 -5.290503204214186 3.7262785189110788 6.386820653676318 0.2479638761064695 -1.3711582621032434 14.789761817296323 1.826424163906711 0.35100448635766557
2.661204376285069 -5.630755480201693 2.376499024175062 7.308016986215148 -1.7158534887361574 3.596447510376974 2.661204376285069 -5.824764465102728 2.376499024175062 7.681542404954611 -1.7158534887361574 3.9297977738093244 6.52001218904081 0.2353955445414167 -1.2368827212122477 12.998343681407988 1.766109648621516 0.2296268803785022 5.652120267990908 -5.824764465102728 3.3422809156283737 7.681542404954611 -4.1300115707691045 3.9297977738093244
2.577150336932951 -6.429952229164453 2.3202888358771663 8.225606762641481 -1.5688789106761438 3.786862350212053
5.3267457269215175 -6.8457230529569015 2.996586061599096 8.621347282596496 -3.980817700200575 3.981769114256759
6.478118319387269 -7.024109921835132 3.406642092591876 8.871442323519556 -4.946903673973257 4.317713605976399
5.9262178229414895 -7.217384090422421 3.3323717187337425 8.94269732117508 -4.447469644935463 4.039365620087315


8.19639431594367 -9.325924997632612 4.157135074349476 12.169301575022265 -6.235914244872413 5.3944966584759
6.782183334213704 -5.2068837994612265 3.6095759866342703 7.154123229903358 -4.883589614691302 3.7268998023046156
5.524997139393888 0.189686010927676 -0.943461897741936 12.210184833061476 1.5411715876992438 0.46362064546066484

4.848278924744758 -6.3535758330847925 2.9257075087890696 8.809865330171458 -3.1235424298470447 4.214196947734234
1.7539281424906417 -0.45322989610047115 1.94670159595863 1.8485744023632382 -0.37171577381379517 1.981507027248544


5.411738170390462 0.1802150318520066 -0.34940203160442085 9.072931131733103 1.267466363487267 0.5000079609258246
5.504602645696063 0.16754504013920468 -0.7164743284532777 10.58518323365769 1.4804789199065163 0.5027292657677362









7.035580253894223 -6.474235124631071 2.9299579503521795 21.665805823287254 -1.6840676075225673 6.910411122820142



5.10125271787982 0.18538105313744105 -0.6227792586842673 9.398018809610827 1.4438469545978097 0.6762786202073652


7.144899950412884 -6.68771594974014 2.954803079919949 21.579643800587423 -1.5815233269585054 6.937419641501438










7.441417064825815 -6.928449031194943 2.992862677283285 21.800485958204 -1.6130408126496252 6.994903927898316













5.113397431101797 0.18138666580584992 -1.1897956120949305 11.529660277333685 1.7128507994690712 0.5555797702376355
4.99629828482699 0.1864505431958392 -0.35389320188548545 8.737541350928675 1.2738974859956043 0.7105573515444346

7.0325993969725005 -6.536824053633732 2.915636889224314 21.71653388983278 -1.6904570701629082 6.918008834203849
5.638661175397469 0.2031221054545564 -0.7319582994399374 9.362006190618597 1.397834416655549 0.4672738860501291






6.952616252621891 -6.238311188198471 2.9403497562138643 21.104864492920306 -1.7703783826098731 6.789307010956694

4.789407041164148 0.20709068074674875 -0.5797473378101241 9.246527064390094 1.440110071928242 0.6203802388928359












6.981140727212442 -5.67489913613802 2.9815033067053553 21.415201681450963 -1.7582251267933402 6.368170341706338




















6.884216929860647 -6.181903802008062 2.876144213680715 21.670397270901585 -1.7564022432897128 6.913239085645516



7.051981126587753 -6.170198159239153 2.913190457610784 21.15276789481691 -1.55235244611978 6.828676611072756


6.939838288998035 -6.65806950194489 2.9636628362320447 21.78026826350492 -1.6566415525789437 6.980802957628948





4.724156058528913 0.1964780061363814 -0.03734113576559839 7.772215774026873 1.0135520188549205 0.6855292733364609
4.391305055251015 0.22393930706402873 0.001276216384889839 7.356497086069516 0.9409580669978703 0.8225988172682399
4.563985564205657 0.1817171377237437 0.0013397990408157145 7.486911626268575 1.0938663041214007 0.8902372865686882 6.908387572912726 -6.817883902820639 2.9594712742484046 21.47368405907016 -1.5994030527095817 6.885107813721807
3.726405305345095 -0.7088435308847124 0.5114120339589472 5.317946119039556 -0.2916535012276821 0.914981969362224

3.233544159868987 -1.8610908309940806 0.10378504342439543 4.779589254968004 -1.1230882863497673 0.7692573866328022











6.996274054616751 -6.789678866469579 2.973642772335719 21.75117117039794 -1.6932361302811247 6.935137361764845




























5.041698414495304 0.18691107131869317 -0.6363628743502598 9.902270057581879 1.3676501604808173 0.5493832440194353









4.7492562258963105 -3.455922115862958 0.6571674415087359 7.216642777183493 -1.1016551565304762 1.1462484583310026













6.973457695072418 -7.002322832200176 2.945802702136051 21.68212030763271 -1.500813178244129 6.943461872913587












6.780282452440251 -6.155930285874956 2.921400759831677 21.617464439105174 -1.514995826278018 7.009864215927761








5.5910906652415315 0.20607466494174415 -0.3782629419438144 8.307067797796906 1.2915514808240467 0.47358991315117605
6.90771039686371 -6.719137691613283 2.89723014610278 21.796703722649923 -1.6429809950524288 6.966064298934946
















8.088471940215193 1.9799592848960048 3.2245410055228496 13.78888942459608 3.9007231691957753 4.272416299168321





6.768025215546635 -6.531014932692194 2.9987274320136894 21.783420889450955 -1.518099317573943 7.19556261796357


6.750570869193342 -6.556609336112105 3.0374755358494765 21.795910892434527 -1.5121240111119856 7.2792399269855395






3.2263710587489585 1.9522382754471497 0.5735653082417627 20.291031235491833 17.370471535915108 1.9347422787259487

2.6029137792966273 0.26822971297288933 0.09750099008528901 7.34671325046871 0.4750174882040876 1.3493380390082408




7.027000156152094 -3.6517339392584365 2.9937990120642075 15.719958171584292 -1.6914447963472263 4.949296193762551
1.520249100976859 -3.7640980622460996 0.8464093815088303 7.801152046648363 -0.33489535449004065 1.5543553810575474 6.640018182251737 -4.807959909021272 2.956597228814493 22.54974103746593 -1.393327751734365 5.996071609915585
2.887532955471016 3.218820003249423 -0.06809948414054956 3.7083881115879898 4.285896169239774 0.3857295479152072 1.8229616501905794 0.17387451759896283 -0.00878311115519792 8.802450725428615 0.956217990780396 1.3763211053149877 5.3165939801408 -2.514617803325814 3.048519636807313 7.318982036832706 -1.788013202110722 3.544212515413756
2.5592365895001796 2.7381098387520724 -0.013869351065714186 3.6187312246746384 4.136602064496247 0.6115220664574212 1.2854928052949108 -3.351676113425378 1.8298228504113134 14.976759962388838 -0.19550734306164305 4.520327329910899
2.6105243814620365 2.7562820548083806 -0.4901425770888874 4.3617627996225306 5.395594448733749 0.596463968632521 5.500386856651512 -3.4196513722004944 2.747642293971361 16.983191300922535 -1.4202775636727338 5.063931043171035
6.00661538415296 0.2945715947385043 -0.009061492857331155 9.365395874789833 1.1170478489263855 0.44416744578644973 2.7116699675407125 2.832808550096872 -0.4617752771608874 4.210435160360327 5.225048871522319 0.5679093930996195 6.9093605506283255 -3.678193572874196 2.985090619896289 17.456969351063975 -1.8413584998402972 5.019699800459418
6.693202568851929 0.4037426741338869 -1.695242059414377 18.71591563464589 2.7899529937071073 0.3463772873086881
0.8527921909234945 -3.316069362767996 0.6905692054960433 9.14298273374989 -0.5597826952501112 1.5340296291232485
7.362763756202004 0.4705557556025174 -0.9856496499428982 14.593897154059075 1.5363264796856457 0.25345059847218 3.6216997866189806 4.5583921130808305 0.1116157520430554 15.484047986655854 20.245595991879654 1.1071406215881259

3.900719854070024 4.500652117803071 -1.1485881169898988 15.294737033037505 17.699422804876388 1.1649279459172361
0.6791686873040039 -0.08024507379757972 -1.4757799965696452 18.621686726302308 2.4740245580602314 1.4802538673068977

7.72952131318061 -3.3126295529498435 3.264079546970286 19.686777231274082 -1.5583514235929332 5.081473848369407
5.280109163213687 5.307259239222687 -1.2497844641327753 7.805482658818043 8.195735656748505 -0.17182945951713613
5.3988011046268225 5.170226726955482 -1.3166614263137948 8.355833163186318 8.422151967069787 -0.2439750706600501
4.370896565542393 4.176361696789958 -1.7869239370006493 10.657664323117427 11.059480685320281 0.2320989188450131
4.236477939500749 4.865883571753535 -1.4566954453169774 9.615158800062899 10.448801311890415 0.18698395980245452


4.721890083483347 5.364451600767488 -1.9039400422254054 12.595774999983774 11.952781116890511 0.07093075757636136
4.714181690545489 5.374821512288443 -2.8558716070114993 16.190727228253245 15.131083474758906 0.07566933558095945
3.458448061749939 3.4054979464992647 -2.9105970681235194 16.021167323723212 15.01049819061013 0.4776548604924433 9.600856140822312 -16.087815369836576 5.008199489720022 20.676417735457218 -8.259632684119651 8.934640547613625
4.78092766048222 5.335872982355943 -2.270260559341133 13.649770975298303 12.805769116627399 -0.11989421958591473
5.513979642120137 6.156965625138709 -1.5620635085529773 11.013181876338614 10.550843802408707 -0.13164180548700744
4.351234146994791 5.039185164797219 -2.039997927557866 12.918632429815014 12.418505160609259 0.1450978247569652
3.568979062194935 3.451127268379594 -1.729128355540524 11.436919593844964 10.822253112301961 0.4418273724734747
3.1031062956680735 3.073840448007072 -1.3560894188265 10.01638293620821 9.577557134687629 0.5541673084930201 8.012344003937974 0.854784482308246 -0.9845193523781943 17.92019694065333 2.904839870037151 0.28760732264164024
5.606384885104464 5.866913914281873 -2.45585466754015 13.479961680846486 12.664251807660515 -0.2856190013464417
6.458271356231581 5.92985762454458 -2.529176255093094 14.003659596794604 14.200362723040659 -0.38551820997737174
6.23217689351036 6.0343545009848665 -1.8970140745188266 12.176479217421663 12.100022585912793 -0.4144302145658685
6.199524029827573 6.089051002307981 -2.7096989273482404 14.431476216673113 14.872887376840872 -0.5156516834718867
6.060159315566803 5.72553441799288 -3.6677493239605328 17.55114068606501 16.963133088617777 -0.41247911424176475
5.370246561430555 5.89599351852088 -2.6700647449694834 14.391456399582438 14.889345984912556 -0.4433898986304343
6.2349135506530695 6.131642541677772 -3.2462791403796194 16.853702998565346 15.597823660269873 -0.5752478699623751
5.70039551970718 6.075886213470824 -3.3945105500454353 17.362171142710178 17.55596108943819 -0.49121783100240757
6.741803826766241 6.703226555680257 -3.8669676361840244 17.8710679036741 17.13735425456947 -0.6848106545060109
6.22754620403963 6.450320351554156 -3.4775915891684566 17.198581851679677 17.391933806723927 -0.6716296624451603
6.26070912101868 6.195154387490682 -3.9850675389332206 17.94506190436236 17.637359098937385 -0.4792539271462837
5.943660819407632 5.776044606948963 -1.3218320265613994 9.143188626851186 9.205006464594607 -0.21433631101698447 2.3759475377606427 -5.179815253528746 0.5002869370051788 9.24781806737857 -1.3095019112455977 1.339039650733342
5.691395070439093 5.466692527331519 -1.4304698068910082 9.622635982972628 9.58213943042025 -0.3226117210894346 2.5682211194311884 -5.49147034803246 0.39990494106869257 7.611551066040306 -1.4126443132663735 1.2844846547732742
5.595867311599095 5.590999547997275 -3.0148235488315356 14.322015762427986 13.441696147983373 -0.4014474263687813 8.501042667270012 0.7626215465297901 -1.009489534702528 16.310641761425227 2.6679139601543915 0.15465635920752652
4.843797095651445 4.842164129116746 -0.6964697925636223 7.226931682966958 6.9426718518994335 -0.05836369626744875
10.697131386750439 1.1016386619595147 -1.3773910072507536 18.375763214278802 2.5120114973536363 -0.2620837222409569
3.0265246041765494 -3.680243180757727 0.651226154553296 7.951129661834436 -1.3625951273235035 1.2521546637178311 8.277259385344196 0.654982779733238 -0.6261676356886756 13.564641827342431 2.446860282724419 0.26733073370726435

3.2035977721926177 -6.648891946736689 -0.025771941895271988 9.941461692935132 -1.4543880197586276 1.233469629556543
7.895822589243992 0.6695279838408876 -1.0756693307157676 15.575607947108075 2.9160647006717895 0.35206746774917264
8.914034245492783 0.7066957243665974 -1.6763119064085656 18.439146449632926 3.4890042074165177 0.19247795238942955

7.94278839808029 0.6907982236557467 -0.562707382888946 13.389517274721886 2.397225884865714 0.38659620052505606

8.477117027144535 0.75848587750197 -1.7800085150603353 19.14197507464297 2.276391261388221 0.2018853887520755
1.3128787015873213 -4.850367022147868 0.4866009070041475 7.223850257286125 -0.9468758810602831 1.4921508039830373


7.786636426255502 0.7129868547911742 -0.5037571033251123 12.823105369002597 2.0916918658946444 0.31036253539264913
1.6401108327521763 -4.166545064785014 0.5151746836417601 7.034188751886202 -1.080853803493537 1.4914789880222803
2.50016521740663 -3.3969224274903884 0.7366516855349972 6.293513674092852 -1.470688175477456 1.3052232686512817

3.1949983423544146 -3.1973557666440593 0.7887810216842145 6.137123252142503 -1.51960272996351 1.2301989033083829 8.203713774466005 0.7290457894467799 -0.7900563145148838 14.82179287671568 2.3758836666003793 0.24428662865898954



2.7475620406511987 -4.5972806150898755 0.5569349954713523 6.767273353786713 -1.3898432125495066 1.28940249727767 8.658879904955526 0.7185405145064373 -0.48927833018690503 12.416728083208456 2.144236702305052 0.13426571295691048
1.8277565123324435 -5.248060561603369 0.36567164317483103 7.67828031295474 -1.3891380665877704 1.4000399808583612
8.448179529822742 0.7106075531079785 -1.4708151706079815 18.4506001605993 3.301834362110859 0.14039166041478635 3.002372339233414 -4.829464704602567 0.48297652550658565 7.128050153934259 -1.4687279476367605 1.2379628568046535
9.030391174254206 0.7718749087460148 -1.1268390065522564 16.052830691224614 2.9588415807354878 0.08525558231079389 2.4651471672544982 -3.8839393013698915 0.6912124185506439 6.054725097804888 -1.4468616917201549 1.334599427492435
2.392252143604451 -3.6056938069165105 0.8130428650417761 6.4743561203850994 -1.437445492205538 1.3653462333695074 7.863529401160818 0.7925929077925555 -0.6088418146316559 13.26520521815188 2.3708580237689767 0.24906821546692215
8.934999788473444 0.8705100087346367 -1.04325385324801 15.469857424946923 2.1711005477961147 0.09037428336602726






2.795714000545178 -3.37096541604767 0.7308727885980246 6.530616327440865 -1.4410473820450922 1.296694811648969
8.268983137133263 0.6653851682775743 -0.9731736982232171 14.112384342653291 2.468955104296035 0.24947289469610245

8.131173780243081 0.740317061919058 -0.8143207788542619 13.469410185361346 2.4788208160982874 0.26888966770132616

2.850816459940355 -2.906911563467939 0.8732104637426719 6.216876306811568 -1.428317793254063 1.278457255655789


7.01136854916915 1.7432200633399877 2.698876927183163 13.270563423661356 3.801675543654673 3.9944716217129317 7.5494037713093505 0.7099263496452438 -0.7418124949532041 13.243284738788095 2.465170802109266 0.300054609234349
8.06766679735793 0.731042651610416 -0.6495817067347027 12.510045600825276 2.3183527802841946 0.13270592349223786
6.658545375913899 0.7083361912187502 -0.8462453570284918 13.190202192207094 2.330833659590827 0.4120297375598647
6.718880002076719 0.5488209243781309 -1.558765748334737 16.334177707554993 3.194150396237671 0.449199624282427
7.133591280621758 0.733427249596162 -1.3736948673754203 16.562969338092852 2.0382630489476457 0.31664494255155806
8.452554782838398 0.657887291024229 -0.8687412186505994 13.38863581847831 2.1099053731314066 0.18339745600558888
7.210122020020329 0.6155065810764777 -0.6285600584483753 12.475195177143856 2.3036543351777037 0.2931194032799289
7.800494621454659 0.7282486656175824 -0.6480246496201034 12.820064265905241 2.231399126870652 0.15862048552219354
7.227438640258789 0.6224328696486355 -0.5487115476412221 12.382070402913714 2.0045954201237355 0.33147789696396734
8.14032530457308 0.8339662056465793 -1.3054566032023542 15.9580758806903 2.114634612126103 0.1094331841809959


6.248552045057884 0.7482506485585448 -0.3764110036185353 10.774032700030943 1.8555773642775222 0.5136961502203896

6.957562131488239 0.6953554628792835 -0.45214845092022005 11.919879314642996 2.128472981686894 0.3422695272267857
8.338872646491474 0.7628820059474731 -0.788971517238191 12.903431028993698 2.142373768104611 0.0649467771176595
7.689528582976183 0.6359413232133208 -0.8073746508246282 13.432222443597762 2.4765096596378284 0.21974226133271224
7.779909719437326 0.6506325571468531 -0.3235579661738974 11.346237390838505 1.9309632479773011 0.3168938685510463
4.530020006081278 -5.901307046748986 2.8694768303335074 8.55191422907198 -3.19035924204024 3.941147439230749
5.141125185741486 -5.928470376022736 3.0611363407508256 8.780302893391973 -3.31957513062901 4.103064518298433 4.340624738720802 -6.04638162060776 2.804864367794256 8.94114886280074 -2.974686768370321 4.181162239681254
8.41239046005883 -5.221750894344442 4.0125637088864865 8.41239046005883 -5.221750894344442 4.0125637088864865
5.459847766225231 -6.1617249340618025 3.1019142094946037 9.078221115348711 -3.880873813506859 4.043875837586121
8.794580363941023 2.5831552193595018 3.1500971904528177 16.470535809275574 4.655650277603085 4.851698259188408
7.571840322483794 1.8222023594873624 3.1243644276479285 15.017195601961435 4.082097062860196 4.389799033711655 4.656274118073487 -6.506565656703456 2.9100151404718577 9.403795142868026 -3.2171593262795692 4.115277038850179
8.023672226495016 1.9606160089689793 3.22469292836098 14.102841575042126 4.0718589144157535 4.406503686066497
8.128778378573875 1.935836684621889 3.1982624576893324 14.512402578829047 4.393369487071627 4.42715260018395
5.176476065418846 -6.081034241686 3.0569402189251145 8.990542299302588 -3.5877908283425763 4.15121689965121

4.352573877725339 -5.696857612813377 2.834910689744909 8.472145696089711 -2.9301693393673816 3.9407318629142813

4.996042438100677 -6.784803854844188 2.9913346114926425 9.96832972569004 -3.4901700356212 4.176321840613721
7.435638693792697 -3.805324262648253 2.9398922587965237 21.105711053220436 -1.1835266612290098 5.56603758428632 5.558107731022133 -6.327078351363315 2.8715819153216473 9.264095908925425 -3.761562757455265 3.801036281144407
2.7641619049153765 -6.249275939243467 2.384646563646494 9.005210072920914 -1.5923465101320637 4.104438918896186 8.002768854266524 0.6969309272946337 -1.8371580464468202 18.86853097302778 3.235028974552016 0.225760241494658
5.156413841416167 -6.8914969074110495 3.2398639488033716 9.643471599071564 -3.4743468162840343 4.348566797388788
5.223109312947622 -6.363541864667375 2.8825640263437693 9.499126937928184 -3.5886169441437548 4.0309392987092165

3.6104109395113753 -3.367351897139764 0.6921331657993943 6.768943900726779 -1.5091803718929866 1.2918476377546932 5.141970619205878 -4.10983554193181 0.7254164589941232 9.565512273207803 -1.2154591794571854 1.2150833025024443 7.144309767943422 1.7047031972947577 3.0780057939022627 15.267011984540021 4.157745690919307 4.33878093731313 3.3438820537201543 -3.3971024017116647 0.6837187369955271 7.094447908246455 -1.3575797221977313 1.2918476377546932
3.644575080534172 -6.158561297687279 0.1597629258694866 7.878545135073197 -1.494764758141979 1.2883245399823071 3.644575080534172 -6.533930560811599 0.15902162800634678 8.652392640049861 -1.453712789886097 1.2877043404167523
4.472872045201237 -8.38704253880226 2.87867234316092 11.726873800004903 -2.995820695714535 4.6450169918615245 3.3949231506133204 -5.118614814601691 0.6678600353771555 6.893186187487129 -1.5106327612052577 1.249086801501993
2.885936361445563 -5.747530480303169 2.468857491151774 8.474566431636173 -1.7162482782957997 4.085892289085226 7.840523463414757 -3.9884276153680243 3.405560793440374 21.568558253273686 -1.3150617133630365 6.900653155050899
5.4673695927912265 -6.470148011912902 3.0460373906122697 9.48606824234603 -3.7207989385298954 4.1779356791294475 7.844040747756552 -4.541622343039529 3.252744562966895 20.49673066769146 -1.1118257550897557 6.606854185594948

5.735400415404523 -5.782379622240738 2.9721899662656215 8.625820353017538 -3.9715026817640164 3.866616376993497 7.2570249373875235 0.7060118245399079 -1.1189529992020892 12.534536152092784 2.3053687477177953 0.035027002528334794 7.524475542201512 -5.186723224059417 3.513117852051845 8.532963744932594 -4.516611823387273 3.7537674426352448
3.132914288898503 -6.338611412718614 2.4817341396573207 9.350398782495441 -1.9204810903606024 4.312631606599619
3.125979786850637 -6.038545569536555 2.4822146372906313 8.928674348360136 -1.8897610146691293 4.221328535778024
3.04098967398318 -5.5934342066301035 2.4396506711547215 8.341771550387431 -1.8713455696615948 4.013649766365205
3.2090135321000375 -6.099182083583462 2.498870660487033 9.000369459833 -1.9734907225262277 4.304358143828253
3.0115470118125365 -6.1959498121117855 2.4435881015601995 9.132887959300588 -1.8227637210486425 4.344181261577297
2.7507922174872856 -6.051956296472493 2.3784538457403026 8.949015952555232 -1.6118895202914882 4.0529221692807775
2.993120370028452 -5.534938011639363 2.444687027199282 8.25993825446664 -1.7708363347027622 3.967350174079017
5.052080562029466 -5.569588170096525 2.8765193137863765 8.291966733851579 -3.391476403510298 3.875048587038442 9.050964534767754 -6.849137361893217 4.179374035716076 10.776095000963966 -5.4882104963472695 4.853974213193791
1.7242622535529049 -6.317163595315523 2.0144409764195204 8.939705989867416 -0.8259921095619808 4.37077281525608
5.1957578866517755 -6.265974235125412 2.9940755138594914 9.004165084094103 -3.506373440177421 4.479446345950482
6.090257035201694 -6.234635037283124 3.1798728884870524 9.088673103763046 -4.166056882997085 4.309949168318441

5.3648911057127915 -7.7866128012712625 3.1094900224928304 10.845192995589853 -3.777907821807572 4.378062157161297 5.911349717483684 -7.140685183691246 3.282402926629146 10.383623672342823 -4.064574918590926 4.378062157161297
5.4260481706701995 -7.045946066674176 2.9850547379896524 10.061735526160621 -3.6527512857155195 4.18803056125219 6.983984756793243 0.47545195267094653 -0.6569772798110542 11.375109685411768 2.2120216242958493 0.4921538501777589 5.4260481706701995 -7.045946066674176 2.9850547379896524 10.061735526160621 -3.6527512857155195 4.18803056125219
5.0692408222739775 -6.901376899494419 2.994022112781745 9.423476551639622 -3.572290543891879 4.231297077654984 6.238798699657134 0.5397121375883451 -1.24911035203897 14.307850938399067 2.851112704839387 0.5174435142611105
6.8251854301030574 0.5867278718732134 -0.41451455187028063 11.432519302470713 1.8754183156311015 0.36345053196510735
5.7863846811712545 -7.365593604770911 3.114727648534516 10.436571261328229 -3.8886456223503685 4.307674747410218 5.7863846811712545 -7.365593604770911 3.114727648534516 10.436571261328229 -3.8886456223503685 4.307674747410218 7.328432589364888 0.678696730044226 -1.106535198211446 13.946060487777578 2.768723007352575 0.2832245689199704
4.733810927645347 -6.006497833729648 2.9030312579182738 8.811507715738099 -3.3154125593562633 3.92804338176006 7.298459879762125 1.7740573770248032 3.0387825109180944 12.570043629860278 3.8687608326673466 4.024702956036759 7.915923683226023 0.645158664812363 -1.402705907094954 15.414047715644484 3.0311602948488625 0.20198261089536418
5.437133205877205 -6.106014048042987 2.9833792324333688 9.005355045905207 -3.6944784342799917 4.073231826200029
5.192317706489175 -6.155264865637462 3.061403950406171 9.085004499279366 -3.588933047428092 4.022589148097689

7.4799240313897375 0.5811301197182878 -1.4929891415033305 16.57918255541911 2.4867817518158812 0.3073789370140432 7.924917529643949 -2.0697029587138793 0.9797226349449268 12.498063945407802 -1.5822755485236666 1.3345408267435135






5.517221337562961 -6.475529181753417 3.090988611012388 9.428476210519563 -3.7472844286445515 4.311619600847193

4.9508915229686945 -6.3930730654743355 2.8632955995378646 9.318114351006665 -3.3195766739488617 4.0081783902159245
5.298849258881026 -7.495245971042987 3.016552571638071 10.563917797046622 -3.6948452060861126 4.315618422976534
7.779497187928854 0.7618603252713941 -0.8302094412965784 11.586325421445418 2.34446295604471 -0.0033630569484841555 7.581878639894056 -2.520728575556523 2.9661329658429114 19.866967293358858 -0.94401218619545 5.114189568103283
8.095648626500761 1.8486515849251708 3.2285796594438567 14.391942796453588 3.717077368641876 4.273639814779038 4.886342110221673 -7.27905664553496 3.0452297475876136 10.124527481459303 -3.35509793701056 4.70933658354666
5.172410075813518 -6.518756751662922 3.136300801531351 9.397263109986227 -3.5843736169090015 4.244847158034515
6.970292562751406 0.5778567642369632 -0.9531227518572303 14.00054159693544 1.7107974211532173 0.4277196956951508
7.648272684604079 0.6342829433944264 -1.0854958519403746 13.243416660038953 2.6632888814355176 0.17600975120020235 5.762879337751229 -6.3090432982291675 3.060857327067406 9.292822292213986 -3.9503652520919754 4.230246287529077

6.983407009137476 1.5952781933353917 2.966788962456655 14.662846016033576 4.994814969741472 4.445899752872404 5.417631986504125 -6.857772451661145 3.143896773915489 9.930662204792412 -3.788501518605859 4.537981842278397
5.787138242074427 -7.373697284848767 3.1706419129147774 10.405018805068055 -4.084297701389971 4.279515358204245 6.131421251928027 -7.373697284848767 3.197190070348948 10.405018805068055 -4.084297701389971 4.279515358204245 8.055971875028646 1.9517486107214261 3.1933525946090873 16.096183186891267 4.351211717859515 4.409518408705457
5.532938503025853 -6.608623319954286 3.222506110334331 9.60747266103533 -3.7225572878366218 4.335167093832727
5.978781421772263 -6.120657730325003 3.139199262583716 8.685062424320119 -4.096215938228028 4.16839823913591 7.04382679831583 0.4976954306030509 -0.7237572502341223 11.74838957020014 2.2996223322294846 0.48970007207246935
5.516215420396048 -6.041088729138944 3.029753209052208 8.921063038459339 -3.7495021315129664 3.9679097046857006
7.580652733900791 -4.628609407314767 3.133319807197796 21.491603788072776 -1.3910241950829874 6.625534023431182 5.5976800419486725 -6.371621965820645 3.0671995807393833 9.146012048252251 -3.7617024262421443 4.018666155978673 6.53297126679423 0.5365131122084124 -1.7889484225378522 18.106932850324966 2.450338727850009 0.49551199648168853
5.016949266182187 -5.634183615317787 2.8707008793357973 8.358582554045698 -3.3507539020140573 3.821879643401213
5.648123050538832 -6.088726393968565 3.1988205424007417 8.965294529150807 -3.758953791877761 3.966138669466715
6.895450371592089 0.5208592971248898 -0.6522984842274613 11.537198902058744 2.1098418268175143 0.45407073620248894 5.695616480788194 -6.54957564564248 3.1117299296862324 9.597973019778602 -3.832020755480768 4.148166839640787
5.5941814845926645 -6.083296569608732 3.1643909617475234 8.97349797076595 -3.8247260099693285 3.99151773044065 6.780660410167438 0.5253777029908746 -1.4599592933220782 15.663545535649765 3.1750624262229614 0.4183827058364258

6.177467838518526 -6.5743205358764305 3.2387207618245926 9.51915052375515 -4.189430503360241 4.099442656075715
5.557649862020793 -6.666035881109653 3.2174190343039024 9.705395015543997 -3.739979281208546 4.1449184360857885

6.1119517606222615 -7.981513791836478 3.2450763084276435 11.322313347388045 -4.074024383013727 4.49705052143463


5.134390107038238 -5.445205811157475 2.910400325048769 8.009554940440779 -3.447559144180813 3.786262489196224 7.895013808502183 -1.9997484218550037 0.9984082948213768 12.22823309272887 -1.606358718546796 1.337933332928135
6.011011942296258 -6.8291123808507646 3.227100167366574 9.925455647903691 -4.046597359859376 4.099214752818094

5.458353270793875 -5.835810787587408 3.0371083879508483 8.443427605776757 -3.8724653911518203 4.021871012077872
5.266087596926463 -5.919859893717736 3.0588781002398875 8.67323660568723 -3.6954351527538143 3.854169124488185

4.751290494659475 -6.366129625216267 2.90300323736142 9.391439966176932 -3.328730434829809 4.126929947524523
7.121996286969293 0.5728002786235312 -0.2262373990129305 9.723926362467397 1.854920529857126 0.4643383066311535 5.265721212534529 -6.047083191551184 3.0310679114407195 8.220635223488491 -3.7273552505234098 3.8815769709438723

5.083710932381482 -5.714862588809275 2.874256894261282 8.466634798968357 -3.385560646359666 3.9843116550060595
5.50059696596674 -6.940139195589284 3.152323216740755 10.094226645818454 -3.833189833909285 4.283556769778729 5.251640690736925 -7.041126313739469 3.0915933922142056 10.212960047995287 -3.6922696179221277 4.283556769778729

5.533855083539891 -5.913408723287712 3.013025381792289 8.725976091636323 -3.7384008657764327 4.132281356622107 1.6175946538859673 -5.913408723287712 1.9906712388066399 8.725976091636323 -0.744513966339732 4.132281356622107
5.4759767972732645 -5.37756261795424 2.9808586285317253 8.03197351176733 -3.719221650021432 3.9361540886160395 5.47552085765316 -5.530320039655794 2.974680965907298 8.03197351176733 -3.719221650021432 3.9361540886160395
6.347216150250401 0.4318471314131481 -0.3587379083911464 10.565488740490325 2.033010594544925 0.6157229805776538 5.0887945735629785 -6.363216776306583 3.010272884249752 9.047100342789658 -3.6237164974913054 4.106875225282238
5.175580222800913 -6.7140013373185 3.0567702654835798 9.70370036630424 -3.62629847430989 4.1161593407644474
5.269063206056002 -6.694963778116491 3.0652243971613506 9.741240940650316 -3.726340309538262 4.244004700430413
5.79120959564939 -7.925591285153318 3.0676331989204035 11.397254088404539 -3.9677142419740172 4.5602159748209985
5.886387321270296 -5.911663749210531 3.127570035866658 8.603879568865372 -3.9777647005849603 4.019388831499656 6.791552350286634 0.5273243034722004 -0.6072896445014702 12.281918854239665 1.988473585737304 0.44113001211383374
5.301218601128031 -6.380342177976047 2.9705290099132267 9.131733105730337 -3.5828663901537467 3.9236175784726575

6.368805329548994 -5.924160546055308 3.229558109135376 8.750759917481947 -4.2825499315757805 4.115101967739505


5.435525132744214 -5.364739764684475 2.9863286023055657 7.982094958931149 -3.6759320184366464 3.9538223615966976
4.667169764799727 -6.892622399031862 2.9032622735479086 9.765553479670322 -3.2189296923508524 4.2048293878488


