4.449540970505266 0.26527357826360376 0.22593464067582203 6.120954704451174 0.9422461776710422 0.5003254080255417
4.308970485281544 0.27228062227368355 -0.05543306024646588 7.588270428071222 0.9532914645969867 0.507411911167537
4.405941495981445 0.27266201376914984 0.18553928146168364 6.266474567487305 0.9953185170888903 0.5146647305921139

4.259024642653184 0.2703287824988365 0.3410065434325136 5.453414753938992 0.9255583211779594 0.513002666456966
4.430090117496291 0.22132464870810512 -0.06897622159422179 7.603566977559795 0.9579827450215819 0.4867466628270616

4.2200522912735385 0.2213447727262974 0.12065670427816344 6.611797117887356 0.9878218509256842 0.5025210557339455 5.829286555881887 -5.104568865150214 3.391682914972405 6.899687089176383 -4.158432390540839 3.8536337935001126
4.320355567538394 0.2698589041829109 0.27837280545623866 5.839744262690266 0.9415276125073432 0.5147194263294868
4.030314478164098 0.2384006577347002 0.2240130194874843 6.134357861163152 1.0133660052870486 0.5563570751562614
4.3547687615147685 0.26751427352428436 -0.19672687835413138 8.263684622530805 0.934514969587326 0.5099349015760897
4.3953763705545645 0.26599967852234835 0.24709732226083125 6.024754387826326 0.9535718150436876 0.5257680096790018
4.403484682718719 0.2653919830918312 0.20137568284434426 6.327396447776586 0.9554688706994057 0.5350459155634517
4.194607051814224 0.2721391655504704 0.1139469080056903 6.555581101703656 1.0522703118622305 0.5348638133843637
4.404206769615706 0.2678381614387035 0.1808200940154674 6.4710398074872915 0.9454115144908425 0.5068199736002661

4.278189586308511 0.21854447573423388 -0.33706603866645746 8.813545969052575 0.9650195315480234 0.5151568898533367
4.2956389533228405 0.2681662893604718 0.23664390237749489 6.036891583505275 0.9266417678057378 0.5103375578379918
4.2062015047621 0.22498287217286927 -0.02080659144408603 7.376956351701003 0.943832963738492 0.5262612129196338 5.560441512619125 -4.611696722897337 3.3291667669914538 6.182374505095042 -3.9680615870479183 3.572860361669859
4.315779641387533 0.2660400904715061 0.11667564170763245 6.546515770946946 0.938032779842615 0.4966965392281468
4.441050200905053 0.22388069704174993 0.2979681972975461 5.872742606982171 0.9654483683407306 0.52013503047406
4.48044763591517 0.2726866379380226 0.25661166778580036 6.110535461293224 0.9485975727438926 0.5085395342618242
4.477058596915357 0.26700207963585854 0.24112436375192092 6.011855092181388 0.9379635937511921 0.4916666951449802
4.493088211364609 0.22503407672047615 0.0510337833561183 7.0835863903587315 0.9480059631168842 0.5035477898152338
4.226781681731276 0.27311882156769296 0.2632748251009256 6.077392982354407 0.943720720599653 0.5146003247101458
4.246546162829021 0.26931511590539603 -0.24197038500160817 8.356061455456114 0.9340275461304058 0.5112900922403414
4.393515360649571 0.26579547673463827 -0.1297286773218238 7.726591803020845 0.997253365814686 0.5137600412634726 5.636055881995504 -4.747273616492749 3.3458708317507413 6.415185144318231 -4.004967384040357 3.677818230415538

4.333262433445264 0.2707526014908521 0.1720110616090862 6.467555125647902 0.9436955611905355 0.5285410692450643
4.381316101831458 0.2720597214821936 0.30061803664953834 5.741830614742455 0.9444648008367037 0.5006633819587754 5.736396476852159 -4.8224696298425505 3.3605251294921175 6.344829859620265 -4.070329600364417 3.691080794607433
4.421818236829316 0.2681712483656836 0.36503584276900125 5.262262866420455 0.9243058049888003 0.5080391667545192 5.244430293705147 -4.707909059365921 3.2315269153326147 6.212163100710165 -3.751833565659747 3.6135996279195033
4.244711678539776 0.26432404175522484 0.3428972222888538 5.39110577335013 0.9428635088119903 0.5214422399343128
4.419245629239995 0.2675276945203663 -0.1720250398553851 7.920607218666399 0.9466092797494765 0.4997584157441135
4.38829374024569 0.27024824172258377 0.28051388648238684 5.296821844280979 0.9556059017777443 0.494477282472797
4.350982383124392 0.2641297965683347 0.2802710991790167 5.79499806238541 0.9616922504325282 0.5022805657436302
4.362059824029731 0.2667390582773055 -0.06336918203202058 7.630103507312135 0.9331372094223401 0.5103578785176315 2.704766853476902 -2.4720817428640967 0.2714744469403658 2.9801458536877528 -2.0635966129215593 0.48387065480486524
4.425212815594768 0.2678075410946862 0.2352180538561104 6.04432466014804 0.9673773950676738 0.5279389547492968 5.393067048584222 -4.738997849295351 3.2693804867579237 6.340865354127358 -3.8425260251284725 3.6703840980657776
4.40737104183166 0.26811658300303165 0.23413445453077486 6.0050768032441875 0.9644175159510042 0.5038643946589063
4.379873411460688 0.2699621338918542 0.11227960754790822 6.794856748061345 0.9538551313112094 0.5165405224195427
4.310040087342101 0.2710512910094215 0.3074935530102676 5.708653125953133 0.9385355656682625 0.5137429801402
4.357187993563252 0.2654107531194011 0.11971440721075122 6.712925865778548 0.9897207482108386 0.49341749988175665
4.382798899494026 0.2699682514978061 -0.2673528486201746 8.590206556028182 0.9533155656617907 0.49930865022743154
4.282486965055135 0.26713762474790986 0.24783855280322586 6.151014554185296 0.9271624510940626 0.5004275310013315
4.35957232496754 0.2668326845996649 0.002825986677006176 7.11669455001474 0.9125530041547752 0.5058174685354926
4.449663951064574 0.22275677829037874 -0.4270593162337093 9.358515747990564 0.9777658815677359 0.49869773945770457
4.4208894779387515 0.2199644633565368 0.2906010869960629 5.951330571185176 0.9484198049014924 0.5800159057603346
4.410718204584835 0.2685808813034397 0.3255963035237017 5.51829086643442 0.9187334221915572 0.5099898128502043
4.428236987111977 0.27200912160725144 0.18755054451043218 6.262506113778448 0.9521088355804382 0.483043383874336
4.414042124795685 0.22302031550242424 0.10059437706373497 6.852683765397715 0.9396410328225901 0.4987490962948449
4.359986913785678 0.2197478573154135 -0.6550558618283029 10.295616456740385 1.0381778698335284 0.5541770705659772 5.4660502016898285 -5.077288153014012 3.2997089674012843 6.594242918675959 -3.910005596881995 3.7901633621439443
5.758032800723193 -4.7139892756007535 3.3657135452776377 6.331553971066498 -4.100463184218868 3.6164589526994675 4.221533150969431 0.2706232946019458 0.1574074858599983 6.581064146221536 0.9436375302415844 0.528616508971725
4.375703578929928 0.27487396417011956 0.19252556539262722 6.414382946481554 0.9511847783606582 0.4958833180159583
4.4425216985844855 0.27149024254934495 0.24411267637248102 6.00118590908777 0.9553205726648262 0.4804540682648968
4.483083428438783 0.2733195329344471 0.19355520151606243 6.411528933662091 0.9568172079656002 0.4811366457194559
4.366484431207773 0.2717387741242763 0.05158781563164272 7.081960103160439 0.9547299915742838 0.491162695198913
4.429437808012344 0.268086201909437 0.33960393595805605 5.678244476884596 0.9426317575972364 0.5228422682745251
4.424427629102365 0.2687328322335571 -0.6281200426022329 10.31132238260443 0.9663468108441424 0.5195690204320065
4.429732370972387 0.2703985976111302 0.32877011501255105 5.432285728437504 0.9369309127613471 0.5024109063756996 5.60360399472008 -4.813510894690329 3.3378766063179555 6.344986452851976 -4.005074459987372 3.7002705385406536
4.390178233907267 0.26636543358896314 -0.1329810411813548 7.794716496293245 0.9504157518950399 0.4987412100166049
3.9953870043536064 0.27093135414709146 0.18686617179902254 6.3082932824682585 0.9412976762781916 0.5767682864638487 5.70892557884167 -4.863978108532209 3.355462375658929 6.3636199832318 -4.06502428513807 3.6630029873603935
4.404887242883593 0.2673406998544499 0.23712289345625504 6.074577278000654 0.9257132072488534 0.5384055430593779
4.41823918298497 0.2689346327764114 0.3272030205281016 5.619547560344101 0.9382246891608211 0.4984453395121988
4.361006119147021 0.26856452932445657 0.22796265865469922 6.077911496002959 0.9416197145815867 0.5022527504331884 5.421097207598212 -4.7099202064209225 3.2859713780336817 6.2581286836430765 -3.8771442935028193 3.651522082250191
4.1001599163262945 0.2202056950410848 0.09247620064951168 6.799127156898892 0.9519616358747099 0.5392939835661905
4.3354702018781355 0.2443353302838209 -0.30933701949722714 8.671592415050029 0.9865576350146599 0.4936862602036258
4.241799282757941 0.22000860001345232 -0.277699280600332 8.517449606638602 0.9287904729731884 0.5144647548578971
4.462264649640934 0.27294842115700046 0.009489599139410387 7.17848108079161 0.9473535057508153 0.5080850441646159
5.681104957975495 -4.804521799732144 3.357974727930381 6.413844548945074 -4.038304945512063 3.656234804461302 4.308760945209022 0.2680946805578322 0.242643027400971 6.004063402636631 0.941796818610818 0.5091104706910299


4.463790749348395 0.26848337386036836 0.18442289485917795 6.450249857867528 0.9565031433307531 0.4895269659629071

4.395631877867477 0.22120099407074062 0.22674771958974027 6.208867207093237 0.9638881125525641 0.5055503459179413 5.592147566888272 -5.018077072081909 3.3562257299237803 6.518282483124679 -4.05696895411787 3.7649680114436244

4.34509992141683 0.22071338513211858 0.25221410112613607 6.032548175551998 0.9741811838243216 0.4975539212134579 5.645018665802078 -4.981856815251912 3.346784523539875 6.573502571818946 -4.045465956775299 3.719447603261928
4.394276318121724 0.2714126492299418 0.009582846955404234 7.109502339092325 0.9276941919679227 0.4930480262949293
4.5104758463042245 0.2725832304610407 0.2894924659865532 5.566165311469339 0.9231017244724042 0.514134454606326
4.341039199763022 0.2689501995154784 0.23357987000088976 6.0987966960391375 0.9389814880478624 0.4848923598973851
4.39644917537136 0.2699666329973611 0.3199347677289959 5.55815998055175 0.981918188491703 0.47890120861755925
4.244448074719705 0.26790359046330253 0.31650697969125474 5.496161601906859 0.9311725204027447 0.5441080734433759
4.309305473037118 0.24215496614237694 0.3026113026617796 5.84434446122848 0.9295573384596043 0.5322636987395193
4.351809519120006 0.26989076995210903 0.3203455955439727 5.6447005789877736 0.9259700247816325 0.5226197515233009
4.36721087848451 0.26642467705241357 -0.20776104290091268 8.255681979270932 1.0366874131173898 0.5169385957733155
4.286821369051744 0.268929915536996 0.31838583973827017 5.403262634847974 0.9229013759050068 0.48747515239805805
4.357980809350033 0.26559863404119305 0.11537901511477644 6.549937503350575 1.0332045911736811 0.5313951157713106
4.400076471000748 0.2734126855199783 0.276528495142391 5.72160584567078 0.9683069457283523 0.47906131317392675

6.14404820687286 -5.034385932197949 3.4048862655438183 7.162708326617173 -4.073068894608133 3.798613287011069
6.226185334295452 -6.147802999766731 3.2380303705615847 8.155060205088747 -4.149517669170585 3.987819339393848 6.226185334295452 -6.147802999766731 3.2430797606752373 8.155060205088747 -4.551451107886746 3.987819339393848 6.226185334295452 -6.147802999766731 3.2430797606752373 8.155060205088747 -4.551451107886746 3.965384161923005
6.480380831324068 -5.003138344894923 3.4425022612190643 7.306894778890144 -4.287444115610197 3.8523734173576405
4.893851051594131 0.21992908775978962 0.27706899937270757 5.890462719522471 0.961353423001959 0.46156165100701063
3.88387869971201 0.30322254924821945 0.0784849366665632 5.745400148826043 1.0306582023952489 1.1594841770046567
12.621841738731586 2.919071839732206 3.6929192025524897 14.384966535233835 3.713183072713896 4.066991626071206


13.414881092562828 3.1257589675275876 3.710904728229579 15.376180460654282 4.200952513737574 4.1357998726524094
12.847411104811531 2.9928722250726296 3.4999597710893666 15.874627228402684 4.303552206036733 4.19766508756725 12.098035354636611 2.3159420615996114 0.7504083822165837 12.946236008521335 2.9199469290822675 0.9547734384528231 12.847411104811531 2.9131954167494487 3.4757297422269238 15.969518249349614 4.396366906014014 4.215069571326053
11.356459657240077 2.1399521866576428 0.773442681510601 12.459131279727185 2.9657985738240544 0.9670511375785089 11.804663716157439 -2.885671747867622 3.3610861401347227 16.08285069648671 -1.9190797144131984 4.212382053631613 12.584325282195511 2.967197971437414 3.594355484519858 15.077257703766369 4.210821855699089 4.251203388817405
12.548093308249689 2.8256126609388716 3.57530110720902 15.87796368356533 4.6728217726101775 4.3907833850128695 11.535033887506668 -2.9562640931909603 3.2885242241780284 16.38091031203924 -1.829967960984133 4.245937983433645
12.524689369542923 2.7959520301141687 3.6045902149730753 16.28990010221682 4.918300092461341 4.476201418815714 12.59161825970779 3.4286674330262352 3.4759446453499527 16.28990010221682 4.918300092461341 4.476201418815714 11.455271962966666 2.1801794768955016 0.7567759538236354 12.143681250281128 2.9352254716049804 0.9807811252164584
11.795733920648361 -3.02178655861639 3.3458529010409075 16.868491152109645 -1.9094777394648408 4.304908922728779 12.569086470174316 2.8658832595028256 3.5716330468664013 15.281240829767604 4.397095198810335 4.263075007095454
12.5568152154867 2.9487678596260123 3.6721258090687607 15.324031698006236 4.4025256297990865 4.299002332896641
11.2338541600732 2.0810505391244685 0.7049824220133232 13.331298569326453 3.0904814573658492 0.9665139740845061 12.750106626201507 2.890298319067454 3.665807970954295 15.121363644659112 4.3115483677127555 4.304483245087594
12.699173462477205 2.922021581183895 3.6616994531631377 15.6055101727463 4.475099141824822 4.367533228644642
12.491063741020808 2.9040712443929264 3.593777420897175 15.206033241822475 4.239685937629706 4.242397112027741 11.906100931244676 -2.8741397344991997 3.3585470425313586 16.235946249183446 -1.9527881331317025 4.252008503939592


12.567951222834264 2.9324614557720095 3.593912404325434 15.841045287568472 4.717447092671202 4.368230926533021 11.294292713923127 2.1947664974579855 0.7389362271053022 12.50677469533671 2.9573400443175957 0.9709935602111571
11.684452381696552 2.2458709559718453 0.6866109312755724 12.640322495076278 3.015100522303704 0.9275849692901625
12.59684882961296 2.986488970778616 3.598220983481081 15.532947691217554 4.574774735929815 4.30618359845976 12.59684882961296 3.035371925298663 3.542386167926963 15.532947691217554 4.623487873647715 4.30618359845976 11.291717052596768 2.208422343423988 0.7144487428860349 13.420924932569129 2.9463361929239844 0.9962659166019875 12.59684882961296 3.035371925298663 3.598220983481081 15.532947691217554 4.574774735929815 4.30618359845976 12.656463266710775 3.0117095261956677 3.8190910930834745 14.722068801563163 4.110032206006567 4.240253430151676
12.570859161571533 3.099570516259467 3.591863945443085 15.929423658432587 4.728610176296836 4.3901390946095376
12.645973207695937 2.8544017742303467 3.600320945575942 15.412984859686842 4.554607394676551 4.264491058565538
12.572060319913215 3.012025363416135 3.64663173561034 14.676628564714852 4.203674600521385 4.279009087377206
11.703339083345602 -2.851516742046816 3.3294708828638875 16.32191906312302 -1.8948449186203904 4.273579035929739 12.585901482364124 3.1224065856027456 3.596582516401947 15.531588590965399 4.348220971877728 4.279729874113004
12.52439200266856 3.476083051766394 3.5550079036951345 15.663949305784962 4.788966558238185 4.322360915402463 12.542662073816977 2.9912628347171086 3.658009797009802 15.416924191415783 4.408275792359439 4.322360915402463


12.341029771102317 3.039569352208717 3.606684963296174 15.597493374808387 4.557417312361081 4.337399157827516 11.34827241220573 2.1984010307280966 0.7711325100062238 12.541008747455399 3.0283882344863082 0.9552111580428909 11.997192611604312 -2.9382304999542233 3.373445655557057 16.402169778163326 -1.98292082137454 4.232429722752116

11.494385359419823 2.1979358239524385 0.806580696819688 12.155655375423294 2.9252219310633056 0.9738421065472813 12.524601909840262 2.8719371732164443 3.583362133792911 15.806770616098667 4.7025078780818665 4.361892349031543
11.576777423977312 2.2183710473008253 0.7512521326332078 12.5452464022772 2.96993179572719 0.9276338150994657 12.477542237958403 3.0313366889786244 3.5696581263280756 15.806930107213732 4.597177628965337 4.306787340547368
11.573350947558259 2.216574615958131 0.7388293128409325 12.213830347116701 2.972501949709892 0.9732101360003301
12.524973939303194 2.9506085206518704 3.611685290995182 15.438824267933342 4.449915155806053 4.300846618535084
12.544433297595644 2.9714619012945436 3.4688057095716345 16.04258881134747 4.6594339607410316 4.420958082473668 12.563933442461664 2.9714619012945436 3.59249348366941 16.04258881134747 4.644105980904947 4.420958082473668
12.538912659550615 3.0251007216890975 3.567071200875694 16.027056265749007 4.663491868027905 4.414087594365409
11.626431021568145 2.2265893253302598 0.7453010905349946 13.22251446671602 3.0451590560160247 0.9386659066177591 12.609384173535254 2.8561959942386403 3.60258952675739 16.295944624629314 4.885735627852001 4.4818852539199705
11.479352712356638 2.224181767594061 0.7975127937922466 12.69557781737652 2.9847656950043713 0.9267534644574177 12.52634220727104 2.9805015057400146 3.58756445260998 15.748225462707921 4.660535680667376 4.3469832228539325 12.062041559062575 -2.9680522062794017 3.3956477488699757 16.42627330659068 -2.0047773776391673 4.297627464034294
11.387228620188894 2.191696244706409 0.7483796686789312 12.47760517911469 3.125957512213179 0.953717297561884 12.50628629575246 3.0470926177334907 3.5770699886970023 16.311502922315782 4.870645820715917 4.48530880741658
11.66455673750284 2.2479504445720853 0.7495037780791998 12.697098084034872 3.02029994309131 0.9411241015612345 11.9655679498321 -2.91854672746344 3.374670813717553 16.243126694544543 -1.9727326986869365 4.269044439292834 12.543503089415783 2.93502216580908 3.586167623301041 16.3106506284089 4.927274579095356 4.4855968563608055
12.54079198671731 3.0147422778235273 3.5144487985103816 15.731157096955702 4.700221801668462 4.31900361238067 12.54079198671731 3.0051243987393796 3.5867004178066884 15.731157096955702 4.635197246240198 4.31900361238067 11.477999827492678 2.192207822599231 0.6831150772654353 13.390597929722835 3.167360740238576 0.9182821039225605 12.54079198671731 2.995745787831116 3.5867004178066884 15.622457340778992 4.635197246240198 4.31900361238067
12.515722525329954 3.0926479394340527 3.5011046027639185 15.81269119602216 4.641392788064955 4.376467815786631 12.515722525329954 3.0044277239416046 3.5795524899729765 15.81269119602216 4.631061760417051 4.376467815786631 11.384227694191761 2.150701317533174 0.7855485639171191 12.132784981663757 2.948431223416972 0.9679462525103005
11.542796576555151 2.1939318830495482 0.7294293712628717 12.433537639071211 2.9446531577408344 0.954166851579548 12.285262893019862 3.0890673176217036 3.4573212282344494 15.578710305236896 4.392094981436058 4.294388666616818
12.59215967943003 2.9109645262848827 3.5992268071530207 15.774574666102929 4.5972376929074805 4.3843521001405605 12.59215967943003 3.072438450339012 3.5992268071530207 15.774574666102929 4.5972376929074805 4.3843521001405605 12.59215967943003 3.5092686356795926 3.590790789406501 15.774574666102929 4.5972376929074805 4.3843521001405605
