9.368551605951877 0.7928116583575507 -0.7434977283299751 11.401697854549946 1.7554490074750875 -0.46485085328981124
8.840372968407749 -0.16273112648845894 -0.10783264268971271 10.983085003093787 0.7780783479185103 0.17268618818609216
8.755147934073804 -0.08409065281885547 -0.27865131207498695 10.741013830787036 0.7661974521951742 -0.029081005050833664
9.585758734546141 -0.015520718886366358 -0.15324390520278186 10.590396953525111 0.7541832000121325 -0.029490545882220776 9.585758734546141 -0.03709297325527794 -0.25918607289951945 11.807617881803079 0.8078175274186511 -0.029490545882220776
8.949327964230541 -0.025228625337210042 -0.2559637234420862 11.993160198569377 0.8172551855216351 0.08695866344611902 7.517928303570163 -0.6049733485229446 0.04801648288882432 8.264417177697121 -0.13766168789186933 0.12391241490393612 5.41919721752494 -3.006169350783761 0.24287847166553278 6.310829033113062 -2.4219530840935946 0.39535848704802423
9.126155118913916 0.0013338786002996816 -0.1545069802928849 11.466340636957701 0.8758948209334648 0.10858702689442778
9.201923984608817 -0.025761813764578173 -0.08050463815333941 11.405731252879184 0.8368233430082744 0.15092534044598427

9.189885802330892 -0.15176765605869635 -0.2794070550921197 11.343895635297297 0.7172798382728846 0.004214018017016485
9.437224461440888 -0.0626076456372667 -0.1124458430292612 10.955716209785017 0.7545618570625224 0.08659712336383474
9.010923203847662 -0.08543828324176417 -0.030230954614701266 10.909234893896782 0.7617810582636747 0.16384590747704042 5.446614555698683 -3.060370472170407 0.2708256809225804 6.121796478332827 -2.427001723781127 0.40641966561298526
9.256790212481427 -0.15830857556813727 -0.19588296960322626 11.975396895086458 0.7157628725870953 0.10077374487063095
9.317465487423496 -0.1443883248883892 -0.25552668134120293 11.413638044323639 0.6655314681199116 0.06279838498918355
9.280096309585568 -0.11737320529557843 -0.05062930300191382 11.524236816918597 0.7364054603771876 0.17027020244543278
9.131199047341457 -0.3010655518888553 -0.19995303904495398 10.842685456772044 0.7065778234297923 0.008982260705463707
9.18400837039892 -0.024003381717906946 -0.27900181476666686 12.05163509673933 0.8707444877025671 0.08871599411864795
9.356159277196836 0.012710447825282495 -0.31746263847231604 12.240331206284674 0.9078598305787298 0.0794299399604268
8.978264109659039 0.04759960558892712 -0.12718007587666746 11.729544459511821 0.9287490035678958 0.16029839025082748
5.630197341182526 -2.9920114739538697 0.3172624785226845 6.16404210187572 -2.3691409278696587 0.44524274546535625 9.232359812340972 0.027380751733676018 -0.06363599654890639 11.936206476209474 0.908082920479499 0.2337426463682275
9.458551454708008 -0.05361867532369041 -0.20429620954982375 11.90949398307044 0.7702326079729517 0.09790941385017327
9.50526000133984 0.00523430259652316 -0.292068136879317 11.98873033859994 0.8705542950718508 0.054328896660352344 5.521642997081849 -3.0844168649006063 0.19578554367282153 6.3999518362653225 -2.365347119297962 0.32252178961854594
9.368543392163954 -0.04837619735030893 -0.12209513845087594 12.016367396558424 0.7856776948265242 0.21468579957044343 5.607004425252405 -3.0620207020048196 0.378319782605846 6.144459844816496 -2.4131272995677713 0.4626203298736795
9.589941442424118 0.09109709966360613 -0.03305278955592739 11.310540337583744 0.9552520953707652 0.18796085192869283
9.297754825209744 -0.024802890719225368 0.023692964379931514 11.030931314368107 0.8843130426287432 0.2412175830984502
5.553952605950764 -3.1669879330935027 0.22699280391382692 6.0328653084220765 -2.484136160650726 0.3099610882475834 9.572483542203043 -0.16880320340464083 -0.3218072103917837 11.497283700155682 0.6574430046367303 -0.06763712687476131
9.382675515836807 -0.08495897294868715 -0.09588247793671112 11.410996287169498 0.7685759424907229 0.16378973613012016 5.5591983116553 -3.095560031426842 0.21431238818157405 6.235545160105126 -2.40586348379483 0.33078258582642306
9.262649514127482 -0.11158296919808625 -0.17090612132952465 10.89679385114736 0.7009876746700507 0.04166767134608884 5.526702136226202 -3.181498146967146 0.1985993127650787 6.061548871927125 -2.3922040863409397 0.2884064699905027 5.662105317080497 -3.181498146967146 0.1985993127650787 6.061548871927125 -2.8424299864381792 0.27162776914009723
9.057308511292256 -0.14098413560657147 -0.16610173772554337 10.916329531516034 0.713470706480685 0.10311313562068336
9.357641896928614 -0.024911508375522973 -0.2673685906547183 11.609503358105979 0.8647693370228949 0.0605942859326587 5.518558369629138 -3.106500522564327 0.20926746412830677 6.101438574453122 -2.319670052804384 0.3266922420306353 7.462144892919855 -0.6340371959995877 0.025662746137679937 8.296321953956502 -0.1273284449643336 0.13316193964167455
9.509615968024548 0.020548014593600394 -0.3469863659221579 12.710619720013245 0.8994578391279462 0.13748442027698782 9.509615968024548 0.04711193979961542 -0.13655082657976747 11.276332040609967 0.8829536679532776 0.13748442027698782
9.575359383991934 0.012907192369276538 -0.2494610697373434 11.918207975525062 0.8752916229748103 0.062373214701374025 5.657605338855315 -3.0201692457078226 0.2528667448370292 6.078922772760676 -2.4177278209668156 0.3238269254504855
9.416658156802965 -0.014944882943201815 -0.19518630822238592 11.428094875900673 0.8386720313074635 0.041840401117895 5.56247270687037 -3.1321099479972596 0.21222590220400162 6.142714473477647 -2.3580352313584236 0.29215455430156956
5.635428635638162 -3.02994514045406 0.3301356069805783 6.228375618362809 -2.2924045058398477 0.4128868168665569 9.294225546235769 0.10433303820180975 0.0495488619977873 11.252663319513719 0.9808917845513371 0.2807720962653968
9.537656089403193 0.006817244660907884 -0.1373448031871629 11.092501799691794 0.8947928460637519 0.0876246112288308
9.492083724212373 0.034532548761616794 -0.22675298771942742 11.357201490170265 0.9083457680527851 0.0017006665192065284 5.634458031398993 -3.1361090274197467 0.21410961708597598 6.102938177177303 -2.371125088327247 0.2965962850055157 7.571398482891422 -0.6073494643171637 0.003441331223922761 8.231498444938806 -0.15848701295632522 0.10585768223490266
9.401191104055993 -0.01775208680921664 -0.3028691578235079 11.44732533167789 0.8794108033921924 -0.024260942026405052
9.388691445201722 -0.049146361787013315 -0.2625123152911344 11.25439967810085 0.7914546937184208 0.015410208303538786 5.485824192792125 -3.1611828695340143 0.18074393806010192 6.059004718393298 -2.3657155914638714 0.2674309059874038
9.595126089277763 -0.07542244221781702 -0.30703721439854337 11.592477138934983 0.8057487111581957 -0.04343230430764877 7.522915719840881 -0.6911729673010074 -0.08133585721091152 8.546233792217524 -0.236841330888848 0.0678723533841723
9.479175698435178 -0.09166993929883449 -0.27955047776404474 11.744522553974152 0.7535777272378648 0.00299339727328074 5.4877446690313985 -3.159740673286765 0.23592086238823273 6.116136428193896 -2.3662609454455805 0.32381846531734815
9.547459890762518 -0.1344194595598165 -0.27591721199022623 11.737529617092113 0.7557143530931215 0.017864734354652523 7.670659769737156 -0.7108861556018123 -0.04675095579217281 8.78463855416527 -0.23689399921338444 0.11044517554372302 5.522314045904222 -3.2039640187011953 0.20746467352677045 6.123047309612876 -2.408035547004272 0.309689605097174
9.491796534254917 -0.05029372037441837 -0.16890875828137952 11.888716094855097 0.8281776950423952 0.1255940689021391 7.543641779118124 -0.6296199648737392 0.08376320357729283 8.351401248973312 -0.19896366798673537 0.19517161479489697 9.491796534254917 -0.05029372037441837 -0.16890875828137952 11.888716094855097 0.8281776950423952 0.1255940689021391 7.992268850734246 -2.2171202994069685 -0.02161145883974802 9.1749242374517 -1.4156463203875136 0.11153273681556697
9.782695682516497 -0.12397701153991808 -0.3673276333717017 12.26365871290828 0.7825510553856827 -0.003966679952178032
9.45478395920307 -0.028953700054081988 -0.5216863681986044 12.63312682077602 0.8838843191541697 -0.02190738716944085 5.544323895104848 -3.098855344201827 0.1670525038896966 6.0197010045064765 -2.3487386862237445 0.29778029374690385 8.949846454672022 -0.043096575125569636 -0.5216863681986044 12.63312682077602 0.9312951015757377 0.00945009212125747 8.757691022961723 -0.988345524587535 -0.09547965923077273 9.097330044194637 -0.7924130677101036 -0.043819323830313284 7.894744429793523 -2.2056652997097217 -0.13501674511257677 9.012841272741877 -1.4026534461515183 0.016615254606301644
9.624927946055514 -0.046397012379409075 -0.45056249538869153 11.649146610428044 0.7728855976650719 -0.1411576015638134 9.303873233995663 -0.033177111865090037 -0.45056249538869153 11.649146610428044 0.820671643144708 -0.09851527234626145 5.491773712086749 -3.0935759096845645 0.1526783743759128 6.026086309364682 -2.306027541993918 0.2570828943800063 7.817861637024668 -2.2912820871443467 -0.21542926295897447 8.995791944125395 -1.3850503313921452 -0.04449580837087708
9.512307284097822 0.008612192519257933 -0.16836101587372365 11.33908189223453 0.9081775767707009 0.11519749439326277
9.709697111443157 0.0002743530595851196 -0.12451427273253368 11.510057524823031 0.8960119053687182 0.07365691864910495 8.69726825184106 -1.0043239404543718 0.0024507894760557036 9.329009968455345 -0.7812852235613885 0.08188554231596124 7.6335534049620275 -0.6318638231736163 0.07292687135124454 8.390379386682277 -0.17421529218684045 0.18311098050949548
9.499716395596906 0.0226237239470502 -0.05373695386063404 10.998482206256915 0.8899471197868328 0.13703429044780568 7.591212580396386 -0.6443134942840303 0.08566897164510623 8.619258833119593 -0.1455245509598826 0.20784081644353924
9.484411921602948 0.06170334146171358 -0.21592044699500246 12.46266911018734 0.976109290610099 0.15499886896546222 7.691332567142191 -0.5953834846918841 0.08106012913359417 8.453277740470966 -0.15394448530419708 0.1986929506246129 8.981603890176862 0.06009887975701153 -0.21592044699500246 12.46266911018734 0.9935365551485645 0.18309064339928538 7.717597931940048 -2.146939124969465 0.014486049866998307 9.245575831573436 -1.3223416812108766 0.19083433423759866
9.732628237452 -0.05044597669741052 -0.2928307537746806 11.863475400312169 0.862466243242688 -0.02787483517773226 9.415862312695587 -0.05044597669741052 -0.20247605494158316 10.855055454603422 0.862466243242688 -0.023208763622289963 7.870528919795033 -2.2904232609603117 -0.16155358520030672 9.272501416666337 -1.421460987308539 0.08055286016232421 7.631374642447825 -0.6924006200802504 -0.02069115087397866 8.579899267524798 -0.17117944520698514 0.12412696085235364
9.205493179380747 -0.007166233412243206 -0.11585468912912966 11.105619318529898 0.871914848604074 0.09223136594700776 7.633269661570495 -0.646720214981962 0.04462439725131717 8.436908526430555 -0.16724749072890954 0.1404238970896985 8.856760583246105 -0.10825162463867016 -0.11585468912912966 11.105619318529898 0.8914898955863445 0.12485837412989143
9.474909527344883 -0.1235463910247126 -0.18523100154979977 11.24621651630612 0.7825832544409679 0.015139621831741445 9.282415428222407 -0.17422240821854934 -0.18523100154979977 11.24621651630612 0.7825832544409679 0.015139621831741445 7.518463246124485 -0.6819098505644793 -0.022938968931631498 8.346213633938138 -0.20956866201542823 0.10733803334867065
9.691688441541455 -0.07943404215814676 -0.17547076052023614 10.999021756331858 0.7340780708958909 -0.0011857033636257786 7.7216243684792145 -2.348818348296638 -0.13309447521892603 9.250705330406348 -1.4056825281815115 0.07700194474593802 7.594658401468322 -0.7447412979504711 -0.035469644707503356 8.516436093021394 -0.16598557448255524 0.09716495793704727
9.54432768280874 -0.11800636490816213 -0.14320590075513318 11.118468879663931 0.8301312468442194 0.1354834523850994 9.431676326027304 -0.11800636490816213 -0.14320590075513318 11.118468879663931 0.8301312468442194 0.1354834523850994 8.596479689585113 -1.0605299706108247 0.03421648280064704 9.251476097957429 -0.8543296914315492 0.11587090372105391 8.009751896813771 -2.2858900646032714 -0.037910846593647074 9.177910918767857 -1.4470897527073499 0.12207363182415754 7.549939643628367 -0.7007027820187888 0.09506424406415892 8.415755724167628 -0.17078603657122965 0.20639997544024546
9.09139589640962 -0.1609909604880111 -0.007172882733613939 10.980680512491222 0.6820671999896306 0.17511184697736848 9.584930798484724 -0.16982001560096593 -0.04387596799488214 11.417549079612586 0.6735287507176715 0.14194320688914064 7.829603503117761 -2.3556249284285973 -0.012194827133381603 9.164879196031855 -1.456950484530939 0.16965169357654175 7.675521617007 -0.7791181294474687 0.09696722741010344 8.488253644221132 -0.2564328113671436 0.2069873000098379
9.571153061624514 -0.11559656372664684 -0.0431417698625447 11.494594327706432 0.8433529118124694 0.17748507606142927 7.755052964760821 -2.2210758736302405 -0.003669517268159561 9.09574815491186 -1.370721605415254 0.175125386972248 9.527080069936913 -0.10214317426086611 -0.0022413036992812163 10.963338433243047 0.8055652140138021 0.17748507606142927 7.656456547577691 -0.7361971345789546 0.11771587132020223 8.411209197518831 -0.32438171762348156 0.19951826799296102 8.60344438896798 0.6946996875473103 0.10248188683933468 9.358621165902749 1.145379037729768 0.24681849026825842
9.266277527819401 -0.13023717186385142 -0.31246659276899513 11.520606961740757 0.7867277971359181 0.030367507069391397 7.672941089584749 -0.7641260060039794 -0.045880821397293214 8.473372886207482 -0.24091844894960046 0.062081640857275966 5.843040740239156 -3.2356879979058633 0.209260823843334 6.084116621727441 -2.9112158732730427 0.2516309584395551 7.85512594966192 -2.326178878476672 -0.13805595126996506 9.236794245936162 -1.478752666416307 0.024668098812011596 8.791746540989124 -0.15807832373211683 -0.31246659276899513 11.520606961740757 0.8105903257769542 0.038962192141482443 8.583076521188389 -1.0803899565843496 -0.10327865175230322 9.14350549094532 -0.842322917122512 -0.009649413751916303
9.63623625916192 0.028268759574981095 -0.16742125890119475 11.432902880025567 0.9264783663442816 0.04103345967818717 7.862277693055162 -2.204071072228542 -0.11892045264714945 9.402499038689882 -1.3080006778064455 0.09683990288334399 8.822470307932566 0.84674560715539 -0.11352001058817796 9.790378604035432 1.2441822416012767 0.09885079437116362 9.212893309130699 0.022361538384939816 -0.16742125890119475 11.432902880025567 0.929482674159798 0.07864760168871276 7.976126028074175 -2.1664641512277787 -0.11892045264714945 9.402499038689882 -1.3403041427420463 0.09636148138832779 8.65085108212121 -0.9560632529846085 -0.01846988206879563 9.14140498381805 -0.7425233965910014 0.05881350807875396 7.6778713626451545 -0.42293716456594355 0.058688628833511336 8.42240135879851 -0.08443561960045065 0.14882660209195508
9.802060207219114 0.02018068425189079 -0.14437707250484544 11.198676407876505 0.9083059752660916 0.027486202168247154 7.972778649812086 -2.2222869274902357 -0.07719159523652985 9.370578004339919 -1.2838955126823735 0.0943679108701434 5.924497804307991 -3.2517711255619743 0.22689208838200003 6.249308373384993 -2.8858533424253467 0.2872194425211767 8.726981737299834 -0.9794265771906179 -0.054820332544901484 9.350570247285535 -0.7285791644169901 0.05796189866358903
9.828766551447412 -0.004252227417283094 -0.14342565640640315 11.708747358717057 0.9003982386894532 0.08913589842414882 9.466810413035745 -0.004252227417283094 -0.05730694562139349 10.879310966370664 0.9003982386894532 0.06747972879602071 7.766697460971427 -2.2918160774993606 -0.04125580109712512 9.229424966848867 -1.2856693860045987 0.13506972509593163 5.688287763875526 -2.6827471429015004 0.2692244048527288 5.925021341320463 -2.38677858741576 0.33509582416394923 8.630435258675082 -0.9845022322722323 0.04618961960139467 9.066373331581982 -0.7596645096580141 0.1390352191658566 5.688287763875526 -2.6827471429015004 0.2652507409113529 5.925021341320463 -2.341570001854948 0.33509582416394923 8.904369329264018 0.8639082644859616 0.027729108762712062 9.45769269601 1.22444545520981 0.15734986248974825
9.62856605329402 -0.04225301996322084 -0.22818035714412677 11.345428139764763 0.8487972029901498 0.025693511938625013 7.807327108632026 -2.4075534563562493 -0.1462474674759393 9.37189740735228 -1.325210839943148 0.06779136794391527 9.747133751828471 -0.04221241476588039 -0.22818035714412677 11.345428139764763 0.8117004151729359 0.0016022864593452368 8.6567716237262 -1.019114346669167 -0.0698509894285968 9.14895151947602 -0.8010934142305997 0.02253379834616065 7.644044430824348 -0.7115715983662283 0.006633485289366803 8.498541331591177 -0.16791148953134027 0.113569245631572 8.01109453223905 -2.369705506101297 -0.09787794034057584 9.138071456925447 -1.371362980583334 0.045814218173929167
9.702278669026962 0.027489241592699387 -0.12443100168759824 11.606872103052975 0.8787726935810125 0.11432310095538711 7.902860345167634 -2.245855748110138 -0.022411155812353867 9.363186529022462 -1.2729495884232627 0.1533213678250669 9.729967809133214 0.020975183802858344 -0.16640594367181993 12.005842406711144 0.8787726935810125 0.11432310095538711 8.741509035472024 -0.9721289940545934 0.04613935334753827 9.105795844200415 -0.7861815779724539 0.1118527354920762
9.583943622974378 -0.008277057553829625 -0.31004219259455024 11.666727267232847 0.9238959731509118 0.15925613052708298 7.812239746114772 -2.2727971651086696 -0.06941985911353066 9.277134196976334 -1.3064592080133173 0.1411764712207586 9.319112089352359 -0.008277057553829625 -0.31004219259455024 11.666727267232847 0.9238959731509118 0.15925613052708298 8.01176726668828 -2.264974234791405 -0.06941985911353066 9.138653612735052 -1.3409780681276786 0.10282944851203268 8.803944342685897 -1.0005134354151173 -0.008013740671623193 9.292090011636104 -0.7678130016786884 0.09008446811563231 9.036433410531131 0.8182729683307328 -0.0229137755818003 9.503422846736123 1.2574398288751314 0.09367682893873241
9.612280206474912 -0.031870633069012555 -0.31071991379801345 11.479695284817316 0.9094746022822736 -0.013783176085541582 7.734271625488886 -2.281940592844302 -0.11181597412642375 9.30083058686807 -1.3038245507896333 0.09090193613522546 9.069543568276222 -0.03249935865512393 -0.31071991379801345 11.479695284817316 0.9219851668337781 0.0229510280003018 7.64695229729868 -0.6750178096555938 -0.0017212985715546747 8.404330491367451 -0.13514860495882264 0.0987010261346355
9.656310198644508 -0.04792377257862773 -0.17093568745119447 10.908277882123118 0.8312260172546749 0.004119698283921114 9.708191945577116 -0.04792377257862773 -0.25875174510279386 11.684409437559067 0.8312260172546749 0.004119698283921114 7.905942646330945 -2.256588059049037 -0.12164069017998225 9.083916427506285 -1.3835236829789173 0.056939073340672275 8.41707042651313 -1.0304173794414937 -0.07546533946638667 9.239932716973566 -0.7243671102941454 0.08038064775026554 9.738266363663456 -5.066202015748828 2.551367644296323 11.366446440106285 -3.7470251498434104 3.6396182490239277
8.592239750999344 -1.0785263136186622 -0.018738204216166343 8.976145635210411 -0.8259964748950606 0.06201117237245124 7.7604861313237015 -2.3834485834724246 -0.08281325128258077 9.142818324207845 -1.4090243008435777 0.09751087923091739 9.682438038194238 -0.12135227455770525 -0.3171471027883952 12.119590545938276 0.8210374925125267 0.033371950137855544
7.909426910082517 -2.298602611206779 -0.08682812043842003 9.232319212324676 -1.3963794460394952 0.08559700440679618 9.680032534719563 -0.09258976540295283 -0.22157276786805258 11.497932525081893 0.775477315637136 0.027944734231518886 8.61606750983286 -1.054356205028977 -0.011400794089913013 9.053959306350176 -0.8341219657086645 0.048098894578487705 9.389728189123094 -0.09296975192298063 -0.22157276786805258 11.497932525081893 0.8109776066293201 0.0412937757542855
9.459676948286477 -0.05542925259542325 -0.0013806541846055342 10.918375703649708 0.8467194092660583 0.15122718046939632 7.743383261038035 -2.253935321353189 0.0025606690129396092 9.165808576859687 -1.3242947007377026 0.17001457684244903 8.987129034021162 -0.1004802755361765 -0.044473538461893725 11.386065507382222 0.8467194092660583 0.16362533488871267 8.548646838199506 -1.0098381394751135 0.04428289442890199 9.159976381801092 -0.7573309818324698 0.14968598626175322
9.775377260007186 -0.11774213170978398 -0.20714381058380216 11.531085449984921 0.7605931704075966 0.0258324739500313 8.629192055020878 -1.062637082905859 -0.026077370803656574 9.149402179923282 -0.8479494499270812 0.04163236482400445 7.858889437589486 -2.351911027762192 -0.11603801180921547 9.242621054143369 -1.4283090091309691 0.07577641790965406 8.041647185042205 -2.3284550769545325 -0.11369946318341406 9.076253636026024 -1.507505298705725 0.05002545891464205 8.75760103393445 1.4166425503825666 -0.031160123081044988 9.53798265768647 1.8544413217944917 0.1093427249422505 9.55735894133788 -0.11774213170978398 -0.20714381058380216 11.531085449984921 0.7605931704075966 0.038725475285301236
9.561628502104131 -0.08687754883766285 -0.1282646377377834 11.144198556517104 0.8032783148409492 0.09337629504651623 7.902935586550083 -2.2828701943059766 -0.06369602969790211 9.173283844878966 -1.390290680758111 0.11377088845177763 8.712020935684041 -1.046215152279833 0.0010121944750081102 9.242011609487172 -0.8047347142287102 0.0647770997279693 9.057099739529647 -0.08687754883766285 -0.1722883878233823 11.609290310244932 0.8416215276713648 0.10726787965985585
