1686249386 -0.0001814685120731241 -0.0004663629829883553 1.0
1686249386 0.09941460158994297 -0.010930646712695787 1.0
1686249386 0.19901089140981135 -0.02138926518061825 1.0
1686249386 0.2986076206653843 -0.031836553124970794 1.0
1686249386 0.398205009074514 -0.04226684528396843 1.0
1686249386 0.49780327635505284 -0.0526744763958262 1.0
1686249386 0.5974026422248532 -0.06305378119875917 1.0
1686249386 0.697003326401767 -0.07339909443098232 1.0
1686249386 0.7966055486036466 -0.08370475083071073 1.0
1686249386 0.8962095285483446 -0.0939650851361594 1.0
1686249386 0.9958154859537129 -0.1041744320855434 1.0
1686249386 1.095423640537604 -0.11432712641707775 1.0
1686249386 1.1950342120178705 -0.12441750286897749 1.0
1686249386 1.2946474201123634 -0.13443989617945762 1.0
1686249386 1.3942634845389366 -0.14438864108673322 1.0
1686249386 1.4938826250154413 -0.1542580723290193 1.0
1686249386 1.5935050612597301 -0.16404252464453092 1.0
1686249386 1.6931310129896555 -0.17373633277148312 1.0
1686249386 1.7927606999230694 -0.18333383144809084 1.0
1686249386 1.8923943417778242 -0.19282935541256926 1.0
1686249386 1.9920321582717722 -0.20221723940313327 1.0
1686249386 2.0916743691227655 -0.211491818157998 1.0
1686249386 2.191321194048657 -0.2206474264153785 1.0
1686249386 2.290972852767298 -0.22967839891348976 1.0
1686249386 2.3906295649965417 -0.23857907039054682 1.0
1686249386 2.4902915504542396 -0.24734377558476464 1.0
1686249386 2.589959028858244 -0.25596684923435836 1.0
1686249386 2.689632219926408 -0.26444262607754304 1.0
1686249386 2.7893113433765837 -0.2727654408525336 1.0
1686249386 2.888996618926623 -0.2809296282975452 1.0
1686249386 2.9886882662943774 -0.28892952315079273 1.0
1686249386 3.0883865051977004 -0.29675946015049137 1.0
1686249386 3.1880915553544438 -0.30441377403485603 1.0
1686249386 3.2878036364824603 -0.31188679954210186 1.0
1686249386 3.3875229682996015 -0.3191728714104438 1.0
1686249386 3.4872497705237198 -0.32626632437809694 1.0
1686249386 3.5869842628726682 -0.33316149318327626 1.0
1686249386 3.6867266650642985 -0.3398527125641969 1.0
1686249386 3.786477196816462 -0.3463343172590738 1.0
1686249386 3.8862360778470126 -0.35260064200612207 1.0
1686249386 3.9860035278738013 -0.35864602154355657 1.0
1686249386 4.0857797666146825 -0.36446479060959264 1.0
1686249386 4.185565013787505 -0.370051283942445 1.0
1686249386 4.285359489110124 -0.3753998362803288 1.0
1686249386 4.38516341230039 -0.3805047823614592 1.0
1686249386 4.484977003076157 -0.3853604569240511 1.0
1686249386 4.584800481155275 -0.38996119470631957 1.0
1686249386 4.684634066255597 -0.39430133044647964 1.0
1686249386 4.784477978094979 -0.39837519888274625 1.0
1686249386 4.884332436391268 -0.4021771347533345 1.0
1686249386 4.984197660862318 -0.40570147279645974 1.0
1686249386 5.084073871225982 -0.40894254775033656 1.0
1686249386 5.183961287200112 -0.4118946943531801 1.0
1686249386 5.283860128502561 -0.4145522473432055 1.0
1686249386 5.383770614851179 -0.4169095414586277 1.0
1686249386 5.483692880283448 -0.41896307637786123 1.0
1686249386 5.583626501554637 -0.42072343298194226 1.0
1686249386 5.6835708325480825 -0.42220682359797723 1.0
1686249386 5.78352522655897 -0.42342947541446463 1.0
1686249386 5.883489036882477 -0.424407615619903 1.0
1686249386 5.983461616813785 -0.4251574714027908 1.0
1686249386 6.083442319648079 -0.4256952699516267 1.0
1686249386 6.18343049868054 -0.42603723845490904 1.0
1686249386 6.283425507206347 -0.42619960410113633 1.0
1686249386 6.383426698520683 -0.42619859407880717 1.0
1686249386 6.483433425918731 -0.42605043557642003 1.0
1686249386 6.58344504269567 -0.42577135578247344 1.0
1686249386 6.683460902146682 -0.4253775818854659 1.0
1686249386 6.78348035756695 -0.4248853410738959 1.0
1686249386 6.883502762251653 -0.42431086053626205 1.0
1686249386 6.983527469495975 -0.4236703674610626 1.0
1686249386 7.083553832595096 -0.42298008903679635 1.0
1686249386 7.183581204844199 -0.4222562524519617 1.0
1686249386 7.283608939538465 -0.4215150848950571 1.0
1686249386 7.383636389973075 -0.4207728135545812 1.0
1686249386 7.48366290944321 -0.4200456656190324 1.0
1686249386 7.583687851244052 -0.4193498682769092 1.0
1686249386 7.683710568670784 -0.4187016487167101 1.0
1686249386 7.783730415018585 -0.41811723412693375 1.0
1686249386 7.883746743582639 -0.41761285169607854 1.0
1686249386 7.983758908407281 -0.4172047159526474 1.0
1686249386 8.083766620553364 -0.41690300819901843 1.0
1686249386 8.183770518538708 -0.4167022366317733 1.0
1686249386 8.283771389542032 -0.41659439722517433 1.0
1686249386 8.38377002074206 -0.4165714859534836 1.0
1686249386 8.483767199317521 -0.4166254987909633 1.0
1686249386 8.583763712447128 -0.41674843171187587 1.0
1686249386 8.683760347309612 -0.4169322806904834 1.0
1686249386 8.783757891083692 -0.4171690417010482 1.0
1686249386 8.883757082113664 -0.41745079606642843 1.0
1686249386 8.983758094901557 -0.41777061054434617 1.0
1686249386 9.083760742003738 -0.41812218446989663 1.0
1686249386 9.183764830025558 -0.41849922757886554 1.0
1686249386 9.28377016557236 -0.41889544960703823 1.0
1686249386 9.383776555249492 -0.4193045602902002 1.0
1686249386 9.483783805662302 -0.41972026936413687 1.0
1686249386 9.583791723416137 -0.4201362865646339 1.0
1686249386 9.683800115116338 -0.4205463216274766 1.0
1686249386 9.783808787368258 -0.42094408428845065 1.0
1686249386 9.88381754677724 -0.4213232842833413 1.0
1686249386 9.983826199948632 -0.4216776313479343 1.0
1686249386 10.08383455348778 -0.42200083521801485 1.0
1686249386 10.183842414000031 -0.42228660562936865 1.0
1686249386 10.283849588090733 -0.42252865231778103 1.0
1686249386 10.383855882365228 -0.4227206850190376 1.0
1686249386 10.483861103428866 -0.4228564134689238 1.0
1686249386 10.583865057886996 -0.422929547403225 1.0
1686249386 10.683867552344958 -0.42293379655772695 1.0
1686249386 10.783868393408104 -0.42286287066821493 1.0
1686249386 10.883867387681779 -0.4227104794704744 1.0
1686249386 10.983864341771326 -0.422470332700291 1.0
1686249386 11.0838590622821 -0.42213614009345 1.0
1686249386 11.18385135581944 -0.4217016113857372 1.0
1686249386 11.283841028988697 -0.42116045631293775 1.0
1686249386 11.38382788839521 -0.42050638461083734 1.0
1686249386 11.483811740644335 -0.4197331060152214 1.0
1686249386 11.583792392341417 -0.4188343302618754 1.0
1686249386 11.683769650091795 -0.4178037670865848 1.0
1686249386 11.783743326005824 -0.41663531127411224 1.0
1686249386 11.883713348847127 -0.4153267788747739 1.0
1686249386 11.983679758752855 -0.41387972972724196 1.0
1686249386 12.083642600308506 -0.412295873199854 1.0
1686249386 12.183601918099571 -0.4105769186609477 1.0
1686249386 12.283557756711545 -0.4087245754788609 1.0
1686249386 12.383510160729921 -0.4067405530219311 1.0
1686249386 12.483459174740197 -0.404626560658496 1.0
1686249386 12.583404843327864 -0.4023843077568933 1.0
1686249386 12.68334721107842 -0.40001550368546074 1.0
1686249386 12.783286322577352 -0.39752185781253596 1.0
1686249386 12.883222222410161 -0.3949050795064567 1.0
1686249386 12.983154955162336 -0.39216687813556056 1.0
1686249386 13.083084565419378 -0.38930896306818524 1.0
1686249386 13.183011097766776 -0.3863330436726685 1.0
1686249386 13.282934596790023 -0.383240829317348 1.0
1686249386 13.382855107074619 -0.38003402937056135 1.0
1686249386 13.482772673206053 -0.3767143532006463 1.0
1686249386 13.582687339769821 -0.3732835101759404 1.0
1686249386 13.682599151351418 -0.3697432096647815 1.0
1686249386 13.782508152536336 -0.3660951610355073 1.0
1686249386 13.882414387910073 -0.3623410736564554 1.0
1686249386 13.982317902058117 -0.3584826568959635 1.0
1686249386 14.082218739565972 -0.35452162012236915 1.0
1686249386 14.182116945019125 -0.35045967270401024 1.0
1686249386 14.282012563003068 -0.3462985240092244 1.0
1686249386 14.3819056381033 -0.3420398834063493 1.0
1686249386 14.481796214905316 -0.3376854602637226 1.0
1686249386 14.581684337994608 -0.33323696394968183 1.0
1686249386 14.681570051956669 -0.32869610383256503 1.0
1686249386 14.781453401376993 -0.32406458928070964 1.0
1686249386 14.881334430841079 -0.3193441296624534 1.0
1686249386 14.981213184934415 -0.31453643434613404 1.0
1686249386 15.081089708242503 -0.3096432127000891 1.0
1686249386 15.180964045350827 -0.30466617409265634 1.0
1686249386 15.280836240844891 -0.2996070278921735 1.0
1686249386 15.380706339310183 -0.29446748346697826 1.0
1686249386 15.480574385332199 -0.2892492501854082 1.0
1686249386 15.580440423496437 -0.28395403741580105 1.0
1686249386 15.680304498388383 -0.27858355452649464 1.0
1686249386 15.780166654593536 -0.2731395108858264 1.0
1686249386 15.88002693669739 -0.26762361586213423 1.0
1686249386 15.979885389285439 -0.2620375788237557 1.0
1686249386 16.079742056943182 -0.2563831091390284 1.0
1686249386 16.179596984256104 -0.2506619161762903 1.0
1686249386 16.279450215809707 -0.24487570930387878 1.0
1686249386 16.37930179618948 -0.23902619789013163 1.0
1686249386 16.47915176998092 -0.23311509130338673 1.0
1686249386 16.57900018176952 -0.22714409891198145 1.0
1686249386 16.678847076140773 -0.22111493008425379 1.0
1686249386 16.778692497680176 -0.21502929418854103 1.0
1686249386 16.87853649097323 -0.20888890059318108 1.0
1686249386 16.97837910060541 -0.20269545866651187 1.0
1686249386 17.078220371162224 -0.1964506777768706 1.0
1686249386 17.178060347229167 -0.19015626729259544 1.0
1686249386 17.27789907339173 -0.18381393658202355 1.0
1686249386 17.377736594235405 -0.17742539501349297 1.0
1686249386 17.47757295434569 -0.17099235195534154 1.0
1686249386 17.57740819830808 -0.16451651677590637 1.0
1686249386 17.677242370708058 -0.1579995988435258 1.0
1686249386 17.777075516131138 -0.15144330752653695 1.0
1686249386 17.876907679162795 -0.14484935219327766 1.0
1686249386 17.976738904388533 -0.13821944221208604 1.0
1686249386 18.07656923639385 -0.1315552869512992 1.0
1686249386 18.17639871976423 -0.12485859577925518 1.0
1686249386 18.276227399085176 -0.11813107806429142 1.0
1686249386 18.376055318942175 -0.11137444317474565 1.0
1686249386 18.475882523920724 -0.1045904004789559 1.0
1686249386 18.57570905860632 -0.09778065934525935 1.0
1686249386 18.675534967584454 -0.09094692914199415 1.0
1686249386 18.77536029544062 -0.08409091923749751 1.0
1686249386 18.875185086760318 -0.07721433900010732 1.0
1686249386 18.975009386129035 -0.07031889779816164 1.0
1686249386 19.074833238132268 -0.0634063049999974 1.0
1686249386 19.174656687355515 -0.05647826997395279 1.0
1686249386 19.274479778384258 -0.049536502088365644 1.0
1686249386 19.374302555804004 -0.04258271071157313 1.0
1686249386 19.47412506420024 -0.035618605211913484 1.0
1686249386 19.573947348158466 -0.02864589495772385 1.0
1686249386 19.673769452264175 -0.021666289317342102 1.0
1686249386 19.77359142110285 -0.01468149765910623 1.0
1686249386 19.873413299260005 -0.007693229351353498 1.0
1686249386 19.973235131321115 -0.000703193762422033 1.0
