7.4877400379606325 6.269634352299661 0.3951403775472466 8.3926896893453 7.480791332159967 1.0857628725833774 6.3606435607766825 -0.033322650982044094 0.25888821499559445 8.219665039627285 0.6756241670391951 0.5420036466631601
5.667961077439076 -0.06880899877332255 0.2595132143099179 8.140112552381233 0.6697295198518233 0.5877908614562655

7.35621550659846 6.101637070456444 0.33366292564800637 8.325428945344804 7.415633509182188 1.0854518235459762
6.873906090522084 6.007665713018893 0.43897703911190056 8.782062111346445 7.878414977438854 1.1024512159212965
6.116837574258834 -0.07099899543776206 0.18079097521586407 8.793804226211286 0.7113914104059019 0.5712418899049462 7.292629024159529 6.1520278231435706 0.4755085402572574 8.416062795176304 7.305982281710984 1.119063726323984
6.1294454733332895 -0.07321507824700035 0.2918583872440439 7.679112309559899 0.635167280827424 0.5524513750317286
7.472588037606546 6.208327591687329 0.213048099433911 9.084895904809077 8.183762079271103 1.088159726908632
7.245604525235394 6.16774367922752 0.3498036680670309 8.483009658740505 7.591332312805499 1.09094653061493 6.129930789726921 -6.910673196446018 3.0293033264894005 8.62551430400193 -4.924703514595976 3.8836002337069977
5.465607979113096 -0.07126593597538011 -0.16388179974902317 11.277529552264818 0.8616237239232267 0.6869769838872148 7.163542085546576 6.021557420113839 0.4698162869388527 8.38177225394703 7.328301770286952 1.085135229678309
6.361603917105656 -0.036313277324049376 0.23581877834802034 7.881366762685759 0.644002181746227 0.5471457808250999

7.322486981894965 6.174924408154539 0.44760729798595444 8.479064019660573 7.500185803961661 1.0751816131800394
7.273247504076734 6.118506360799074 0.29287581014846964 8.52885660292765 7.685956884175539 1.085301048371044
7.053857235711653 5.946453631541631 0.2599005558567118 8.431089817692087 7.5629716154969255 1.091746001521302 5.829782344471523 -0.03519861974582858 0.2884565603978515 8.300281031361122 0.6811687868900872 0.5663288168311995
7.228882252133166 6.054539091233187 0.31925915361007684 8.583719139463204 7.5237473078518695 1.0872672161525694
7.265249879243506 6.061155718767948 0.30917221310063137 8.622739395605828 7.343481666510727 1.1102447683751437 6.1572694030295265 -0.03201505032493661 0.30119863741846364 8.034405569526406 0.6153573581877683 0.5670792117938125
7.262227853401435 6.064616796952363 0.4051148022408848 8.419861164710538 7.300957360983785 1.1395154966503613

6.399701684637098 -0.07701829218453496 0.13964486231829532 9.555948940997611 0.6882080456584476 0.5590179359333733

6.2512906828543375 -7.014992278069258 3.1368622227220495 8.957799020777173 -5.0763292722404 3.9612147770476143
7.269658448469939 6.052194014191627 0.41674220306679577 8.853650671879704 7.939592257142066 1.075592102824699



6.448125531368008 -0.03731835452443143 0.33997978113208127 7.7657666993556305 0.6322769010936782 0.5169398067545785

6.014801003344133 -0.03673796915100193 0.37203690992583005 7.6394398780940245 0.5886591687225255 0.5289310542523951
6.28324839121306 -0.03471370781200281 0.34328962265529395 7.9381467936392855 0.6427709162595706 0.5188609263889814



6.539022899651262 -0.04344502612835942 0.3207305064754151 8.006403587077203 0.653015154517197 0.5294707989553908




7.033722027749157 6.070142379278164 0.4277317796515949 8.697549543674654 7.807279808542688 1.087659092099842






7.3444296941590865 6.208261755104318 0.36967191733656324 8.881571124931195 7.969311026288643 1.094580772284734


7.108475050436584 5.988167328918332 0.42385817036555995 8.385972808571694 7.23940981554804 1.101586175311089


3.0600172658196345 2.7595353664771256 0.20181271541279 3.3175917630537177 3.012308900274777 0.41096420219757124
7.222300630257589 6.179043637831018 0.4130491242015628 8.38244212276427 7.299173444012504 1.1139308087249664 6.0887599700890185 -0.036299583780073266 0.317889026028938 8.188618346694604 0.6034555509327895 0.5504610221605062


7.220486222268822 6.004036741098355 0.5035500394251271 8.500709194378496 7.387943303160559 1.1019976959974047 5.0199737454996 4.541043220983305 0.015480146183292742 5.846368205942421 5.2344048907676015 0.16401548023916446

6.734027472386116 6.016943761483854 0.5312283248278429 8.66842050564661 7.781338692472482 1.1097649779126613


7.249618824964078 6.0773229336212715 0.4249285668606597 8.862497863452953 7.965466669137032 1.0899873143967287
7.275178003231209 6.025335427972025 0.43250182914935786 8.46462306733564 7.400759591063947 1.0943534153492158





7.172818227023762 6.072024032230039 0.3033182240274832 8.461642676741343 7.523507575230601 1.0962490750137888
7.154453510005743 6.181958056986331 0.4287749647741119 9.071672299772736 8.14270720630884 1.1381971958993224 6.338125860206215 -0.10388325899839398 0.3307785083193633 8.108268059059245 0.6466249600052832 0.5239433355151022




7.15466409153974 6.071910273752403 0.3398853369383077 8.419706758543011 7.487039206024506 1.1066445979050992
6.1679358599337695 -0.07577935121023563 0.32952170513815804 8.028270683492355 0.6579894331780959 0.5428857419327009 7.262694339643743 6.134287341641552 0.3877059382102248 8.35025534810416 7.442902986853887 1.0870139314856704






6.0834372046723235 -0.10486025336966415 0.14172895658761697 9.40173738346895 0.7306918755829548 0.5682921934123679




7.246398494342259 6.221021331178594 0.3994029981148435 8.506390322846649 7.5081357892017575 1.1015959375162983 6.577667369111753 -0.08564100093427196 0.12218021075263374 9.578353446558904 0.7167285184615452 0.5120544456789256



7.296083211407192 6.130617353128719 0.41267426060750556 8.758330198420898 7.817759868497534 1.1510819090335296








6.557596379144714 -0.07878729974941498 0.21217527055189844 8.799764573958734 0.7180512189157388 0.47866981056610247 7.242935974767482 6.074855619018433 0.4334025425999988 8.481670144012432 7.260619119910031 1.0919545645253876

5.785969814989137 -0.07252956715129946 0.22280059779068195 8.73672934108661 0.7005919635710609 0.5607880072234215

6.999593524912013 6.079276128763821 0.4056594643088167 8.34912405350488 7.423064581740759 1.121780347870018

5.863961617278548 -0.08144235343758457 0.3402201380591794 8.034560788330095 0.6560087057121449 0.580918289910442
5.999491772428334 -0.10173382663626629 0.2714713790234069 8.491143191025017 0.6862358633442597 0.5426465245554033



6.444410238150683 5.804197221618699 -0.42001415722285307 7.496595275085573 6.716534700673949 -0.13178200132150986

7.251029952335597 6.117090505717209 0.4082463858778935 8.628259434821803 7.558995440933486 1.0865218382099067


6.133485710689623 -0.10284194471066557 0.2888398325391217 8.43896908071581 0.6723482030921439 0.5454579075614172











6.1117538429307965 -0.07440178416116253 0.20061056618035678 8.893372500824015 0.7108095406135547 0.520081355406236




6.069675610112496 -6.318310754786604 3.144497330904359 7.9123448602046444 -4.938352744004186 3.6663060053248446



9.38190354405742 3.6611899697979755 -0.5737616716155602 17.996958009696854 6.841943696826649 0.38283336342780583 4.682994616185799 -4.391648407368109 0.7578432631586733 6.302051907594854 -3.1433750669958407 1.222488567309621
5.839802835384608 -0.10469845845902573 0.2151630119022816 8.804941315098569 0.7168095426126826 0.5774686561082567




6.644854101340417 -0.04589526562875215 0.28289187137364435 8.613859721165154 0.6280314234582836 0.4922718680675453









6.270351247270184 -6.410452200808646 3.144733526525866 8.080028096152125 -5.18265442763578 3.752457741216851


6.171477600277578 -6.861179983696488 3.0241462038914473 8.757452078889267 -5.065145403079642 3.935592443961036


6.08814235428499 -0.11124935374148795 0.14751256778423572 9.21907328956741 0.7488841653790752 0.5165458238527865







6.187631862838084 -6.385952466808325 3.0452441754465935 8.009425301873344 -5.033332517384248 3.701108346273142




6.536781395339069 -0.11657204641315252 0.13168666648962501 9.330036152019236 0.7556686629703447 0.4760987208183478




6.631358943528446 -0.07842523186682127 0.24894857589259356 8.904049413442875 0.6703573614228903 0.5090055946593126



6.05594750495477 -0.03683325919099985 0.2777241865872544 8.00930184601835 0.6408964657389855 0.5314391466234001

6.0227671830372085 -0.11061204121983878 0.2979133296689733 8.556501798163296 0.6627994600804483 0.5263828837739508








6.195453037061982 -0.07069966154537721 0.2690413982205109 8.301818333004643 0.6681474700361056 0.5796580443820685


1.6621685216169344 -1.502414635027465 1.204087825577151 2.1988872048002293 -1.3327376857270414 1.4302219380332664 9.398742655986885 1.4959527579826688 3.1371142219419923 11.718993131479477 2.421466896578349 3.5906907396858427
2.111807866240815 -3.1299053498694454 0.8803117985383231 6.605705610792843 -1.1742881557455198 1.4022332245172269


3.5995301484186935 -1.0002666332590486 0.30734726838820103 3.954874658253046 -0.7810493189845356 0.4659798086119822
5.860810055855507 -0.06852370381277305 0.40398594195939364 7.427228023533219 0.6034572708207028 0.6200851104525031
5.81714991807563 -0.054810300480694005 0.3183533482957259 7.6620815148042505 0.6323738428016143 0.6654564320499016
5.712137102738899 0.016797547913988214 0.3985849032928561 7.088649927422467 0.5463599393132285 0.6697826487970155


5.710711096187071 -0.18183558266744526 0.2998697047329921 7.373216929232361 0.7319341878196898 0.6784252953973411
5.610854700140521 -0.17922135804433845 0.3983829716790228 6.898519357066764 0.6575983154123194 0.6533383218431524

5.3685037899756045 -0.18398779552079034 0.46072425152914454 6.730434048734554 0.6522546432189407 0.6456601851203919
5.698070073113394 -0.27149813691475405 0.4489928675678214 7.177693399620106 0.6744509524470362 0.6525017037389947
5.629902562229701 -0.275762612139176 0.33636880509561373 7.846917508866709 0.6928635143453427 0.6643572247329438






6.060102007040742 -6.559038863864878 3.1413298245387846 8.153986931081906 -4.908614310930799 3.7425874662752876







6.222591748432354 -6.364465217483278 3.1336652879315174 8.066432502507116 -5.09134646521755 3.710657313576085

6.08100537887597 -6.355377770156308 3.1447334518642376 8.000765348836945 -4.905496471488659 3.700525494619068




9.029465423761614 1.3854207141554282 3.0952970932973076 11.689064533016262 2.5264396602522634 3.5997446350507274













6.414535091629738 -6.779222214658169 3.11758755470297 8.482474936790203 -5.198428452111364 3.8507183079762646

6.353344141616922 -6.56290276044047 3.119723667451881 8.274190005790269 -5.253097969311904 3.8073674999937133






5.546989606543867 -0.13875966657990818 0.22335806350088494 8.6080588652477 0.7585132562489065 0.63093834434412
5.628794672428998 -0.13875710353557727 0.35267660232015463 7.848607392355382 0.6914417660342687 0.6014119490292427





3.6998216486161017 -1.6846970080357528 0.31623886312059146 4.1293725177190215 -1.433695635701058 0.48219719530377514

3.1753943148667547 -2.490501787511274 0.6157712426702601 7.845780618586512 -1.2715870500136477 1.205163997256006


6.2288739547381295 -6.257019204242504 3.162551765892011 7.894442035319365 -5.040095112426252 3.691813859629714









































6.257565707442344 -6.262497547175093 3.1502115101595107 7.884488759123231 -5.164758916190201 3.681654699754762


6.355061390703103 -7.1390870500642425 3.090262776810735 8.959511285994497 -5.1882111369922175 3.955502046452625






3.6267205718782596 3.011857239728419 0.013397911337479806 5.985903769006321 5.1404825272554575 0.4802112550471431
3.7301844257292665 3.0838771587994307 -0.562139007429022 8.04123751583937 6.718628465057668 0.4383922804541125 5.98364748989999 -0.12194241964672112 0.19428477932883403 8.980289130514748 0.7472051700563602 0.6198601815826131
3.891819782287298 3.097272962392704 -0.05242293817512311 6.169701846017594 5.306182161398799 0.42772285018338185
3.9478595890124786 3.145115308370095 0.27354928524713795 4.7828258015936616 4.005538082676249 0.41126459702784324 6.137850993684342 -6.360663309964366 3.0479421088521517 8.074332546971451 -5.052253137024733 3.6803578296946955
3.7091391618956546 3.0274457506805033 0.08439547000217718 5.48856426484219 4.490185316201329 0.40716642847738993
3.96341301177896 3.106664717300614 0.2553062868315912 4.8805625724806765 4.039993277315298 0.416173624195995 6.164144990605914 -6.27892245171788 3.0199254884118694 7.896298448311581 -5.063642101086527 3.688336144599629 6.310957396296563 -6.27892245171788 3.145239816425536 7.896298448311581 -5.114762216223831 3.6735359939302663
3.981247928222609 3.1138108707996337 0.1886333035843908 5.212211210578859 4.091973836388487 0.4354925378472032 6.186903773305203 -6.389896562044198 3.0834783243953163 7.786209784001617 -4.946010204057778 3.614467964444868
3.849968762081144 3.106145011616138 -0.012485663124003343 5.912532262439134 4.93259670709529 0.4178907485614125 6.411310931012382 -6.54386337304862 3.0834403194535165 8.325356705437692 -5.272645931664623 3.764224073678118 6.036250300937271 -6.54386337304862 3.0042321544421258 8.325356705437692 -5.090743109807339 3.764224073678118
6.318757752608921 -7.031172435562226 3.011948066422689 8.873619671220279 -5.090550786519107 3.7941172953255378 7.107919014658206 5.895943291030744 0.4598242570661748 8.751412812345256 7.454206307204857 1.0878105197604173 4.023359155924224 3.09899555365807 0.011661615642732714 5.820865144757864 4.901569964796477 0.4146363235297219 6.383511900931877 -7.031172435562226 3.107094824408388 8.873619671220279 -5.137955330744588 3.7938397206360217
3.9937401654852325 3.1864634481580456 0.23387515265009107 4.838033129770862 4.02287696322219 0.4120878488793027 6.082968661556038 -6.568886809789722 3.059619412583866 8.386440981348459 -5.062025604072456 3.7620757101348796
6.122435807581547 -6.57071578845405 3.0331089726346776 8.354607426164721 -5.165942427727124 3.7706331084338305 3.985397031851053 3.137807476049201 0.19113252258520141 5.103293630135091 4.2562095100035195 0.4637127353540249
3.939905025821926 3.1326047561841763 -0.06660397383860794 6.092517771456662 5.159487688312772 0.4147495559268566 6.015445502392156 -6.633256530705057 3.0140660709115954 8.459854751109585 -5.077259795545665 3.8147291094500364
3.940329960737894 3.072549396750932 -0.02963687837163298 5.9686979642620885 5.033363992568945 0.4332506760342556 6.1143949612946225 -6.470383641390956 3.043888027260053 8.208855063081629 -4.954092559937641 3.78539862052454 6.011552516682847 -6.470383641390956 3.021746497060486 8.208855063081629 -4.954092559937641 3.78539862052454
3.9803545169257495 3.1671911926117535 0.02505960768976756 5.781597220171481 4.7649594998610105 0.40843218701257666 6.280834327780389 -6.449301629001531 3.0950237429750342 8.1954393877725 -5.150143704569395 3.702038579308799 5.872511314134444 -6.449301629001531 2.9937957152195596 8.1954393877725 -4.946756066755052 3.702038579308799
4.009158145370417 3.0280429103748308 -0.1539724733249075 6.4291806200476795 5.359826813288447 0.4207280680487617 6.440074865708779 -6.489479994669649 3.145541749531699 8.281836597767743 -5.214319846637574 3.783055908694707 6.440074865708779 -6.489479994669649 3.1381981138417814 8.281836597767743 -5.214319846637574 3.783055908694707
4.001142051523004 3.1172889365171854 0.18725502644391812 5.157447395605218 4.3035075208200455 0.42630210621609876 6.647433384724283 -6.574056455053706 3.1492835942829474 8.143420427202454 -5.403380057822795 3.8027795391247294
4.013500749366269 3.1920629773100146 0.07613987363806407 5.599652423142479 4.630784406749812 0.409568002156917 6.2091551621893055 -6.4939981217234966 3.0422404839370634 8.100542410818377 -5.164014760594129 3.727257008404409 6.371672316085531 -6.4939981217234966 3.15121333579223 8.100542410818377 -5.164014760594129 3.727257008404409
3.9714036320957087 3.152915576523176 0.23213532047426155 4.943762071015433 4.1161294051415345 0.415875747695464 6.259745878341433 -6.419899629017853 3.0450918302627263 8.173691559733662 -5.329796205647489 3.719608475955583 6.540157185759705 -6.419899629017853 3.14568922925413 8.128026139660577 -5.39860588174803 3.719608475955583
6.610668220953757 -6.441704362363359 3.139340016418309 8.070694457232044 -5.396338459439573 3.730785502252654 6.4887668042540065 -6.441704362363359 3.133012668753606 8.070694457232044 -5.363502276118034 3.730785502252654
4.005733398997821 3.1799277797596948 0.15688913899151857 5.314275577023503 4.471767925372755 0.4168969845526378 6.280742341721105 -6.438610268448267 3.148671783733132 8.069886889299834 -5.102964272442333 3.7091137990749203 6.275744516661686 -6.438610268448267 3.1015976093959967 8.069886889299834 -5.102964272442333 3.7091137990749203
4.0000837206594335 3.139218015796872 -0.09464257634818041 6.1973455330086304 5.246695875833167 0.42783409457936017 6.578813963747697 -6.35644574910309 3.1495189033861464 8.017649818957782 -5.304487339623132 3.7157169909793146
4.021960575453891 3.1729154435452833 0.22636308505773273 5.073266452902786 4.259021190276952 0.4130723758154431 6.256069568965103 -6.4164942970098595 3.064899807014081 7.985776268099884 -5.09080887361825 3.7236796061547546
3.736491043503866 2.9192204328528004 0.2824142911495253 4.661192454226632 3.6726348882348936 0.5053876242104092 6.4116446138917444 -6.415413420845131 3.0923446446958835 7.927215477495481 -5.230454749687133 3.6988980815464245
3.9889024713551384 3.1611901324729574 0.2410228474039806 4.992899593851653 4.154352233132603 0.42111268118404954 6.406241071143487 -6.416975299778365 3.091100298091552 7.956621241364702 -5.275017241645033 3.6851121584342055 6.406241071143487 -6.416975299778365 3.091100298091552 7.956621241364702 -5.275017241645033 3.6851121584342055
6.002794111887076 -6.412274119670006 2.983338745901251 7.997526369720834 -5.0624771628173955 3.6896177953966953 4.002601340781664 3.0939516767137643 0.06737787591325017 5.658385729915404 4.746434328829918 0.43336099645159254
6.339668990373286 -6.41721955467685 3.0725703693215394 7.929513400163305 -5.0544518567731584 3.7156650352679494 6.258300733739686 -6.41721955467685 3.0725703693215394 7.929513400163305 -5.0544518567731584 3.7156650352679494 3.9102472847280865 3.1674089945630945 -0.10179236537216374 6.223742361269801 5.19995621267259 0.40851439661867883
4.012121444128188 3.066504815370141 0.20138509975665753 4.995829097406219 4.137138584342958 0.4113888493219673 6.0201158068704705 -6.276958658875209 3.046271058468712 7.771760304572207 -4.7291842093389445 3.664545798125698 6.23960416711218 -6.276958658875209 3.046271058468712 7.771760304572207 -4.958044060457082 3.664545798125698
3.905141838160959 3.1442875014001856 0.25000260947456576 4.991501933441336 4.043609867231581 0.39707206761097735
4.129767890115724 3.1735682508590437 -0.06707542133726485 6.034235297732311 4.925631155687059 0.42648004643843906 6.260721278283576 -6.281728033980312 3.195673309525543 7.905769320958331 -5.015104451223606 3.686840864432779
4.161067533744795 3.21676148879579 0.2145728295367184 4.705664465943582 3.7778215378861937 0.4071652471246221 6.239239285141792 -6.360276935016521 3.0384583356119372 7.986605930444052 -5.05144927641522 3.6911685562583947
4.190168510381217 3.163281864016617 0.29533405724454753 4.749947399475291 3.7124503456705353 0.39838836975923075
4.091884050133771 3.082060573321765 0.14240971904923194 5.325430276932662 4.165230149577223 0.37950078323592384 6.408558893076497 -6.524778628554609 3.0516503597283635 8.40161543290881 -5.104583010588625 3.66174216804376
4.319879898093525 3.189648288700633 0.2791830193117315 4.864594489431688 3.670823808143355 0.35948409874864895 6.275364346491198 -6.1002438194665425 3.1667359345169155 7.900220563525971 -4.840016465044706 3.609830498684267





5.464089683053035 -5.33609598336783 0.32827047102415174 7.492629918397507 -2.4203091225157873 0.6355050306183303





6.175607550755482 -0.1446646921240647 0.17053740454676647 8.595708324134904 0.7149335481328799 0.5773608979745795


5.900921115604416 -0.1617826244736182 0.3024132577810408 7.868290784508899 0.6935625191695425 0.5474243113269068

5.501372677109752 -5.471599882629659 0.35415661610142113 7.323183987797314 -2.4780730970940548 0.627211991846453
5.469097241174781 -4.582049409806125 0.38251302371171647 7.351794732511013 -2.4715095804789824 0.6419310649960588 6.2350546752927904 -0.14395803787671113 0.28122693141102517 7.906478060673546 0.7177364345255525 0.5685344349284696




6.262758881019181 -0.14580540155516641 0.28866104230751044 8.0934510275768 0.7346007421129789 0.5511954825229015



5.466179267972503 -4.820992914996801 0.2874461198836751 7.282094556945803 -2.520615735533162 0.6202557289211256

5.6165864027451065 -5.5493287744660345 0.31681646838600286 7.391401722926251 -2.51861859671462 0.6523724988767744 5.6165864027451065 -5.745566141742535 0.325960476961606 7.744519133011076 -2.51861859671462 0.6770740905409395




5.520082818238746 -4.722608260968252 0.26124597112464665 7.396745471632907 -2.5207723878268085 0.6169776299756762
5.563049516679882 -4.895717782394254 0.34349730365863285 7.611490772290509 -2.4425312117953846 0.6366377229749887



6.061828117739794 -0.1584006630952662 0.3041226018486942 7.563422076636477 0.6821504730207826 0.5930912923296154
5.441539024338391 -4.604850657310991 0.28842951766114466 7.359460100201556 -2.4949098942361383 0.6289157688926906

6.212931542011016 -0.15689872992853687 0.31691570515735434 7.937789932666576 0.6840248480422001 0.5520492562397774




5.5741740790989445 -5.315496457758389 0.36342131208369666 7.398603787259209 -2.415506595002731 0.6205377303476163
9.941412372662592 1.5064720236168148 3.1242050777742323 12.458027814775251 2.6535614165160237 3.744010227061734

9.87414321679418 1.5421233612206255 3.1136563666351305 12.300410891169683 2.5360490927591104 3.7623170342975683

9.814079103214087 1.5320620916411531 3.111509908477398 12.108791375597232 2.589628821754662 3.7373209054230756

9.477204069887994 1.445561429408914 3.0197427177616136 12.442762509256628 2.7131209346157186 3.813599664889645

5.59179567116074 -4.8301307648356095 0.3311622998914898 7.574574307579441 -2.2444764986565255 0.7183939004882419
5.494492766910272 -5.638067726681779 0.2946827334744815 7.409600874024356 -2.4666360434233034 0.6492170672296333




9.72559759613712 1.551366256649062 3.051351229064755 12.468571136239603 2.6503712070346883 3.7422423669138767 5.6035583348081905 -4.971354498711542 0.3030464523715102 7.9190585232454485 -2.479017822735137 0.6232838052541064
5.515586846814751 -5.59029433632988 0.3933124664208567 7.334368619579687 -2.499360916843603 0.6381026215917891

6.0539268178463175 -0.16058501741571857 0.3648209325544769 7.4907118246122355 0.6800903238117645 0.5676898075661649
9.91429440094941 1.4834145348997374 3.1284782202537933 12.48772129703445 2.6812645540814875 3.7618353349046263
5.506100929425887 -4.524527933923305 0.2955752649200045 7.231223340535375 -2.4275412801841503 0.6561921565259922

9.804327269630221 1.518146039851394 3.100334665017048 12.407057659405073 2.5661805478677278 3.6924130543268827



5.598944405062122 -4.797615511700355 0.2925013403945331 7.640123216274551 -2.347403457513774 0.6972141846430044
5.45815338490515 -4.711968720869976 0.37233327066230304 7.259706440457214 -2.480349860402074 0.6281161024095394


5.540804662322143 -4.321988249865612 0.32068298456051614 7.656325929551774 -2.5258264982097574 0.622092074573871 5.540804662322143 -5.598980077189933 0.32523076343087975 8.463275565218717 -2.5136022709344803 0.7031351787556608
5.53426021193969 -4.635163912444579 0.26993834297750596 8.101716123081882 -2.4909146579437933 0.6408634597938027 9.976218813524733 1.5165679379905657 3.1309816212031203 12.242907474947762 2.5325477534200505 3.7417311576079153

9.867082327406703 1.515107033972594 3.111723814809594 12.36621654640411 2.6890651169627553 3.689328853846539
5.4850102449024165 -4.2401487940652185 0.3483076662267921 7.3290253862761015 -2.4963807422153668 0.6306313784063567 9.576899046757761 1.4997197201970422 3.0406746888661846 12.449360830238486 2.725869496946412 3.7061490703677054 5.4850102449024165 -5.626068293970525 0.3483076662267921 8.106988864209093 -2.4963807422153668 0.7002653188680205
5.669343302455973 -5.128925939567486 0.22746079780692496 7.727268109059685 -2.512728324913777 0.6519941992264714 5.670625811254775 -5.937785835009596 0.24060584990035916 8.598762159007336 -2.3674751988330724 0.8111977998763354












5.519264022003351 -5.379094852131654 0.2664934497928131 7.23565951120496 -2.426223099823206 0.6699612887402434
5.555645093165402 -6.225447465459115 0.3423160698351988 8.095392357775221 -2.510730286309969 0.626173899285583

5.503192898452841 -4.663174586156056 0.3528422148681132 7.4625598426255 -2.515195970561532 0.6407720373674096


5.5341853626319075 -4.613215932689832 0.32437607369311916 7.3479590364488105 -2.426704041578965 0.6487979315890309


5.486169777088456 -4.596185285375425 0.339713404399419 7.715643863702853 -2.496576982224039 0.6245278603140115
5.512512164241835 -5.68406970113968 0.34101414693039866 7.436012299728603 -2.504758317146017 0.6762999405801403
5.651399466896302 -5.536187210080813 0.29269554618097526 7.527533658342364 -2.5458100423252628 0.6328493535916435

9.920398911418536 1.5062527708829248 3.1221268878612 12.562035963996815 2.704250688776564 3.7255354284049065
5.606667300550739 -4.837022880340754 0.28349979935008296 7.250546871668143 -2.4546669653998667 0.6260375643728371




5.503686272929563 -6.20714641620117 0.2098862700543651 7.978965063275701 -2.420185325529229 0.6665687477327372


9.796450931785575 1.522290998801099 3.063615653233128 12.893664134441583 2.7962052691516286 3.7336366787681774
5.545684682673126 -5.920269235080873 0.35807725107810695 7.663701514386004 -2.456812718248513 0.6217632551931205




5.480928903130591 -4.867344873712706 0.36713273849379213 7.284154290821172 -2.5009059300531726 0.6378294339286705

9.765275621230732 1.513148030776563 3.058717298392228 12.550580843592241 2.684985156077116 3.6968310359121377






5.508056578170906 -4.614859002266427 0.3818659173531429 7.127872063426331 -2.5371667018079926 0.6351617806555943 5.508056578170906 -5.5224582494380074 0.3818659173531429 8.096501259831186 -2.1668358577704705 0.7710258172409644





9.726135639151067 1.4902003282181175 3.0526979103525473 12.452546460623218 2.6631775028530478 3.763831773845781 5.630037417995548 -5.613038671396238 0.23403588304595369 7.529100140584247 -2.4831322445831625 0.6186023344254696

5.493099326321531 -4.801751867205339 0.3106612647447935 7.6093694369024565 -2.4771993537557067 0.6279670371112085 5.493099326321531 -5.43073700211849 0.3106612647447935 7.7463831566546935 -2.4771993537557067 0.6567214225357987

5.5150710662523865 -4.739469936029246 0.37182143322126926 7.299550728451661 -2.5522928476530153 0.6163248953707903 5.5150710662523865 -5.512648415952206 0.3884324267907544 7.475584182169682 -2.547786870131439 0.7161501125296054


5.493274972885852 -5.99972189117101 0.33982129454721854 7.766615502556948 -2.5170040335901347 0.6221349649551154



5.5144986324159 -4.748387455027325 0.3729739959800411 7.362555844312958 -2.497204866120715 0.6293711960919736

9.918454180574052 1.5309914812495633 3.1220492868258667 12.513024431804642 2.6769530247047886 3.7259371388889075 5.537435461419429 -5.560591438859173 0.3027933252098418 7.474187877898718 -2.4357691278761977 0.6428856374639396
5.458579046204348 -4.592902664430693 0.36381869244382425 7.200598586191526 -2.4415586760201156 0.6547014947194143 5.5422869755657285 -5.566064977096555 0.37343229495242025 7.464466957396195 -2.4415586760201156 0.6547014947194143 9.864148567789385 1.5207866701112578 3.110798226511781 12.367336659929286 2.6146556323643955 3.7232855565367715



9.79080715029936 1.4983282157739095 3.0635458863163993 12.93616234756376 2.7874526866059504 3.698914071828616
9.624777922227603 1.5370005537841485 3.035544357079157 12.617716087970535 2.6998150553068108 3.717506769352651 5.42248437980177 -6.020934124041199 0.36854634704460865 7.805949940044935 -2.4564125968964814 0.650145078988599
5.6200920075365275 -4.489405731478671 0.299225105841195 7.701576158869481 -2.516594600873462 0.6426359533832282

5.610045408940571 -5.457081490137455 0.2723261741770211 7.647071969928965 -2.525566998642892 0.5957879346804578
9.737981780534653 1.4971550724415739 3.053351466148959 12.655549392315143 2.7090460688811038 3.7246346328531397 5.590214937544335 -6.068801369339961 0.30956645137328587 7.827225869360558 -2.5028894795099665 0.6642664860144





9.851327276201745 1.5334583508418391 3.0729562888951403 12.397785191328085 2.713632348100962 3.701885092999247 5.432155881438044 -4.853222243238624 0.29678013043549933 7.406608406801776 -2.4424191798454875 0.6338846895335392


5.514534764150623 -5.847257254049017 0.3837752698305543 8.34673970575253 -2.505346857018383 0.6819019503202697
9.752731010383682 1.5169171021701318 3.056744614528867 12.428187758137328 2.7037787211669606 3.728806362429468


9.975010025144432 1.5392649798238804 3.1311801484768567 12.231237293672637 2.5663758195991666 3.725852712692928
5.460427813523235 -4.723637024818376 0.28458298128202664 7.204203792282165 -2.326610828652554 0.6494115277365562
5.489472547338594 -5.6458502584222 0.3255957583113571 7.462393155476915 -2.4541021368058655 0.6282593471643528









5.576928871206583 -4.822048389812328 0.26176667539969345 7.319359875039105 -2.4865316999787614 0.6420957892079957





5.5437889298871 -5.277933840243366 0.35447018053180157 7.355511044739978 -2.446794480355329 0.6452677008525188




5.403632740389404 -4.448089588295325 0.3807737619484355 7.668980676860802 -2.5792177078777465 0.6117982814508572 9.844807181058208 1.5579470306170045 3.1310722413454037 12.36881787228936 2.655506270858559 3.7680382371792516 5.403632740389404 -4.605021112160049 0.37487017985747717 7.668980676860802 -2.5290960254957766 0.6136543164095045

5.566938319953633 -5.278344051921609 0.3761087472451743 7.195742934624296 -2.5221714312914103 0.6409287384210044


5.646017761051617 -5.5183226321753756 0.34737375510418467 7.390254391987307 -2.51497736697724 0.6367166583005207



9.789466851953327 1.5419739683868516 3.0632855155681256 12.265835981883527 2.6200783503732716 3.760284553801294
9.8006454165066 1.5471716802653233 3.0699161834844224 12.376974670277253 2.6440792030505227 3.729561089738555
9.897795319086367 1.519479607962267 3.11863733470984 12.550349638271971 2.6561746725163995 3.762291986804024

5.564580803635015 -5.486740377133765 0.35242471893192495 7.291407387512307 -2.4936385668225607 0.6295757812357349 9.80334250852137 1.5211137743027383 3.0652447562624126 12.566746047475737 2.7165458582327426 3.724434998420315



9.76526135514401 1.4720103622111413 3.059799670178148 12.653594787478179 2.7502980466664653 3.710123892432034




5.552849035981402 -5.203554587084996 0.33694089011525064 7.3312536186918775 -2.4415066232201843 0.6640273001800097


9.99416330211243 1.5247188098933524 3.1356211956000295 11.929211660455465 2.5431775706478934 3.7120796140869725
9.501182984873159 1.505006802453107 3.024988209319463 12.555099137299484 2.7078738756606873 3.722432988019801



9.937291755751549 1.521977457233152 3.1246516661636896 12.515672538884816 2.7251046309619626 3.7401780300437193
5.538933163089563 -4.607288797271205 0.39499894321774254 7.249090938094515 -2.520186895786035 0.6623464689860832 10.045347411721737 1.5378513718586493 3.1434924434140834 12.185511672506845 2.5810022012188 3.7356157856059196








9.55866978894183 1.4843208110731485 3.0379560988295458 12.250733710424614 2.5512777110372453 3.682629381338922








9.776366706244408 1.5347295440612354 3.070874168037234 12.384453234148861 2.563193659394298 3.7100424859562855








5.397405081168303 -4.4850297689990954 0.35651916188248345 7.219898501485877 -2.454525811353091 0.6362186049061631 9.59831612661533 1.5692556192983935 3.024086635286687 12.303036407041539 2.5872746343291038 3.6857815245177608









9.940584543869733 1.5578375757686105 3.1240209701432713 12.192441503153182 2.6081364999498935 3.7090232130496026





























2.4581277028990707 -2.7698651167259696 0.5815438143944436 8.129646022144799 -0.7354954576984025 1.4280484092219856 2.4274005413679367 -3.0092913508596664 0.4417243104411206 6.950099124586265 -0.739660078190328 1.3658262676250579 2.4017208297655226 -1.1261219128548057 1.559209572012234 2.6212081820720385 -0.8457131650593583 1.8257262000171917


9.498774574418977 1.5508094342481646 3.0155879859415533 12.206960980235012 2.5016597018565974 3.6765002197016723









8.000655708712838 -3.4925681282127914 2.9639424066957267 11.612366134742363 -2.1227218315896677 3.869393284923645


6.167096778826263 -0.1665802495362973 0.4007483261608933 6.9812655272234885 0.6698261471971753 0.6229678208487907
6.116802583981805 -0.16568413417998817 0.4286462633094299 7.147286048524592 0.6652827560980431 0.5791314816983886
6.101226084990124 -0.1665711161068023 0.38921062325953715 7.106695123740258 0.6744116250942399 0.5949032363714741


6.040166423421251 -0.1663901980097826 0.4108099801805085 7.1079141176173435 0.6504884010233466 0.5606551748498625
2.760235524653644 -2.6000219240500355 0.5685842074777145 8.156310408480165 -0.894055562895027 1.400286739228005 2.750359806357659 -2.71313930387606 0.5455638149112334 6.744639268568887 -0.891406798995863 1.3051821078506007

6.210855292279099 -0.16491588441522873 0.3954820153521683 7.190179330862887 0.6827417061832652 0.5789001704748986

5.901919071539784 -0.16542200898690354 0.41572229740608235 7.131038388596313 0.6639209722739883 0.6238212854616192

10.012722866324523 1.5438087883295162 3.1422651833001316 12.00083343968421 2.5659813933391526 3.6847648709796483


6.124528096445423 -0.1652269145192286 0.41892085331373563 7.117196526754476 0.6662836029430963 0.5869018414271361
5.951026406481434 -0.16666394847134094 0.3874659102039042 6.986648588805548 0.6642984487489886 0.6353189437889495


6.092701235065252 -0.1675429978798274 0.4201135714569668 7.1764208494784825 0.6511387854064139 0.5849811937313159
5.971500444296229 -0.16783399825186307 0.4064814032497126 7.2712099960371175 0.7018257379585016 0.5961683834381047


6.123727459094318 -0.16518260530025802 0.408609589701981 7.173636485510323 0.6738527900264778 0.5729196193242025
6.120073361262117 -0.1645491314439412 0.39101067245971977 7.0291834619893026 0.66496523671637 0.5714430741236327
6.11486253747336 -0.16474866727738163 0.39907330931074436 7.003542961606855 0.6719719968065496 0.6373762496301943

6.05977254444763 -0.16543999524539815 0.3998409043757152 7.052397519218264 0.6599063535778957 0.5882221212204028












6.151874758150547 -0.1653341929421903 0.3479308296613568 7.1312436623972335 0.6700106508962023 0.6043435897160584
6.049054973788875 -0.165379107241876 0.4030943711099373 7.142964814926457 0.6565523109358119 0.5920989296311086











6.1124104880696555 -0.16463633451293044 0.4094511180977931 6.9735469188695305 0.6654808742858089 0.583995592671757


6.0855902595064615 -0.16583121235644718 0.4111184238951371 6.995801256429871 0.6661225450931741 0.6242646480444893
6.044663540903756 -0.16616932822779185 0.39704396335664294 7.2054715144415225 0.6685414043963709 0.5731116254232076
6.088895970329396 -0.16640777928303588 0.39598245652477115 7.102153497577026 0.6717990728254867 0.5895818859214048



6.098755113226231 -0.1649807717555672 0.3979990048104378 7.162612238220377 0.6791045225168123 0.5684796943164148
5.909952000384844 -0.16454511625058965 0.41672254038626466 7.012775938298502 0.6569181840443977 0.6345185782928688
5.96682665752621 -0.1660576447456428 0.36642400412117193 7.17161335150746 0.673602153729044 0.6000767164245099
5.988919534718859 -0.16486997503281223 0.3820648907917643 7.078760701825351 0.6782634401189575 0.6083711058767449








6.106571157792609 -0.16631390881126076 0.38772543543563165 7.121563483581603 0.6647159881697402 0.5995982039609276
5.993750326711521 -0.16737363972789523 0.42032963355458164 7.056272712861939 0.6535275285837691 0.5925400536738612
6.01469077699302 -0.16748205923932588 0.41326372328413297 7.172760945450626 0.6757761338420711 0.5625112789299613


6.082561383811409 -0.16530993345581968 0.4083474392457802 7.187395474905506 0.6734486668317178 0.5885344972336444


6.1164048039042145 -0.16689452720114603 0.4265769774905881 7.006106570529688 0.6693385146876621 0.6394613446858418

6.187761863205006 -0.16603511619874448 0.3600599599718528 7.153733540829174 0.6783248058395912 0.5771050451757642
6.048633511113876 -0.16559057759754162 0.3906563977610715 7.0559025553353445 0.6727011868814355 0.5690770118660162
6.157297262521305 -0.16421688764561077 0.4093389610736091 7.3817227003221255 0.650043988888285 0.5613101542277827
6.073394895946879 -0.16521322574304229 0.4134859619552249 7.06677681728487 0.6757962708839657 0.5830332064280404
6.115503010161644 -0.1649468251488726 0.4032319458367113 7.116993731081403 0.6667465333612022 0.5933162956811326






6.1815320822778625 -0.16567580206335336 0.3248101219668258 7.1568409585013155 0.6673699955110631 0.6084321680092125
6.147942330863595 -0.16459039386675503 0.40888160990466416 6.991144738179318 0.6587542436615572 0.5802177464187308
6.0705399475019535 -0.16518389865358873 0.3946652918867497 7.257530274123214 0.6667027465744152 0.5784948858579062
6.11223384635407 -0.16348721274755962 0.4098622920727286 7.211369352663978 0.6643064990244721 0.57650966687007



5.9718252141733625 -0.16486865439045792 0.43835026732507965 7.017047073680596 0.6652718681952432 0.5879726147093154

6.1482388981234894 -0.17661853120666304 0.37076047452306615 7.226941189557933 0.6741150736360001 0.5724443837246385








6.140132598277351 -0.16528702955136262 0.3983774175868451 7.1594414153184545 0.6661645543168883 0.5923474711917729


6.057088152654473 -0.16546044992656958 0.4026391862849108 7.21419612092392 0.6786347045427898 0.5860265079937521
6.0706058108715775 -0.165402523671045 0.4181956674264933 7.031093255327513 0.6586606300448071 0.5596058853051091







6.178384765390464 -0.1660161473136597 0.4161600344706795 7.147655428099685 0.6683005486988134 0.6026134220744364
6.055083243467553 -0.16505025965309592 0.4231987767313192 7.106804729683962 0.6797800858093351 0.5581382416395757



6.0757452643097665 -0.1655009675539867 0.4166560564091828 7.048148052012293 0.656011386713769 0.5961587549939038
6.159346749124947 -0.16461687987141035 0.40506397593360344 7.152975323175161 0.677721843810384 0.5756465502899706







7.97447751372775 -3.291035027765905 2.981315247297912 11.86914350910514 -2.226787715106254 3.9575353088334926
6.076593870109277 -0.16640972017338965 0.3947432075489252 7.041691206679516 0.6562770736200334 0.5798339680715112
6.001133183752272 -0.16555744388232066 0.4382621449988693 7.179255116341362 0.6819921791250404 0.6023488350132578
6.007412386505229 -0.16611360796336808 0.4054998936860117 7.034135098079628 0.6705989694778185 0.5792670049007196
6.0107306268275265 -0.16532998933748258 0.3638078188794187 7.095882074945233 0.6601317068459845 0.5756649380265602
5.940581766726834 -0.16494408789900164 0.41859290320442955 7.2265366422384005 0.6606219994698674 0.6279086655949709
6.161469479523882 -0.16676390450089362 0.4158253891928205 7.105540517139817 0.6636852294843508 0.5997543185910875
6.166955647992355 -0.16713277938546267 0.38855471465132685 7.480323217907721 0.6872540215591488 0.5664015171970851




6.051182043256349 -0.16414494162852955 0.4185632542784221 7.150138562913796 0.6786418383915613 0.5833220679740292



6.073071332549319 -0.16579012761013306 0.41791206449373375 7.055780917217538 0.6523983478752422 0.573601948827162

6.047649377238373 -0.16599228999084026 0.4179945504556166 7.336800479303423 0.6678491831636879 0.6070452357865437



6.173661190292711 -0.16765917091168211 0.397263739201547 7.003897460817287 0.6663898686366295 0.5865613774191032
6.109928514903545 -0.1669014374330774 0.4284495361518439 7.084714891734156 0.6763093295799848 0.5876063258767477

5.791654344764859 -0.1677686900594148 0.405452664009887 7.090384840964737 0.6622364717179707 0.6581780296945179


3.4656089426169574 -3.129829832712106 0.5770953052518006 8.421590924984002 -1.4607167787732995 1.3025767616421011 5.731190900080559 -0.1648411485769846 0.4158009040739794 7.242609983912567 0.6823017599140633 0.5948927097843619
3.5255582257202778 -1.722322677808136 0.2991379407135568 3.8231124594110533 -1.4949904838277057 0.5352583952194299 3.9285933592946822 -2.6718907496100712 0.610195901723888 8.224166727750756 -1.2813745779849721 1.2377902653838657 6.118518088351916 -0.16571613262098264 0.36044690680446223 7.040339569719257 0.7013896859815587 0.5834843977993798
6.10130203152519 -0.16726718332388277 0.39629865538809694 7.085169779870366 0.6680589111435413 0.6251762470200626
4.7990499482539075 -1.6225538883617336 0.3964844529440894 5.104220773283824 -1.434632442701087 0.5644926830458636 6.170133053053153 -0.16829936859038597 0.39041488761238696 7.0633939020645276 0.6908755750751059 0.5915837006707525


5.93395873269198 -0.16846579930055994 0.41892972590480926 7.0032768932646245 0.6605046405401882 0.629547614406741
















3.9680406234369974 -2.6286009792297147 0.5835569736161355 8.349226308828793 -1.357774683225046 1.226048882379089























2.245823407142462 -1.0774133165966793 1.6116537162854625 2.4500032588366984 -0.9363992077651246 1.8310848428003248





















6.2029198185379615 -0.18864274447503593 0.40319981079065736 6.892738456947101 0.6265946621078597 0.5641948564747077
6.172788503774906 -0.18936799138656346 0.3184267780129646 7.035032125335305 0.6248176558816203 0.5680539896823287
5.175763466181238 -1.4684657463038966 0.4284089726869629 5.659446140130098 -1.1867093413340484 0.6234814233891468
4.729091176832219 -1.4870133338999711 0.3632702995209698 5.3997086087456845 -1.258017859864108 0.5809202178694908 6.163634437206797 -0.1927156048300086 0.4015205511600668 7.241476551875689 0.6620245988684513 0.5864493949048901
4.621067080766517 -1.8782214343654222 0.3349478693395336 4.94452442686587 -1.4491133491851977 0.5819004330658009 5.918994669407268 -0.19272899736462112 0.4197690438749653 7.220507706803255 0.6359039147962231 0.6236812425933329
4.102088643110262 -2.0759101302730008 0.3162265276949876 4.390560576469707 -1.6750362997019013 0.5335895982731085






6.202134314847763 -0.19389653502462606 0.3960551392319218 7.228999840440838 0.6315156546183959 0.6255869451120096





5.903476951486427 -0.19092343182350652 0.3965415432353978 6.92720626704145 0.6238351333498928 0.6033724072692848




6.11040098554996 -0.19245128905137532 0.37169068185510445 7.24215176812693 0.6457395607089172 0.5747490649042872


6.219785549983712 -0.19101336502984106 0.41489372667883595 6.966280628021617 0.6245840499224222 0.5787160945033356




6.074414876676407 -0.1896430397398723 0.3966502468262221 7.248162279115192 0.6342566701413576 0.5784697313667304





6.197188113902164 -0.1949026966866046 0.3738293159245889 7.2790670701034035 0.6278201192833838 0.5828277107400603

6.094754222665695 -0.1926148685308504 0.3417403856134613 7.29971833438571 0.6446551928588143 0.5872671691820428





















6.072468691305096 -0.19542049247859244 0.3793182964323445 7.210140935049871 0.6301905771832935 0.5713627905915064

















6.235138661620339 -0.19075161286924808 0.40061631058755154 7.089493719193937 0.6231007929768483 0.5901219197902303






7.9572192849632515 -3.309628361167297 2.9284650297766275 12.179659728641255 -2.162883746115441 3.851580905099795

6.117528770338184 -0.19658952305335847 0.3993796192055703 7.0246921405573595 0.6248754989422378 0.5780585008757364















6.08114984095866 -0.18983766334707292 0.3990809589172182 7.176380153851951 0.6240784531996988 0.5863459704848457




5.9177003143479725 -0.192055467614261 0.4028754459796726 7.046077357068237 0.6236152136078418 0.6246870118549832



6.183584322810422 -0.19010918604060661 0.3761468404284529 7.02702914549424 0.6291720921975473 0.5735739142477085








6.1085601521333945 -0.19182611795114551 0.42018484715648285 7.096130246266999 0.6292999618896806 0.5766552092918549
































6.0702159990550095 -0.18997885349505278 0.4045844771429463 7.1890871011907365 0.630136033583256 0.603493936200597

















5.970436111857791 -0.19058302253332726 0.3971411806169216 7.137103666137765 0.6301621202868927 0.5750212040692653


























6.00015369089924 -0.1916918864791854 0.3940660513796801 7.012700608194829 0.6291804560800471 0.5735297441342941



















6.18816362195 -0.19385606290417462 0.37677944561931365 7.0061582474608635 0.6260884918175338 0.616923999569319












6.067011991748078 -0.20171992601994787 0.36211835118991464 7.195374443198491 0.6190316034436133 0.6583261423044502

































6.120953929803542 -0.19028007351418558 0.39769745365113707 7.1612243573684715 0.6728351451905396 0.5875916111595503
6.187494398343682 -0.1914246375289282 0.343812125834297 7.1966840469322015 0.6327216544223804 0.5871361121615439














6.185285099025573 -0.18899517910766128 0.37616458343670445 7.056411635700547 0.6273829490400984 0.5988103689178838





























3.364951822390901 -2.572136543889325 0.6290706119818986 8.05017502267837 -1.003875492681534 1.3068196285850946
3.608292642600958 -1.451061396996521 0.30415374494174663 4.100266197285965 -1.2542484218306509 0.5810342389167031 8.057703304721436 -3.265806474894919 0.8146532815283958 11.878271804629707 -2.407951588505371 1.1545205421494833
4.507615912662152 -1.3544806928767812 0.34975709440032277 4.756367919633724 -1.1556642947933193 0.5054514832069399



6.1567758118827 -0.19228892539557896 0.35878663681002876 6.938678119419324 0.6361008491202388 0.5899780775544148




6.388860355551464 -0.07944383938955424 0.36013589548552494 7.708110540572106 0.5609668920780873 0.5510811231866937
6.236430530326074 -0.07944600532766602 0.38206590003124075 7.285878215566002 0.5595788401801473 0.5791265828194219
6.268806527457928 -0.08008023972535203 0.30426616367543025 7.996623378610302 0.5748695574049809 0.5662472933262066
5.666991775265949 -1.6441883329674223 0.4539729575724196 6.35881027016928 -1.3880813226614377 0.6041254259774561
4.986211357716961 -2.0983730553600823 0.3928466774077193 5.5992890531496835 -1.5411957511826475 0.6259990304026571 6.311786149666863 -0.10728742420541434 0.3367902150144133 7.232128309067768 0.569229435022887 0.6130749818876116
6.39874393982599 -0.08217867625811417 0.3294065866024476 7.868501015558257 0.5770246125730643 0.5766968849258967
6.2703418334565955 -0.08361218542099061 0.19053112080380963 8.61603225210494 0.617325664271702 0.5736553814155323
3.396674191142107 -2.8881351707969896 0.15787097881246925 5.2664494795033505 -1.4622426537812803 0.7604618830408837 1.8187495266653868 -0.17082424849632857 1.439608688869708 2.218367163436466 -0.013328546343554598 1.4964056936309542 2.510756801910657 0.6487928727680504 -0.5016155309932784 13.942218385052552 4.84516335465998 1.3452288329608082

6.402140808651133 -0.08273110192487715 0.30820017204942074 7.981442688790015 0.6081271098175511 0.5330205568265847

6.452172085007243 -0.09895992836133805 0.2615353563316114 7.876277782788977 0.5739040340946899 0.5692095873147895
6.462734953078121 -0.08490328470099687 0.3076556353240869 7.8742782745741495 0.5939791404695917 0.5309242366824674
6.388188598476482 -0.10558474990390357 0.15047122563324722 8.784516198247495 0.6610022024081087 0.5535938998145711



6.413633714066085 -0.08221719546993905 0.3140484703657578 8.005203921513846 0.5745021145109506 0.5542569091073699
6.248828106266077 -0.08132843746685897 0.2558634842855185 8.268817656496026 0.607453642535952 0.5421403923625934
6.334394326036829 -0.10445467181430884 0.3881346654009694 7.346480943105823 0.5615576648284926 0.5411072901517036
6.3112534561412925 -0.08365652361514561 0.34877914655000786 7.6782580335617086 0.547562208027458 0.5568823175740312
6.177245936846669 -0.0985185426425696 0.37759514755297485 7.602774882384672 0.5891479618909955 0.579512403705525
6.546656667342736 -0.0855091112212365 0.3312998678025092 7.65347916153174 0.5651534378897027 0.5425904677861315
6.230930670959687 -0.08286232667798238 0.3584974732026154 7.4235956328196675 0.5499690538736645 0.5663737785180365

6.215033700381168 -0.10438628784871082 0.3282791804783225 7.876511996080379 0.5809277908406382 0.5724329330973972
6.509906455785171 -0.10566363573067006 0.15492061429272264 8.612380035324687 0.5746661029522673 0.5407457279906296

6.187478628995432 -0.09607091214166508 0.3667833097307034 7.500025994873805 0.5762570387280337 0.5767942296755064
6.517450785082614 -0.08327684341736269 0.3222178030695808 7.903678282503511 0.5743544470997953 0.5399286092757944

6.396802010275246 -0.10476384665362667 0.32316976951355114 7.929387454241848 0.561272022687205 0.547447375230989

6.3439145156313606 -0.0836508075279965 0.37488278774749983 7.637215195075986 0.5612198821690231 0.5915002831310721
6.453077647209605 -0.0975945943226241 0.35712524085294506 7.356754500323318 0.5843163742429232 0.5718609608357055
6.340070661835257 -0.08316458946820096 0.323108305479719 7.932564272935382 0.5518183965334778 0.5474606300660334
6.4334078594913375 -0.08196849874729706 0.347787968027955 7.665706704117064 0.5868198253485749 0.57705838091642

6.3390291763118665 -0.08636010525467949 0.3571291875071978 7.739754857713277 0.5664119073960874 0.6300737305638795
6.474060021239435 -0.08094777111655937 0.3251185077636811 7.680382623610202 0.5774786084036374 0.581017742912084

6.265392767893412 -0.08049895978079627 0.3753906755466181 7.622382577574424 0.5577208640507707 0.5858693629339269
6.205916220163108 -0.0782665403903354 0.33137680735622776 7.558820562137136 0.576415831785648 0.5675501141704491

6.527934226379538 -0.08410533867553238 0.3234203130789055 7.8899582294990465 0.5831855192215394 0.5403329029754593
6.495074339902206 -0.11039145530967948 0.33427824054050026 7.866956886788684 0.5678659533735451 0.5469299480084509
6.448146409147855 -0.08575009387947133 0.29121137496731153 8.112874272061845 0.6008571796116565 0.5323364168129436
6.13502799449917 -0.10440013315004082 0.27127288503522795 8.175499840534721 0.5830245908376795 0.6449287352521422

6.535590970352857 -0.08279988582596987 0.33388690216493866 7.869502161572919 0.567642899036509 0.5368744344020273

6.3690023961103 -0.08298695399972664 0.12377154557459513 8.957709388192441 0.6394253785413613 0.552289510961506
6.309729069326394 -0.19855746447035205 0.3549345033914808 8.2504737159732 0.5113893384043553 0.5886915289077875 5.734347393314193 -6.515707809582521 2.909571335133793 7.494936241715994 -5.103338961832309 3.7352239975076778
6.421181973823982 -0.2064954675734043 0.1522624949628606 9.448318229184409 0.599594708532095 0.5510957869855129
6.449377309364 -0.19107544105836172 0.28409230420828413 8.779253215351856 0.5237289171979528 0.5552898375913784
6.343266073298044 -0.18938727304339403 0.3161539400550404 8.42321645454665 0.5293016918003558 0.5846080699174889
6.515059748321749 -0.19951648637652392 0.3445597284170845 8.401981747269708 0.5310524292290211 0.5506165425300797


6.030562233767191 -0.1853070114840411 0.39668870959259017 8.001144918246101 0.4887055683776378 0.620921164587939 7.0988419680194195 5.831126084547268 0.5595879323903883 8.451631358064114 7.58449901392741 1.184616525395417
5.500562793693967 -6.631819751950393 2.8774877100123906 8.001537269852133 -5.0650468946081 3.7219021209227123
6.496217427076466 -0.19532658159732824 0.3073278497487586 8.603096768234307 0.5326791554689408 0.567170212190082
6.089196174624528 -0.18333990137670533 0.2919203002865811 8.1828807121971 0.5387262144338398 0.5949663639999621
5.867777314218722 -0.1818677037954331 0.3479422890583954 8.29907568500827 0.5167207568883897 0.6307817627610782
6.175579670927308 -0.19033564805685926 0.26166090951316723 9.173056312303743 0.4978200310968753 0.564790313636502
6.337616760660695 -0.19401343869144666 0.33743914527999497 8.493575161309431 0.5139189167200873 0.5544276149088316 5.550386738646741 -6.51319671278075 3.0502649795833694 7.499411717623094 -5.139658953554639 3.7646225964129485
6.018189555741999 -0.19426308199763298 0.4097113622967212 7.739189851698984 0.4757242389023304 0.5913595736285188
5.769692121664708 -6.428564514964819 3.0065502031528166 7.531058642978434 -5.205766167491674 3.7540017676576745
6.1605053545329875 -0.19246511533856392 0.35943924442248343 8.146562602078966 0.5258662216365337 0.5626699298422306
6.176675685550547 -0.1865949748121371 0.36864879173057474 8.286081577652652 0.5104910564915408 0.5900628507480318 7.122960544213856 5.875305559883375 0.539397816440591 8.665322588056785 7.785371439937509 1.1751722206325421
5.812640298665121 -0.1982889361679554 0.314699348001918 8.333475907992964 0.5267567746341228 0.597807816024937

3.817538689145581 3.4462024569511414 0.2838980075476789 4.972203610651691 4.4731780886650085 0.5469192784748584
6.112590886803812 -0.19441108778119093 0.2834099689813778 9.024451303360724 0.5287706963717939 0.5847479405710645 5.684864948957874 -6.654140520840885 2.8799432915849703 8.013023724199698 -5.170550871640445 3.7768473433302607
5.7503973932994015 -6.829035259783267 2.8704939221819155 8.291103715778597 -5.149993397295474 3.7390715300483754
6.069608813642701 -0.18546828255057335 0.3748189135417397 8.373507501528149 0.48558299615979195 0.5959646314527528

6.151611528888602 -0.18539409121065323 0.3530061685342243 8.507554664214968 0.528010161880667 0.6023205280448641 5.427811099002345 -6.396426682386479 3.0499172344898615 7.391357606668093 -5.005467022126994 3.7311086046509074


6.340576668991346 -0.18389187380671507 0.1679634606597391 8.75503746054344 0.5639384426176549 0.5864809015398416
5.549121137316887 -6.599545471370222 3.0164091349941633 7.550855787466126 -5.088418953120709 3.7594220650085126
5.92593452996786 -0.18816196545958525 0.30035299272391414 8.73459257082583 0.5375557281076909 0.5909629928971523
6.166968518799599 -0.18599128350615507 0.27471118987996235 8.47603551667432 0.5319651402533055 0.601822862250329
5.731412648614036 -6.50902958586812 3.0399030059895944 7.459105508741066 -5.032323081046343 3.7474408157792767

6.371236030812411 -0.20389780402183538 0.3299156339544884 8.604677964412488 0.530602127313614 0.5903707636970713
6.47246840706371 -0.19442929327487946 0.302590233653351 8.666646590322225 0.5320312231779099 0.560966747714621
5.754762980346887 -0.20099413022398943 0.3619766222650189 8.46497464224383 0.5013108290731907 0.6407638805307208

6.458768267492178 -0.19822909310460085 0.16173247570300076 9.899672931365584 0.5331860296428204 0.5685877959137714

6.031900136107058 -0.18105183344404777 0.3810650456514224 7.995795634855638 0.5066830336077217 0.5982318241090515 5.4399121369126675 -6.641036631014865 3.005938994624044 7.598132568841145 -5.009256773028354 3.7707196438429795


6.130024306844953 -0.18010685682835081 0.35455535388886106 8.263233597512615 0.5180568785474462 0.5963800251070395
6.2375860625568995 -0.20048272982239723 0.32248218460698497 8.52682742294519 0.5664933286607265 0.5754961931901994
6.074683808284858 -0.17351867631077772 0.33259423745004923 7.742479669036354 0.4914248101413251 0.6276545496845364


6.188928152066837 -0.18830886740900152 0.2571467360033919 8.955397951288315 0.5579177002682966 0.5692266285472086 3.9325026340006177 3.553134833035558 0.3380407160076575 4.604219365880914 4.176619501803519 0.4976067420050718

6.425332074413687 -0.2076000216615312 0.300201489384615 8.61476743625955 0.5171024894495335 0.5627508640528129 5.745804791288845 -6.540906682514098 3.031044891375645 7.532660608953225 -5.282775419462491 3.7838059064621827
6.018758286663144 -0.1980780656661718 0.41712007033865506 7.786500548245815 0.491714194236531 0.5870480729993318 5.689050615890595 -6.458865669769194 2.982204521907007 7.562505482700957 -5.154251420559728 3.7473735509663233
6.330866857510079 -0.19017257491799933 0.3333323623492557 8.357608494859434 0.5175548891930635 0.5867066548257102
6.110756397862243 -0.18475222587585444 0.4201255389517349 7.839853193194168 0.4899674355983733 0.6483852006882439 5.77772718171955 -6.396321952342985 3.026818300842712 7.39415305733751 -5.310488879680633 3.737388598374116

5.749748978836185 -6.615569368004801 2.999199200126093 7.632402519155749 -5.293473020195962 3.8009461566980396
6.164282229185594 -0.18525027659356963 0.30446053505050497 8.566995345289628 0.5490589908681944 0.639784165224796 5.716127185588601 -6.596328566716929 2.8236024811229763 7.5506619462007825 -5.062903051375525 3.7558226638172094


6.2975691893615195 -0.20759784587234142 0.2210428494296819 9.09594756362584 0.5657947951368381 0.5512104736052881
6.230930386617669 -0.20343675506095377 0.33335097275180137 8.561232356412328 0.5197203670069429 0.5844576575236801
6.271322159659395 -0.19403072074055666 0.3894289137452942 8.054871544027884 0.49770877882838244 0.5978785535738536
6.20754437419057 -0.18474544850835978 0.3444814566135037 8.490675164065008 0.5227525863371791 0.5749625288147735 5.576212426141085 -6.44089506066402 3.013726332567104 7.431209090937893 -5.039267580733803 3.745749886606101
6.255723806791633 -0.21920027937237208 0.20108443147846145 9.144906964466976 0.5288840054234107 0.5996327385351173 5.533122408308223 -6.39698688965996 2.991313004978146 7.339338920455047 -5.095765472150594 3.6648174491635954
6.059172210621723 -0.19477523118257517 0.3575047934505218 8.411328402505504 0.512518398463726 0.6052235948615463 7.211462150884817 5.96048056334257 0.47803019799979696 8.439685951017376 7.585264556109904 1.177124487480112 5.6476836754305575 -6.3940788581967345 3.0343492612248593 7.363466302484187 -5.157968647778033 3.7165941924533747

5.717860762816385 -6.549209044666791 3.0177555498518163 7.532915631280906 -5.2543333441105 3.746910262407397 5.977721574280733 -0.20432819217149362 0.3615567272900806 8.318125468077458 0.5051612642588201 0.6151387669490082
6.179947617573006 -0.18830633908510205 0.40299341121548604 7.785663731031786 0.4777351096272468 0.5918628490549012

6.156391209434633 -0.18461297853753078 0.34242128160104324 8.128829841275952 0.51446425829126 0.6054457453169044

6.514386766174574 -0.1970051676034928 0.3474345262053049 8.391714696789204 0.5110944062471391 0.5605326766414995
6.441821752220152 -0.1960468702018261 0.40374425657370283 7.964595285337181 0.4998524375259876 0.5684060870967238

5.71625519310316 -0.18769232323301063 0.31946643566250166 8.428828490969728 0.5082466578099741 0.6023789969363784
6.271339993825974 -0.19394891070442344 0.3166561627508411 8.417319854369243 0.5416579097106065 0.574998425031641

6.370960553479295 -0.16522747537072058 0.37474445159988057 8.148818493082805 0.5123458164128972 0.5694953907455697 3.540648081158997 3.0748371151584926 0.065028861369818 6.089774759557688 5.515077574963786 0.5288090542308603
6.270596590971388 -0.19411007441195466 0.3609186717307262 8.280763850461982 0.5054129406410759 0.574653300342831
6.080229454488252 -0.22767677593848612 0.3094988028502623 8.294942564512752 0.5127488298528833 0.5692466962625587
6.279370541643341 -0.16011364581726337 0.1909647082219248 9.667845124884991 0.5297808099602901 0.5963814552790412 5.652988633003381 -6.437687893608345 2.9800276632146168 7.449234385512052 -4.976132368124648 3.769030104319025

6.535870133618073 -0.19758770242333418 0.29646479954417715 8.475903987922456 0.5429229401051999 0.5446265259872385
6.228942897182644 -0.19162484633701704 0.38193695296090335 8.0874915252235 0.5155891396622623 0.5817154684030297
6.123051294415131 -0.17973760551960294 0.3138136675012553 8.602091802936897 0.5187957884187879 0.600297616493064
6.143115387046581 -0.19290700326761195 0.38521639529394625 8.112018048185243 0.5024529403493851 0.5775874271329389 5.779216270456158 -6.645318234313273 2.8660317508282764 7.7250411266408054 -5.087275792082082 3.771641104738485
6.420081184726359 -0.21089728921651835 0.1978519564561021 9.610179469141404 0.5544983223080635 0.5668076011647961
6.386712550225173 -0.19540790291327265 0.31123861197540603 8.7132372704767 0.5443948836324204 0.5580248612381122 5.553730182152318 -6.285777348859419 3.036820019679641 7.439716764762893 -5.111095899815202 3.681282478436252
6.291399323382756 -0.2178350947797298 0.10187945109289243 10.28833303371013 0.5726767517626284 0.5693027679101671 5.618042479340854 -6.3833915255963785 3.018045533271887 7.400681249148159 -5.048328068107366 3.6627722878957347
6.10897864002528 -0.1882737725973129 0.3813619629185907 8.234107398113386 0.5148275345563889 0.58936073824272
6.46818736343385 -0.1896000134121387 0.3461065643003962 7.806845278168066 0.5337214475021834 0.5674373068314759
6.122671097695209 -0.18710993565930922 0.3017383579579471 8.660366028430802 0.5017615886658675 0.6080152643607023
6.066392286295021 -0.18651955898550932 0.3654323701081432 8.318009880360039 0.5135747896568346 0.6168259231711052
6.1634414441551115 -0.20653326790245385 0.368928762165607 8.194849871178729 0.5043187670731278 0.5850718853148547
6.179192428265895 -0.2005831020659279 0.32680287012405707 8.34603312264552 0.5384697013212741 0.6048843144355374 8.970793481163287 1.269896743322648 2.9582007648205746 11.972913417305849 2.189685004846173 3.753885347299992
6.319138884870181 -0.23500955049494815 0.27680310899974514 8.57497695331792 0.520426707079227 0.5499071588871742

5.891537160163774 -0.20732957942694769 0.3734413088483062 8.366693103797832 0.49110135494289564 0.6264161462797485
6.024377319476266 -0.1815260310684489 0.4022768348420913 8.1513846745839 0.4987763591328135 0.603327827141517 8.989892627345935 1.2702146178331661 2.9591268026314594 11.553428198064836 2.217815799388519 3.7128308239127015

6.256917836950666 -0.20697087130485153 0.3872568556258158 8.18270012563483 0.49762291548721727 0.5906962147749817
5.933453592502698 -0.18802794814109797 0.384470504406649 8.11863145438447 0.4970940649509429 0.5940431704187038
6.137874156192479 -0.20221586380390316 0.39844959247534306 7.865970935638797 0.48469635639092284 0.6146125397634756
6.381656900844716 -0.20583532483730038 0.3088534213270109 8.007118183718626 0.510457846512824 0.549704096461926

5.977838972983858 -0.20228874310851092 0.3988140336775048 8.023441295806245 0.4985800422728061 0.6040264996654724
6.108671539535091 -0.17988457199702318 0.36400681973520954 8.344271078481578 0.5172635735721355 0.6122531361686699
6.215389783498449 -0.19048554822802544 0.23514066608969286 8.972016629152696 0.5586034543812275 0.5629314778349215

6.151049447159296 -0.1906169392168522 0.41307545328725337 7.492125956991137 0.47278138622641563 0.5994115424985293
6.2419874824720205 -0.1822788814568632 0.39092942592185165 7.91568099810673 0.5040860650342236 0.6016009757467241


5.7229257474915975 -6.558880088066293 3.0368415124433277 7.505257438314886 -5.0867548907511955 3.740779956032763 5.645190161235923 -6.558880088066293 2.7864797723482884 7.650935642653449 -5.0867548907511955 3.740779956032763
6.475068611931228 -0.19101056367322916 0.3993210835764476 8.146148669481745 0.5105438238672937 0.5612048493096262
5.675542896409286 -0.1493854931472629 0.42020187817418675 7.466621992817345 0.4846072050258527 0.6183042035541177

6.140411327440923 -0.18486903376110267 0.38612835954246494 7.7001177865313 0.46977944761484103 0.5883421568113129 7.295418917322461 6.014209832560771 0.5301742086439667 8.979284539064588 8.049833014890796 1.1752067225179341
5.646415714921559 -6.685700241476296 3.033714507708237 7.664046438818649 -5.060140911489724 3.7890033333187945 6.191645055486657 -0.1812982894480228 0.3460836732307906 8.567771907655121 0.5206745527684687 0.6170679920800359
5.130539012594258 -0.18906072611751146 0.44190108148529994 7.5638110246494 0.4829614731969028 0.7076972732495552

6.3088633212104215 -0.18559291320047336 0.3553961812655366 8.23423304210504 0.5406652039063045 0.5865356121159122
6.2955257310486585 -0.1902966711108394 0.32109463131123417 8.667943830115988 0.5317622879774353 0.5818449115142147
5.566727275706725 -6.24900744543079 3.0089980038497295 7.3899104090063945 -5.079627045028781 3.6560020840162264

5.868972163045655 -0.17496883129597907 0.39696592359965877 7.869776081673275 0.4873155063105897 0.6648047976137453
6.311646194415364 -0.19408578646707125 0.35280179502695996 8.25825067275415 0.5231880212164394 0.5797693697022116
6.067836379427382 -0.1868300768863998 0.3644601361185362 8.091287195302934 0.5242783859257387 0.5982861157253901 5.648195425409962 -6.347469994777188 3.0296804792758953 7.265623052583055 -5.149517249523939 3.6742451002576892
5.594405117545476 -0.18757647949797174 0.4205095441667466 7.598283952272908 0.4800993674943832 0.6728768205484553
6.14692046688155 -0.18159260228276253 0.43749512111505107 7.679917391890298 0.47061605378985405 0.6025238326164608
5.742007559294706 -0.1722848910680942 0.47079963470369335 7.0119436438553135 0.45636667452542923 0.6353510690261855
6.154521256390329 -0.18060574308037763 0.39053747290812457 8.000061966220478 0.4943675510585309 0.613661696681546
6.079310247951395 -0.18245491962212332 0.3493159191945481 7.946099725679858 0.5039518804693792 0.6012228083951291
6.162065793247982 -0.15758381853301864 0.3847651684593687 7.64077431941995 0.48316765903014053 0.6058307803053702
6.06688480508438 -0.15720815345222047 0.45375285700535684 7.276564160838768 0.5092235836756602 0.5990458732814921
6.468073367700511 -0.1890619707711077 0.3810012186346865 7.476954900778296 0.48060610786920444 0.5656946197818308
5.659441664595784 -0.1784652729552564 0.398587793505244 8.057358449401582 0.5364544961465151 0.6474599947758416
5.923262176204117 -0.1898735053889341 0.4197393223217831 7.8314589305055975 0.4829593733309248 0.6135142518766507

5.865773206092306 -0.18358724646301816 0.4427698480715301 7.559609415205903 0.47751782315776775 0.5911726432287469
6.2874009334802485 -0.18415926769375807 0.26253376327534217 8.789913027675386 0.5537504218518735 0.5929336904386673 5.2884695922571865 -6.71749332919717 2.995742808843674 7.917057336958168 -4.816334042698146 3.7891193882296137

6.019904521542441 -0.18457202045614843 0.39910831880368214 7.85863963274708 0.4990190338820895 0.595211879583016 5.717273505414156 -6.526984484967993 2.8889268652260762 7.816665861110336 -5.016852962314024 3.749320966947993

6.2149926940944695 -0.1884344499415224 0.34812281154980695 8.55102140432928 0.5048934847700914 0.6068853092934428
5.995856705931345 -0.18317031707217138 0.4095719247470295 7.878158140894802 0.4948138374153276 0.5937982344167416

6.248433363390658 -0.1856893366947718 0.2726820577012872 8.72262068558384 0.5369653139796067 0.6074992885879676

6.299434259019365 -0.18275395507626008 0.33664304316242566 8.527562353005875 0.5043364390864928 0.577042621272891

6.09572679006338 -0.2059397233184343 0.4147439727002036 7.680406269949878 0.48186221628430054 0.6138870794339176 7.237677386329183 5.99674549183615 0.4462394526225 8.669859515451892 7.777417046606744 1.1700722273826534
6.071041771923292 -0.1839216325274427 0.3343566599167025 8.215367045442157 0.5291544292508543 0.6250861923430721

5.723463842982457 -0.1772070356773612 0.4220759275563608 7.700428216229681 0.49358179987762996 0.6379055029572379
6.305206260586113 -0.15506171037389208 0.32789200069949187 7.855267627054996 0.4972960897280192 0.5869647984714752 4.23931784742426 3.8508137038963377 0.3310087085490605 4.634889159896817 4.206637029826805 0.40203092571838983
6.3158405565387765 -0.18074417363647186 0.34763493881654717 8.451772265311236 0.5149159732368107 0.5767214103516205
5.977922501213552 -0.18139747616660906 0.3370097092152142 8.19771449621091 0.5642440163375237 0.600485848696581



6.033095605736495 -0.1834583419261089 0.3974524331200915 8.107525902910526 0.5013040404427576 0.5886109259325812 3.532662999918579 3.052968090362905 0.14876489264183435 5.571477258888675 5.0518507665080055 0.4965530089625769
6.04001147630733 -0.18118694898565346 0.39340398536831467 7.977649048175982 0.4960414624000894 0.6133726742942558
6.266139973027765 -0.1847798425997223 0.3334448167228332 8.310388808582815 0.5366096253839541 0.6216766331999282 6.883059676031578 5.865989413295595 0.5429456852703691 8.909692148055658 8.003049340625811 1.1653444227038432
5.719926940872577 -0.1845226261921501 0.4297734941511717 7.647430272159207 0.4937200143025573 0.6110907333122134
6.418042625805199 -0.1880343803431002 0.38551164454048226 7.595319410370824 0.4764262171047122 0.5756505015381596
6.37459903331888 -0.18920635860444168 0.38484031300897814 8.099466762851456 0.497887790047368 0.5662617116955561
6.087139636045476 -0.18386563064222178 0.382338099553426 7.971458584183599 0.5087971176271842 0.6028925316735038
6.257337240380983 -0.18962926335906555 0.2989439425255669 8.80906995983247 0.5312906951442002 0.5878550693736146


6.030925288569103 -0.1732260571156222 0.39634571098316096 7.923395890271038 0.4845042612602797 0.6181565933193535

5.982589950690531 -0.1457006453675465 0.37154389271858546 7.581997456065295 0.48380494463416474 0.612386428488482

6.088979662282252 -0.18105977441562499 0.3277037033185306 8.12455884434838 0.5160294040698791 0.6132852564215197
6.239536596494105 -0.1832537951573781 0.3715707283568024 7.928476657846595 0.5095940873506688 0.5994386865999406
6.205691026869853 -0.1829265114072247 0.3185571065407058 8.414985176909871 0.5342304554273496 0.5957879972098616
6.022691247548987 -0.14950198414254726 0.37390771097576714 8.374658526317322 0.500073607610628 0.6200689918296598
6.087313460313686 -0.18516699022732755 0.38317413680109413 7.945849720449168 0.5039405134832311 0.5762247406692246
5.715571367303007 -0.17712231209238144 0.40214398459797085 8.135711847997197 0.49666888742180426 0.6327467245147962
6.100090948565253 -0.18895920895295182 0.376307358294393 8.201052825227713 0.49652550687433683 0.5863566119622394 5.489376452950038 -6.648911668208515 2.9804015717258325 7.600384179772277 -5.050207008794913 3.7604777977223556


6.1136838628577665 -0.17652968833906404 0.4177497965707939 7.48554963787557 0.47487763151485196 0.6298311622159887

6.359294859873965 -0.18240995270699534 0.3491911084688808 8.199900156693664 0.5303993601906626 0.5813582796965713
5.61129420143929 -6.438088330903403 2.8607974657442563 7.58210017436704 -5.036194677619904 3.7059396907963023
5.925577580456085 -0.18028148093991195 0.38293562175579576 7.967900602738855 0.4989967276003462 0.6123835989230805

6.244582364533058 -0.18530139934574463 0.37807555640612067 8.33407445612484 0.5021882238205455 0.5964987531258721
6.235609966042747 -0.19210468248742252 0.36415101205315037 8.429983092879414 0.48890124497247456 0.6556707949868574
6.385774327883843 -6.351802920230554 3.1204658632889104 7.813952679860008 -5.298668097389359 3.661220248518224 4.482742137127761 2.980621258066316 0.31049378795499294 5.433980792116431 3.937350715034579 0.5071234325532099
6.645708141234385 -0.2773685980942515 0.36908989003395853 7.687668957619489 0.42580138334852186 0.6005263058125765 8.15405451251941 -3.584202125198238 2.9982642708970264 12.27000195117413 -2.5139181192266946 4.044073536271446
8.401728895329887 -3.7154920274000807 3.070956527879577 12.31913921397977 -2.566892973143398 3.996717416579922

6.468835664530509 -0.14269926770708624 0.44919876543120907 7.3806165482851425 0.5138954364311489 0.6049655455698919 8.42576544247998 -3.2793759476486426 0.8762110759572537 11.933353023766276 -2.7261360001275756 1.3298329254602907
7.015152148126598 -0.2249998205166174 0.4710435617587443 7.7654789633304775 0.48629285871238076 0.5823197791541492
6.760944861211941 -0.1364825703279894 0.051779509642914334 7.875056059060343 0.613362691373752 0.7050334416834452


14.88530764999166 0.7047437874881916 3.6369888992987622 17.312792561707624 1.6687581887386913 4.149415985248731
15.441579152116748 0.3547208851675354 3.885974214797003 17.632206680573212 1.2651826702470839 4.327804292382686 15.085274002199332 0.34491015267665137 3.6677997265192697 17.825526341171006 1.3039750017481526 4.298644487140546
13.609261836014621 0.12799205918897474 0.8123595386293219 15.946702754202839 0.7541286589259135 1.105559918107768
13.871393579634582 0.14070676725464804 0.499055440548414 17.654156604750085 0.7754210964036563 1.0520011344670877 15.278292326331538 0.43813135765153893 3.7354920419165656 17.573970478432678 1.3138783883146343 4.400753657850103 13.518130228043429 -1.3733726787596627 -0.34142964137942977 22.72631328320353 0.7754210964036563 1.0700574888787715
17.989748856159604 -0.5270586144625152 0.9824289900189738 19.72672645380825 0.12408730525602513 1.2095933122778986 13.865066949412093 0.20540362548511887 0.8923530643431652 14.867077127194587 0.8519772133392557 1.0319390880131047 11.754837052516244 -2.531936170080625 0.5603784089706476 12.524787667553602 -1.785300035750753 0.9610344069019381 13.589107537077288 -0.8330544751286746 0.6423448161619594 15.979343007847756 0.857997134310193 1.0503576369958079
13.632801584260708 0.31964266348403947 0.7681318073779404 15.410733383868013 1.0074689685267342 1.0405831379777235 18.027331696137004 -0.2956767741526786 0.9591311128962197 19.076814435278262 0.2772001342191404 1.1788561765256127 13.405231998069425 -0.8544875097376562 0.3667767199911989 17.081465291203838 -0.09154931555801879 1.0717586973551905 12.857585789974667 -7.3447053952002594 -1.3054823492918524 23.35844737168047 -1.7243522697076141 1.0698921137368638
13.57798316959995 0.33316957449421153 0.6203601109175894 16.107103189560714 1.0165642908514905 1.0499639512193908 17.82734648430861 -0.3622737939893116 0.9748109789769352 20.91835000666564 0.2768070156648101 1.1966563195882023 13.436640692589606 -0.9152111376685178 0.02765862524831597 18.692153894507964 -0.09187691535767803 1.047309426978688 12.916562127881397 -7.281614852160004 -1.2208507353368923 22.828627227028015 -0.40426753379784747 1.0856660480048688 12.916562127881397 -7.241454608192531 -1.2208507353368923 22.793805176779088 -1.7327259587265922 1.0856660480048688
13.566365558128242 0.33015544351093973 0.8186305145491166 15.058681500786383 1.0201643509882228 1.057716498355945 17.555400050333507 -0.3058469273802589 0.965242847807223 18.972518028603922 0.2842897075699889 1.2087251292627612 15.295923128533527 0.8281971681580845 4.0013360381749425 16.482771599770615 1.5388528009018443 4.4549428436138365
15.440953043510063 0.8610442735335404 4.028321711253526 16.657153110461746 1.5360920346633684 4.5322871454687474 16.6396820458864 -0.31983496286526497 0.9379876583797753 19.12306021443123 0.2650109195886975 1.2905410970316553 13.52755764531204 0.3217770176862873 0.6088431456036443 15.179148757102139 1.0183036150427733 1.07724520782094 12.92170112283867 -8.76985445400489 -1.995284700162304 26.0857980260409 -0.4411353143519357 1.0445228877401087 13.269879792963057 -0.9709714295715115 0.06312420075266179 18.36554105087534 -0.09155873626414904 1.0445228877401087
13.529022684246677 0.321513408780554 0.6856337114191706 15.839383337429732 1.0397795984401441 1.0559062873222682 17.778070814496363 -1.651497013743842 0.627160928627825 24.316653138374555 0.2779149472714578 1.2046983185474982 17.821517689011863 -0.4354185887211815 0.9570925705296058 20.01595311125243 0.27499240240281236 1.1986948725064328 15.30114987562758 0.7069169757725642 3.9527230912235605 16.478245575202152 1.5449571800716382 4.448000806641751 13.484874941103044 -0.8862747146080243 0.1743597201287317 18.046550810002778 -0.09117713146498388 1.04415047255021 12.86522956081741 -6.966091238751923 -1.081908604679143 22.302475230599025 -1.3537125206829541 1.0549293355514668
13.444114221388155 0.32822606487563977 0.8682478744817264 14.582740901348195 1.0055563763218898 1.0564994684821876 14.979225787196343 0.8097456873245462 3.970558321954895 16.536295777972512 1.5594537720230395 4.490164287019785 17.608327900776395 -0.27168667904174304 0.9854032860493391 18.823864600758526 0.26048600746325906 1.2211440792980035 12.92610853889029 -6.782926176065155 -0.9106280110185421 21.660698911654563 -1.0462703687626158 1.0448794942384443
13.513222607286187 0.32534936180361185 0.7882524876901209 15.105036534458286 1.0161258691745005 1.0349537250338878 17.352807597409537 -0.3059640415984956 0.9333132934953845 21.234213027749906 0.27218271241999664 1.2294459277980772 13.403242293228054 -0.8504425277897569 0.25762228364385 17.337928460358473 -0.0890380796132789 1.0526709995503214 12.832249292158515 -6.676983456733851 -0.9174368880810455 21.627123302426924 -1.595371033402093 1.0382159285563852 15.240505502209032 0.6193719830222751 3.90720405716155 16.625772994581425 1.5790875644923776 4.452529252900579
14.862220875273005 0.852001891107018 3.8475544362681275 16.61035570074909 1.5754576098717097 4.446197393062004 13.476550158968664 0.31822672655773016 0.4354696290414908 17.02934197481934 1.0158647728129064 1.0601237226180722 17.57572306862728 -0.3377825188465616 1.0164877166540744 20.46541541511001 0.272221836149628 1.2221783127808337 15.529111911156601 0.3734834678426922 4.183009222540379 16.05769191637506 0.7362827941530269 4.334923217377346
13.582634470621127 0.3116282996722622 0.7589667709688752 15.474409403673594 1.0027378258520039 1.0698950233634679 17.51278323328196 -0.2762826628041462 1.002902249166841 18.93810036684887 0.26395000468864416 1.217642845619403 15.06288941592084 0.8646203758925853 3.964043519309917 16.42551060565335 1.533554681568004 4.481803186078383 13.491747385180501 -0.8073792946021163 0.3706846701975013 16.902995280446106 -0.09164676072121025 1.0411296464317459 12.877897168482116 -6.661792455238846 -1.013686584324355 21.749303837615933 -1.29224260856596 1.0492042756501998 15.43403811198578 0.41441101013275033 4.1375873059101504 16.20685600407267 0.7380965533368867 4.328193795978171
13.579600296933734 0.3288043966053592 -0.1929181345631159 20.233059175745673 1.022066990386458 1.0646301160525762 17.84353491782103 -0.2828773796264894 1.032403150954345 19.14478625560558 0.27074369528762987 1.2015588524145793 15.405029679164318 0.864400036863247 4.010193174351143 16.421880061334182 1.5355424075266288 4.488580000119876 13.507128100317615 -0.7495639337192178 0.3888303027638178 17.003306234573024 -0.09108802474145479 1.045404763408845 12.873041933106261 -7.676274854056782 -1.2374801206155661 22.832118223716524 -1.4764551819769782 1.052936443809952
13.632910325880378 0.30719040266393327 0.7935620385297091 14.672837574055333 1.010796643408818 1.0614659117477805 15.195814948761875 0.8646556889109125 3.9467954252848423 16.41913329735366 1.541899473226238 4.445692413879517 17.925300664228228 -0.32301210728961216 0.9742526272309167 19.562491413796586 0.2829295564177989 1.185610843261927 13.394070441699146 -0.8052266618765894 0.44252463884766113 16.556048646418883 -0.09067172567796764 1.0530253677258286
13.513291526160758 0.3402511533211653 0.7486039658080743 15.523816655046339 1.015844948532595 1.0369339439242597 17.81578125719006 -0.2777472453801794 0.917974818972001 19.781806726335294 0.2894119638677334 1.1815816712296718 15.2151220813235 0.8389691993003784 3.9806808576008326 16.46473850820558 1.549009073480396 4.419784282743495
13.421619397451261 0.3256740262780779 0.45836753642730765 16.881673878977754 1.00637088548621 1.0794775286861114 15.173707621729069 0.8495683846817318 3.9679055420531464 16.444499330801072 1.5298740020878552 4.473477513545764 18.203895769870485 -0.33150617209407046 0.8201015433960295 20.51844747579456 0.2878051191245676 1.171913643918714 12.886398131633943 -6.375967098779867 -0.9787419727110294 22.855549219959435 -1.323311108122063 1.0574419060776614
13.496917220717904 0.3325299934074368 0.8375267769775299 14.460291239875287 1.0137575053797585 1.0707592800601575 17.83199565280652 -0.3322121544909136 0.9394758370896443 19.675676120619915 0.2694150838655132 1.1926234820697716 13.364546610552232 -1.1033746463792988 0.16913802731785732 17.72315529034822 1.0351999589026595 1.0707592800601575
13.44582871727587 0.3145464229381951 0.6969332642323101 15.786487088858342 1.0129886302366335 1.0669250332557194 15.097176869188848 0.8544971954917395 3.978996849097331 16.395123721973466 1.5304767917905653 4.511514220591959 18.294562921013515 -0.33928242662904134 0.8717713071362372 19.737519499040737 0.30075931432763797 1.12187863114142 12.851719424504314 -6.102882549292414 -0.6944091523052109 20.81294469940569 -1.7415230933524921 1.0410025639220326 13.463646041731403 -0.9040861233517882 0.3089923405856203 17.194136513688505 -0.09015900498808596 1.0528301532446849
