4.971467780289873 0.11061816271292156 0.19281378270786642 7.930241636157341 0.7707698305842461 0.5946884679236975
5.399727432352819 0.11274218049923114 0.2595313372045829 7.53642094969657 0.7933703713746113 0.580985122145089 8.401823168848054 2.3342805835733347 3.194802266197688 11.23198211138919 3.2575839180145354 3.804878027774479
5.002441284277285 0.1094433404505253 0.07315876929799447 8.705068337280446 0.8876129500567915 0.6108199446250352
5.440827523254984 0.14226773753762245 0.0370387369145051 8.84229393914389 0.8437181152403355 0.5706249175546982
5.237956496992455 0.11127890646457674 0.20519095466097514 7.8727845688826505 0.7597482092678548 0.6251831800584743
5.255753842427753 0.14220603227673295 0.05890225474123856 8.56196031919032 0.8874269896580804 0.578639335082988
5.08697538278595 0.14507480414992807 0.19067719283858398 8.00914856818409 0.8129883967874859 0.6477259241022
5.133461331754795 0.1443708019397494 0.08452041139616662 8.588123709432724 0.7666725960154188 0.5840143094275855
5.112088041969596 0.10991814360022545 0.20465692731791885 7.926292046874124 0.820726029574871 0.6195386595765738
5.276466643478947 0.11130745669493916 0.2996089235349717 7.350573462001419 0.8268187680147918 0.5663253237068401 8.187898656374276 2.21744027095885 3.0329525218918763 11.26441060817548 3.6576964689133646 3.8479703270159
5.147788586285403 0.11037496477365495 0.12107692824236094 8.418302905709341 0.8066671490669252 0.5909635591360546
5.441238288845795 0.11095918281366864 0.0663505905670505 8.742795260309702 0.7743531428009686 0.582227219885141
5.229474633611072 0.11096815392374992 0.3021142590762904 7.230766335572904 0.7666296251118182 0.5678562104764763
5.528102410031378 0.11082286760210991 0.06074488158788971 8.779144732146626 0.878567274659872 0.5583144443411128
5.435254874683266 0.13663257106995708 0.19072237380414414 7.937027133342932 0.7976677006418922 0.5847443273769507
5.258350118687866 0.11240736767649652 0.35400312709454385 6.657519752576886 0.7659493610262872 0.5973935582091192
4.951324739559026 0.13545015081763268 0.1250463969727631 8.388606264827045 0.7688845507800579 0.6143401858498165
5.239745599901976 0.1360660046339035 0.17163660661519575 8.127371704025856 0.8031453713774681 0.584612666522542
2.101842791229024 -3.019524426065442 -0.4179110226613607 4.690691094210086 -1.4666444990909433 0.7008634329355586 2.703296509692055 1.2401754468258526 0.9728551040161416 3.6528066876915837 1.9323137357749636 1.1168427349270305
5.313643288749265 0.11319968625079568 0.25502200686314547 7.11749965073841 0.8126235760596113 0.6077877851738688
5.0851610654217 0.10969672753311686 0.26810635742456834 7.485494663593534 0.8010554922100026 0.6408014145841711
5.316659000526708 0.1453893653190064 0.28238305707931954 7.471823493808593 0.7919663567042043 0.5842743358732729
5.336641897306567 0.11233069943969665 0.24144107949715243 7.647830432005199 0.7737312619545055 0.5505451705938886
5.195635859821326 0.14569116565059176 0.22965180575438127 7.711060290963997 0.8074101380253782 0.5671642377826465
5.418371168712744 0.13593114976472145 0.3468218833997221 7.004568677695091 0.8065157657342543 0.5506260778315404
5.370069255552604 0.1445670337516888 -0.08346165002235195 9.5417056473903 0.8262352783125388 0.5820205475026924
5.298435827180008 0.14290630421352313 -0.09345106629165856 9.617460184723232 0.8532918863163086 0.6198059101974491
5.413016793045091 0.11273386125411818 0.2628581226320108 7.167230697050677 0.7698709055059942 0.5668105543239321
5.347072510904821 0.14290795877976786 0.30538059744163015 7.269620527700914 0.7619646008998252 0.6200201957740146
5.3108608804095505 0.11209307811994601 0.16882604074238916 8.142528478240788 0.8001840531700768 0.5853642586281039
5.554221203071359 0.14495503286292297 0.3387926829611272 7.021408591354527 0.8522245943138445 0.5696453015700992
5.164961475640083 0.1435171416332482 0.3271460555016439 7.158413312489552 0.8268806084006929 0.5805681723692883
5.349233844130784 0.14583301701607165 0.09684198197713867 8.5092434198005 0.8387282593959804 0.5939731141526609
5.381256115814754 0.11236298783255669 0.3417465833484439 6.41303368182207 0.7804917565222409 0.5904803507169971
5.338818021071133 0.14195099740446407 -0.059913118013407374 9.408507580353145 0.8704772159800819 0.5956657747794607
5.4101616590477 0.11174731220457906 0.23028900168836186 7.7474841648733825 0.8319461952557367 0.5757076836832415
5.191165253525299 0.14120683179498533 0.15577725274268683 8.217642093079409 0.7815679203249769 0.6352531401461529
5.309119785731263 0.14499270640508577 0.31880303707513424 7.238690074945449 0.751407384461565 0.5861981701818022
5.007140944125721 0.14592155333029333 0.06551431875470692 8.680433203545055 0.759584086047981 0.5870650290181731
5.346595208619698 0.14499322628887445 0.19238536477974488 7.966051194073183 0.7943748177588358 0.5797591733947731
5.316694172059399 0.1359345258647843 0.1910474688628514 8.007253363373765 0.8033721370436054 0.5611440153495406
5.330965087866682 0.14528748240802392 0.08529372083592213 8.564497221288306 0.7764070568201106 0.5977593704822592
5.0420896392346775 0.14456714498752424 0.3247084199860055 7.222047432151939 0.812392361990333 0.5889853559797354
5.2924741437042 0.1451667812528063 0.18879892016974664 8.007580944499777 0.8487368464870496 0.5719385471272856
5.54275675400168 0.1456019848319254 0.06418536216587367 8.739949748508659 0.7889872364303218 0.5867193079941875
4.771942479601474 0.14013347138111049 0.3436345700763388 6.744636303964273 0.7600016592724425 0.633105995631755
5.4445493328180525 0.1116107678671088 0.12160692110772953 8.424813778971055 0.8144695498277571 0.554813740941867
5.354246189315024 0.14494996359907636 -0.18637219797663662 10.218072421174991 0.816893729773437 0.5775656042024017
5.201723009415368 0.1131550085582464 0.2736323033373813 7.0571161691446855 0.7917230364182661 0.5630442653840655
5.240569776402278 0.13786594776824135 0.35428502467929346 7.026455131917409 0.8197307561195817 0.5829091769529531
5.3905346592437775 0.11180026724960448 0.22715128038069277 7.7319588139550675 0.8562153843216381 0.5627321331746642
5.36882289994195 0.11216949668576012 0.33654341337991545 7.1230613177620965 0.8000215885315248 0.5744846257875208
5.241178308180029 0.11213851273818079 0.19520700938480284 7.91723028105495 0.8189524614696486 0.5743590881109986
5.37363972031657 0.13791857895893544 0.17248235355548114 7.852133866718124 0.808467986975754 0.5812231142759368
5.478171012796104 0.14668392471178776 0.1192867549218588 8.363620252360919 0.7625089605920808 0.5599434704402249
5.500786779253176 0.11455055468583233 0.19091813702430094 7.987251149679169 0.7767699561850719 0.5374846879085646
5.331724609299186 0.14493939043959003 0.15943265842981735 8.125611235773365 0.7834865655988409 0.6095925845082035
5.396178568481232 0.1460695590368134 -0.604610910186588 12.603527889220025 0.8262485743889919 0.5577582049604226
5.4401089335775685 0.1463932398604294 0.23609151884182178 7.725212527069272 0.7981044516668202 0.5557416245285649
5.142635404149983 0.14538473998056242 0.07292602147340776 8.708214505572029 0.8016374338064518 0.5698206398346861
5.506914197763185 0.14489642090111463 -0.006959271236934184 9.101090472924826 0.915473033257566 0.5603969495366796
5.548339805113281 0.14548973219317657 0.1557134491147607 8.146994817768093 0.7963739959041406 0.5431262739191325
5.408209205820844 0.14369975117207187 0.1949731325586206 7.972288306504227 0.797897979056314 0.5865828289649803
5.291070661667651 0.14624948549449399 -0.07781792964207335 9.512057075236259 0.9201083125601077 0.5530183891754825
5.064626108261222 0.14526377377687427 0.3293567282176866 7.13050517294846 0.7652446436487206 0.644574641057312
5.377442586004985 0.11466146114462919 0.09516148221558884 8.503446092404673 0.7837284251321335 0.5730717585093018
5.349980988197787 0.14616986640718763 0.20518217519521764 7.931226421838417 0.785948598987028 0.5559806523716375
5.2950908596155974 0.11376494222036576 -0.09340556883040918 9.652494256301644 0.7999967925556277 0.5551271608723172
5.296155936135692 0.11498063041425674 0.07911271879621085 8.669811798423078 0.8168084242448179 0.5717586953813232
5.397542690277863 0.14589606308344388 0.28418413078517357 7.462393949214739 0.7897776475930915 0.5521544760599337
5.528828155266927 0.11328552705188649 0.16886359312484145 8.122063143545917 0.7895554338615578 0.5678401008722543
5.410926865092685 0.14524828056665878 0.21156204470879314 7.585237812319293 0.8357674155583338 0.5519542194811657
5.33648570432276 0.13790376253439124 0.08356898607594765 8.650306469701357 0.7648982666639254 0.5967748541492934
5.45975859738636 0.14782181424714846 0.03568172391985769 8.849305061033307 0.844846797323894 0.5579637739975742
5.529725261623764 0.14979340640372701 0.13904140284729616 8.30687882747245 0.7919633553560451 0.5536735830562873
5.370384867633369 0.14585754776685475 0.25697796348400037 7.596862202005617 0.7897348213851614 0.5654908634888606
5.238343361878902 0.145738476628234 -0.05963457260076255 9.412366262174729 0.7803518279945594 0.5611320914314086
4.860052550255951 0.14611244851573935 0.08519323113200583 8.638949141071038 0.7658242303082595 0.6451662171247106
5.046011245172226 0.14564778126782926 -0.02650276765615245 9.302835807601674 0.7752709398779195 0.6485168908358422
5.489212003274406 0.1458016203429906 0.11175455306400872 8.269434682383732 0.7847645945629701 0.5695868490180203
5.580918714547348 0.14775914681498098 -0.10985797849727397 9.70727787793947 0.803333958615495 0.5434621726800799
5.351396008180541 0.11363272727415041 0.3526531324157951 7.057114772093429 0.8037400360841874 0.5694464317579864
5.430195727299997 0.14658643466724952 0.16208949299116515 8.180772842288441 0.8578712516304471 0.55195518859091
5.062796981458029 0.14635764362287498 -0.026745834049857642 9.296415997999317 0.8555875419378794 0.6448470620374466
5.2935191745307515 0.14752245243002304 0.3173622082158116 7.2008358835614645 0.7786613354278022 0.5702781700572924
5.255172061303351 0.14635445954733275 0.19174221168876504 8.006609445748483 0.8400826506774892 0.5560511317029635
5.525695058635508 0.14615243740607117 0.06592875845905422 8.67198625315891 0.8926586343156128 0.5541941044252241
5.083107910218593 0.14248287747965166 0.19339393727742005 7.995730628443818 0.7766027765218793 0.6412492412969796
5.299845076182176 0.14214310987921358 0.36698535485781525 6.876571012597554 0.7519076800160843 0.6102382530974629
5.347376100447167 0.14532010622629563 -0.13156740866305583 9.830543836862242 0.8051766675560228 0.5766292443493162
5.460465986109446 0.14565234956929396 0.19458526447895763 7.982141200865554 0.7915845837967552 0.5530630525103513
5.34121403799155 0.14616990760064663 0.2555497168645515 7.630901454275906 0.789626364430714 0.5640013336890828
5.333195158863553 0.112325932826249 0.010563463871452683 8.99953574153676 0.747925456350499 0.5707318699850403
5.387376573001746 0.14477033913135529 0.3279592036295116 7.141449721131268 0.7911500260233879 0.5689378442526509
5.368974485156329 0.1469674556427632 0.09294548658144497 8.599839602768668 0.8113451477897666 0.5613453785388058
5.411414667788255 0.14624478705571559 -0.29896408708347044 10.811780448154904 0.7784070391030551 0.555149489352917
5.339332274461699 0.1455694617009914 0.2004380037516733 7.7564909287142045 0.8571944193976271 0.5845000431222561
5.360569251012122 0.11556115501534828 0.07518226848440568 8.624446530781738 0.7572283070346643 0.590921358524312
5.429754195740826 0.1144543342196726 0.12502414354087055 8.332142716929694 0.8800472930775535 0.5591125635916014
2.9880771788761007 -2.3947652556446943 0.4440491530833346 3.4666721744992577 -1.9313591761288225 0.5384976024568955 5.797662785036909 2.695671540799948 0.6395094927941071 6.789469228819667 3.363378405546337 0.8065831084838041
5.319014429764592 0.16341014760059494 0.5575963508371049 7.265039964425135 0.8137722393294688 0.7591669586414226
5.204015686947394 0.16187365082441196 0.2541500239110557 9.772006467332846 1.097040925338216 0.7692053469245647
5.3150475788291835 0.16272867193215215 0.12374975153898338 10.75216586174954 0.8385105662977721 0.7482536684319505
5.613981886383591 0.16423293322786256 0.47829774907640443 8.091800622231366 0.8435344333376308 0.7437799671342676
5.473896086414477 0.15517283853899894 0.2871499767821293 9.49741242644222 0.8563964427990423 0.7400293007006595
5.452794210152896 0.16454554167658134 0.33989693505524676 9.13291807589918 0.8141821460785026 0.7433339958388746
5.466587604950722 0.16221241295699157 0.541892480559363 7.5139577160828495 0.802164307033742 0.7638550935038528
5.411967967911843 0.13225150033476096 0.491900513895559 7.817850378751066 0.8444210655285005 0.766395925486667
5.465873842309237 0.16868757276398882 0.40351297171719924 8.676857108793998 0.8884751105350036 0.7351481858891337
5.36269295142937 0.1603905214774471 0.480828046807138 7.9342713132251355 0.8387956452686173 0.7641873219494251
5.866483377628078 -0.49262499556311823 0.4791026438465664 8.599476614215703 0.20248391490744744 0.8247207467130944
5.638078365346028 -0.031360283228283825 0.6476484087816547 6.686136306656544 0.6564270082856228 0.8091670246274438
5.602197954983042 0.24185598959059507 0.6303270541694022 6.42505686601807 0.9644054700837086 0.8094564877912365
5.680603729694665 0.23271265977364297 0.5411131435329539 6.166254020206351 1.0234551000994567 0.7503239198301428
12.027744135041809 2.6686545458810507 1.2161353661044125 13.714048509874926 3.216537191895381 1.4263628097903824 3.639951467514038 -0.37141352891921997 0.5626477736919353 6.264750189770002 0.9621696341058439 1.9565495252609253 12.636304757127009 2.9271584403943107 3.919508199247745 16.202994507182623 4.523739141276086 4.651139271384672
8.874615912053768 2.8294718870277533 3.679238563391918 12.561583065064887 6.151363373407342 4.8947955796123495
13.116108721182844 1.953217852992478 3.9728385208851353 16.46934931655477 3.262117585741493 4.744377449545417 12.687716354348112 1.739520108441451 1.1924217880511536 15.208951970276608 2.2670681383802473 1.5126131776211436
12.266509534806865 2.2317905270575147 1.302689070103805 12.81499880268004 3.0042928216182463 1.485540003786741 12.393960814026244 3.124828494185562 3.7004587530409534 17.303117732468223 5.737908083453501 4.892024858037872
12.543184133606033 1.7761530270824588 1.345961891654135 13.281590944198458 2.6353780524078805 1.5553018790374482 12.792689317177036 1.0262230225271631 1.1539815627641572 15.868909628603431 2.1439018501671816 1.5187056051862493
12.810572294035085 1.8658138413243588 1.2760055772767227 13.440471165225631 2.60622483425638 1.482614993420429 12.970236169715168 1.0384746990872225 1.3018051074057635 14.173516222555342 1.6463682592558646 1.4687951371696695 13.89013614459636 2.6157389135551847 4.20196113877959 17.252317506204125 5.049342448208091 5.103402800567558 16.116455569751945 2.072628027363572 1.6318717986678988 17.747034533283315 2.512028547570782 1.82700232135599
12.715927932685586 -0.01624936373795771 1.4328538744456276 13.76457567660128 0.7112533757749835 1.6624489989993996 12.862624024045191 1.9058791586799169 1.2629722468069424 13.4123765931739 2.60249851900527 1.5592820638140827 12.912916702357222 1.0654959522959275 1.4057716253820938 13.722310713424074 1.704468039271525 1.5495950035917911
12.670004503897504 -0.6171107346650887 -0.0529915836878021 18.665803128732826 0.9551638607336419 1.6001835681453591 12.751971884157504 1.282493211906582 1.1706050952787714 13.498227803113458 2.01385643415291 1.4422094687104934
15.777673825531025 2.042059115758187 1.5834701356773841 16.764872812862734 2.7611534853198436 1.810887015944625 12.512429655245096 2.0379671336548766 1.1412953869083982 13.08582881561424 2.7518801438598386 1.4432520812538319 12.54530258735868 1.1035764848238234 1.1680854843180857 13.312674107832734 1.9109645467159009 1.4900263329408483
12.470331043101108 1.9684296102935606 1.159192423583969 13.007331141020405 2.66075356137485 1.4699752720597163
16.008262601204613 2.1507026337033075 1.5629117940304238 16.95278750607512 2.9206027330302264 1.794004504478691 12.530894325280368 1.1301731570791667 1.173794928820675 13.582610576287532 2.040468459548209 1.4735605625116435 16.429824515253646 1.3691357011410683 1.5367990512666054 17.72677733001472 2.3038015559325693 1.7388161192123803 12.298965835159413 -2.238571816074407 2.692510570245301 12.64942913040482 -2.086031113071809 2.869976846573079
12.529073754371224 1.1525866575357624 1.2141176690935065 13.47654131382912 1.9746974658838568 1.4818595180383343 15.50798139291231 -4.039879433694562 4.8709398330261475 18.71086317490827 -2.671796975888633 5.767247264101838 10.96610925755514 -1.6804769335447876 1.584608767051121 11.465282496673048 -1.363751977802691 2.0611588716691367 15.682399988115002 2.18930479490764 1.6075942884156098 16.604208809016814 2.757587688669396 1.7843829742877615 10.989361143104201 -2.129072311230771 2.5902950638030013 12.190537414168382 -1.3873813706144378 3.1508300140675956
12.296966210943285 -2.19335552780161 2.693581520366686 12.68909311978557 -2.0810249119001227 2.8573594271017333 18.438849081666817 -0.5437387945221174 0.39851736562216633 29.436723827761885 0.38350701136542265 1.5961628825898728 15.865491844117338 2.17306589588304 1.6077568730403302 16.582311310114378 2.7452212717729596 1.7908425830361216
