1682879071.9505277 0.0011954536115383885 0.0001504705846309684 0.00048467657989426094
1682879071.989365 0.0011201258861218977 0.0001510591804981254 0.00022464444563241592
1682879072.030777 0.0011449413155621702 0.00014788523316383584 0.0001832752831305573
1682879072.0753946 0.0011963052194981227 0.00015638634562492593 0.00026223503281874727
1682879072.151873 0.00113069983695252 0.00014821678400039895 0.0001916338579082133
1682879072.1872804 0.0011187858066279421 0.000141168534755709 0.0001329100911418024
1682879072.2258368 0.0012211348740035488 0.00013827025890350564 0.00016512618295871917
1682879072.303667 0.0012556475307273496 9.528413414955361e-05 0.00016565967069626097
1682879072.346444 0.0012522192959945055 7.601693272590859e-05 0.00022015428906940748
1682879072.3828096 0.0012588399658627625 6.029993295669778e-05 0.0001269085687718441
1682879072.4240723 0.001241623444443174 0.0001908862590789817 9.99075226453261e-05
1682879072.4602265 0.0012539619012314207 0.0001787976920604728 8.977023934653161e-06
1682879072.5216453 0.0012280509351997593 0.00018910184502601846 0.00012620334227420038
1682879072.595669 0.0012216551734134662 0.00015537679195404275 0.0001435483389959913
1682879072.6375349 0.001201734926751824 0.0001390078663826011 0.00010602780812019041
1682879072.672229 0.0011831071722076814 3.4975409507753685e-05 -0.0001268178375997131
1682879072.7121952 0.001176471886464886 -3.808125853538291e-05 -4.210668396398276e-06
1682879072.7466705 0.0012023839623554744 0.00012279540300369485 3.074510089318139e-05
1682879072.787982 0.0011937526729406955 0.0002860003709793113 8.78439524782948e-05
1682879072.838076 0.0012125693036348917 0.0002263733744621299 3.770014942450217e-05
1682879072.8890262 0.0011582401991283298 0.0002208673954010032 4.4530104743811805e-05
1682879072.9334626 0.0011503599629592853 0.000215849429368975 7.827228283407983e-05
1682879072.9691203 0.001121465273381833 0.00021048501133918984 -9.62434187798955e-05
1682879073.0436666 0.0011242778184352986 0.00019137427210808022 -5.420785597465283e-05
1682879073.1320357 0.001109762886958604 0.0001755119860172294 -1.9365387893488517e-05
1682879073.201385 0.0011139382951481924 0.00021415069699287637 3.180961760862466e-05
1682879073.2413766 0.0011099503210366957 0.00020247191190719827 1.8480622351546572e-05
1682879073.2887158 0.0011368564243756374 1.859903335571511e-05 -1.5025619581665595e-05
1682879073.3273535 0.0011069825144079948 1.968681812286599e-05 2.3822597238654097e-05
1682879073.365457 0.001172222089418029 2.1948069334032372e-05 8.71246006659554e-05
1682879073.4009206 0.00122286062229493 0.00016525253653526528 7.294845544514317e-05
1682879073.4408338 0.0012511423921230946 0.00022880226373672707 6.278595323871983e-05
1682879073.478494 0.0012944382489069595 0.0002139309048652671 -0.00010370094721490197
1682879073.516632 0.0012778698315046577 0.00018944457173347695 -0.00011204964188893385
1682879073.5552576 0.0011044027969135117 0.00021426990628242715 -0.00014137924162826998
1682879073.5911696 0.0010898415229892433 0.00020576879382133706 -3.0030321959362283e-05
1682879073.6438196 0.0010731880228534163 0.00018582731485367043 0.00018231051182571179
1682879073.6944916 0.001112812092184584 0.00030724942684173806 0.00030818744583749336
1682879073.7531464 0.0011212388432783882 0.00023383513092994912 0.00019509924268779066
1682879073.7935357 0.0011053646920818894 0.0001840317249298118 0.000169000880256176
1682879073.8322468 0.0011721479185599348 0.00011782586574554665 0.00011707986162146078
1682879073.869504 0.0011839325055592043 0.00010987609624862893 0.0001749616416271138
1682879073.9070735 0.0012152208699736933 0.00024043262004852517 0.0003003020842677895
1682879073.9458199 0.0012300877811858013 0.00023252382874489053 0.0003189498183844286
1682879073.9855387 0.001233175033470535 0.00022499874234199746 0.0002328081456837161
1682879074.0204308 0.0012399928003904437 0.0001788461208343528 0.00019555140457705456
1682879074.059794 0.0011843937401112004 0.00016257777810096963 0.00017796868400554722
1682879074.102885 0.0011964098571027315 0.00010936573147773965 0.00017964421713667633
1682879074.1566257 0.001130447677984009 7.915735244751199e-05 0.00017133030183069664
1682879074.234251 0.0012262387221895488 -4.602357745170371e-05 0.00015034242271694254
1682879074.305632 0.001211973399736943 -6.976112723350303e-05 8.79202395791534e-05
1682879074.3506997 0.0012538833420852047 -6.519392132758872e-05 0.00010863740391253707
1682879074.3929439 0.0012013657176349612 -6.476923823356406e-05 0.00018048900914702237
1682879074.4416978 0.0011920799634943802 -7.305800914764182e-05 0.00012141933198450694
1682879074.4779274 0.0012000849880365316 -1.8005669116971657e-05 0.00012886206602402694
1682879074.5187812 0.0011576200595848074 -9.746700525281593e-06 0.00014070198787363708
1682879074.5599892 0.0011464027644677022 4.966050386429055e-05 0.00021951402886255522
1682879074.6083567 0.0011443168632109535 7.354706525802834e-05 0.00020425112281929891
1682879074.6823096 0.0012639584279368343 -5.294978618619606e-06 0.0003689849383106125
1682879074.7227497 0.0012899558641496778 -1.141563057899253e-05 0.00042698116128914165
1682879074.7614038 0.0012864197173559633 9.427368640901879e-06 0.00021351064462349356
1682879074.8011792 0.0012714657887301084 8.902102708818749e-06 0.0001758805614169301
1682879074.8396847 0.0012956412128959094 -3.208816051480934e-06 0.0001715998519420392
1682879074.8774235 0.001292740725297864 6.934121251106484e-05 0.00016859010363057259
1682879074.9124858 0.0012519668023302788 0.00011291593313217385 0.0001363520173631727
1682879074.9644673 0.0012675927046386648 6.912514567375405e-05 0.00011970762955471059
1682879075.0304384 0.0012409710127206097 0.0002290742099285148 0.0003641344966294202
1682879075.0926802 0.0012479347829559284 0.00014275178313255532 7.277090780211104e-05
1682879075.153683 0.001245675411484487 0.00013241037726402505 4.174400474976636e-05
1682879075.190485 0.0012316241229786418 0.00013140454888344033 2.1704784308296254e-05
1682879075.232806 0.0011885396186029906 0.00011194735765457375 0.0002950280798017513
1682879075.2772615 0.0011569770490008069 0.00011809781193733437 0.00039311294611010794
1682879075.320379 0.0011296601180744992 0.0001550489664077781 0.0004282696479205317
1682879075.3592012 0.0010924925172664524 0.00010191142559051736 0.00038940859615199663
1682879075.4023693 0.0010636612540194934 0.00010653823614120705 0.0004074212589006976
1682879075.4960823 0.001159660033039217 0.00010173633694648965 0.00040136358225972835
1682879075.537898 0.0011653381316998612 9.056419134140237e-05 0.00032024525665597103
1682879075.5758283 0.0011729930074015071 0.00010224670171737893 0.0002659621466176709
1682879075.6290355 0.0011487867053198153 5.847081542015298e-05 0.0005473916469973528
1682879075.6701949 0.001138909696771162 5.7453811168672875e-05 0.0003910152403732159
1682879075.706688 0.0011836085702470744 0.00014469638466835244 0.00034168919513866136
1682879075.7491636 0.0012008538958593329 3.532186150551064e-05 0.00021292889689017436
1682879075.7899826 0.0010866624106307676 0.000544356703758242 0.00029661404383651835
1682879075.8353305 0.001057041089174482 0.0003928007185459159 0.00016658268461178238
1682879075.9065487 0.0011438449725229283 0.000287643224000933 0.00020697275310355145
1682879075.9428797 0.0011671918832310557 0.00039134040474891885 0.00026352339623580967
1682879075.9824615 0.0011850158520751441 0.00037246435880661233 0.00024901809719302115
1682879076.0224373 0.0012052577746044235 0.00010970845818519814 0.0001741190592170483
1682879076.0616555 0.0012522530272658372 8.877605199814065e-05 0.00016059610722574114
1682879076.0996864 0.0012370711375768173 0.00013758108019829018 0.00012916125619821806
1682879076.1401596 0.0012482018622032853 5.499139428138955e-05 2.0624627395493533e-05
1682879076.1876056 0.0013258321631457182 -5.401432514190452e-05 -4.7105693648186175e-05
1682879076.260083 0.0013341158720378832 -3.064557909965293e-05 -1.3032077958996524e-05
1682879076.3037136 0.0013259849418148784 3.513559699058755e-05 -3.480412731904359e-05
1682879076.3482513 0.0013335293341580623 4.498809576036766e-06 -8.061831571892775e-05
1682879076.3868961 0.0014240224712095129 0.00032318621873855813 0.0002849694464923669
1682879076.4262908 0.0014060161011377748 0.0003565052151680015 0.00031951783856509763
1682879076.4685175 0.001311830180683815 0.00037853658199310525 0.00028591986771764333
1682879076.5126517 0.0014221235109254937 0.0002306872606277488 0.000712893844432072
1682879076.5628035 0.0013672339479907647 0.00046490371227264626 0.0005260963369444482
1682879076.6011026 0.001450737761731713 0.0004939945042133354 0.000581002354469895
1682879076.6760786 0.0014148912814439807 0.00043401733040809853 0.00048145395944976244
1682879076.7160707 0.0013863815073500707 0.0004026019573211692 0.0004630783808199368
1682879076.7560618 0.0013672216228453604 0.00038179248571396096 0.0004646261150544895
1682879076.8010495 0.0013017037110921725 0.0003591836988925956 0.00036633815541442516
1682879076.8366818 0.0012856084248376587 0.0005532489717006706 0.00046853906778832055
1682879076.8714402 0.0012904346627787833 0.00036516651511192544 0.00036553551607187984
1682879076.9105842 0.0012319730100061599 0.0003268854320049308 0.0003641616550276172
1682879076.9490762 0.001235340312239236 0.0002999702095985435 0.00027182735676478664
1682879077.0088067 0.0012014361393049289 0.00028465554118156655 0.00024064919526445294
1682879077.0795722 0.0011846970380050281 0.00027736887335777505 0.0002568798013240503
1682879077.1547048 0.0012264338329163738 0.00031296402215957864 0.0002540746851253939
1682879077.1953976 0.0012249015953673392 0.0002918192744255088 0.0002738115131264429
1682879077.242381 0.001264743758693232 0.0001237379014492057 0.0002729406800878742
1682879077.2843225 0.0012127616767095006 0.00015885248780250771 0.00024300632135254574
1682879077.324139 0.0012208286333694474 7.615476846695168e-05 0.00022849019857740238
1682879077.367646 0.0012226743293603792 5.736440420150979e-05 0.0001507608466932986
1682879077.4085884 0.0012094011096074053 1.4266520738603905e-05 0.00013768335262076548
1682879077.4534547 0.0011739824553780864 3.34480404853843e-05 9.294189830000299e-05
1682879077.4961843 0.0011709223566501725 6.0590505599977806e-05 -8.54656387150321e-06
1682879077.5582514 0.0011761794304284146 2.2376477718355492e-05 -2.1770996507797236e-05
1682879077.624578 0.0011952655294220904 -1.9425004720685646e-05 -7.416912558166899e-05
1682879077.6935666 0.0011353815816818602 3.424897789955361e-05 5.6038216869058743e-05
1682879077.7563152 0.001120462028889685 4.1923075914385155e-05 8.644417411618477e-05
1682879077.7938612 0.0012512711337791804 1.4322400093080834e-05 0.00011626498422145914
1682879077.8395252 0.0012461630040701277 5.173087120058373e-06 1.93290148859937e-05
1682879077.8765085 0.0012415242756874667 2.9469430446626976e-05 1.527741438378527e-05
1682879077.927865 0.001226498093503503 0.00018155813217163308 6.883357628306719e-05
1682879077.9846973 0.0012238097970393713 3.563106060028298e-05 4.518543339671055e-05
1682879078.0232666 0.0012563815110148147 0.00023046746850013955 8.763596974592502e-05
1682879078.067276 0.001208703318668236 0.0002525696158409141 9.706655874608394e-05
1682879078.1100621 0.001204854313799214 0.00025953590869903786 0.00017756026458881635
1682879078.1954246 0.0011713548118385264 0.00023887172341346963 0.00014962503184179354
1682879078.2510676 0.0013155751200098764 0.00020756065845489724 0.00013117999428891025
1682879078.298016 0.001177360940619765 5.728244781494363e-05 8.95302097769779e-05
1682879078.350639 0.0012794012487014894 1.1230409145357445e-05 3.101842378017139e-05
1682879078.3929834 0.001293476015069961 -5.75570762157418e-05 9.486337264452693e-05
1682879078.4288964 0.0013945733030344687 0.00018374860286712869 0.000345442798751483
1682879078.4715164 0.0014289400944925978 0.0002232329547405265 0.0003821345994738934
1682879078.507874 0.001412342638511338 0.000191445052623751 0.00032055058004254455
1682879078.5538871 0.0013754558076943812 0.00024243310093879922 0.00025818996254556303
1682879078.597588 0.0014305964823080053 0.0002580755949020408 0.00024006156620948182
1682879078.687769 0.0013721648558143729 0.0004342557489872001 0.00016086749406674095
1682879078.7272387 0.0013601361837603243 0.0001994171738624595 0.0001390197535033888
1682879078.7709346 0.0014481211194523613 0.00013682857155800088 8.708547850933002e-05
1682879078.817227 0.0013981053505505714 0.00016762182116508706 0.00012086757477636212
1682879078.856887 0.0014306942507049114 5.43506443500541e-05 6.33394885651839e-07
1682879078.89676 0.001395828813260197 3.1585395336153343e-05 1.6339133330767197e-06
1682879078.9377744 0.001402093766122825 9.54815745353721e-05 1.6270437062093634e-05
1682879078.9860513 0.0013928565135648274 8.474901318550332e-05 -2.8115722843669033e-05
1682879079.0434365 0.0014534877266292046 7.686257362365945e-05 0.0001239970788589062
1682879079.1066408 0.0014272140134919953 0.0001335987448692344 0.00012459203267267682
1682879079.1465552 0.0014238265292057795 0.00010726094245910867 0.00012967428925980684
1682879079.1907332 0.001374898873999525 7.673591375351174e-05 0.00012292896137089393
1682879079.2331302 0.0013764776084328467 8.790433406830056e-05 0.00013028882978805
1682879079.2696877 0.001240600397782593 8.209288120269997e-05 7.353523823194763e-06
1682879079.3099523 0.001217266513889148 0.00011726707220077737 -4.03639416408641e-05
1682879079.3457468 0.0011753526679160742 8.945032954216225e-05 -7.456880690748235e-05
1682879079.3883178 0.0013082188425579122 -4.207476973533408e-05 -0.0004096432176201592
1682879079.4354677 0.0013009849723719102 -2.803787589072959e-05 -0.0003154733152619382
1682879079.4954457 0.0012735355108747237 1.852080225944741e-05 0.00011499196255648769
1682879079.5397837 0.0011694412947733934 2.079322934150918e-05 0.00014045803348183838
1682879079.6045175 0.001162489102329023 9.952634572985009e-06 -2.5320686870999864e-05
1682879079.660882 0.001293098614349647 -4.122912883758323e-05 8.004403825667694e-05
1682879079.705613 0.0013050197393299212 -2.231582999229209e-05 4.012462617053458e-06
1682879079.7428265 0.0013289964535483645 2.2793710231783226e-05 -0.00016057659777790612
1682879079.7788665 0.0014255936993216034 5.9218704700492175e-06 -0.00017113994746886796
1682879079.817394 0.0012131284063962022 0.00025313213467598183 0.0006216296972809676
1682879079.864611 0.0012168889805815042 0.0001600855588912986 0.0002699491529545295
1682879079.9024093 0.0012268036066460652 0.00018662080168724282 0.0002018141852695443
1682879079.9513524 0.001185995642540516 0.00021113693714142068 0.00016503877417672896
1682879079.9981906 0.0012765316176661101 6.01509213447593e-05 0.0001448621485375945
1682879080.051839 0.0012786353312906062 5.464121699333413e-05 8.970445658262882e-05
1682879080.0875154 0.0013057643186464851 3.14624607563041e-05 0.00010049135552314681
1682879080.1288316 0.0013173537949189018 2.1951794624330834e-05 5.464087312057053e-05
1682879080.1668694 0.0012281083807064164 0.00010593846440315469 3.322597929988902e-05
1682879080.2045834 0.0012280007288540673 0.00017258390784263833 -0.00016945006698954046
1682879080.240196 0.0012277684236985664 0.0001500906050205253 -0.00020192719211564736
1682879080.2788565 0.0012383981867802318 0.0001338222622871421 -0.0001813430399124627
1682879080.326809 0.001245002279278179 0.00013420969247818215 -0.00019808081912686681
1682879080.3833926 0.0012871992410919408 9.36226546764396e-05 -0.0001722168782178901
1682879080.483046 0.001280947563334578 0.0001156987249851249 -0.00018398813468101238
1682879080.5249255 0.0012936386389581778 0.0001483583450317405 -0.00020101810314376856
1682879080.5624268 0.0015173063633317774 0.00012913584709167703 -0.0002145325886115934
1682879080.6057684 0.0015217763335588774 7.28280842304252e-05 -0.00044681917700706286
1682879080.6421587 0.0015193746960422416 7.97235965728782e-05 -0.00038511167856314366
1682879080.692825 0.0013624323985776676 8.731573820114358e-05 -0.00028625887909683456
1682879080.7328956 0.0013264563498260606 0.00015949696302414162 -0.00024055451633353542
1682879080.776723 0.0013555364330295472 0.00016943976283073647 -0.00022955062276719396
1682879080.8218129 0.0013681847599638086 0.00019166484475136025 -0.00022068194537783192
1682879080.8979642 0.0013576669074149839 0.00018093228340149148 -0.00021249510936027782
1682879080.9324534 0.0013666295098486991 0.00017715856432914956 -0.00022016298046789728
1682879080.9710522 0.00139218151917897 0.00012460589408874734 -0.0002231812187041271
1682879081.0111744 0.0013917093802003622 0.00012217700481415017 -0.00021449167801756985
1682879081.046882 0.0012696422253634099 0.00014622002840042336 7.934767430550771e-05
1682879081.090106 0.0012766063660481497 0.000127377510070803 6.525379856126001e-05
1682879081.1407435 0.0012758367068979592 0.00033115461468696816 3.5017593997599405e-05
1682879081.207702 0.0012812368844538624 0.0003092722594738029 -5.530524040664453e-05
1682879081.2631202 0.001242242759165374 0.0003660680353641532 -8.375415040484668e-05
1682879081.308089 0.0012412819728626623 0.00026538461446762307 -9.88413953169065e-05
1682879081.3621724 0.0012403902133334421 0.0003672340512275718 -0.0002706428394498861
1682879081.4215956 0.0012276582576555561 0.0002094046771526359 -0.0003084004482472036
1682879081.4671772 0.0013075916267321908 0.000182396322488787 -0.00014338588802842445
1682879081.5096338 0.0013074181252328565 0.00016464158892631753 -0.0001226261989017985
1682879081.5453665 0.0012256928960228952 0.0005151802301406883 0.00024890519374620723
1682879081.5894315 0.001273815695893049 0.00035845726728439553 0.00032018317028770227
1682879081.636502 0.0012314570556818394 0.00030260398983955605 0.0002813010669522331
1682879081.6793532 0.0012075993769433135 0.00011569499969482644 0.0004464928763687759
1682879081.7520807 0.001227519382763137 7.614731788635476e-05 0.0003109436332078275
1682879081.8064167 0.0013329610838740125 0.00013842672109604104 0.00016344129169265642
1682879081.844496 0.0013062536547286674 0.00013010814785957558 0.0001434848870915939
1682879081.8816342 0.0013191817401181083 0.00011012569069862588 0.00011739553630518706
1682879081.931438 0.001206448663725046 9.327247738838418e-05 9.576014739565153e-05
1682879081.9869168 0.0013732691431596888 0.00012082844972610696 8.930768056747418e-05
1682879082.03834 0.0013858172024039939 0.00014183163642883523 7.573195056043147e-05
1682879082.1057103 0.001365213562678519 0.00011743843555450661 8.078819051338115e-05
1682879082.1648147 0.0013576412306906538 0.00011012196540832742 1.1181353290590224e-05
1682879082.2314558 0.0013402465160725907 0.00011973321437835915 -2.5377286451577774e-05
1682879082.2815485 0.0013541702482616769 8.17576050758384e-05 -5.1536171827626376e-05
1682879082.3313603 0.0013605513325974095 7.768213748932107e-05 -0.00010958313671460829
1682879082.3705013 0.001387846303709639 7.340922951698525e-05 0.0001684556525320957
1682879082.421735 0.0013637963154589927 4.32977080345176e-05 -8.781687159475915e-05
1682879082.4696524 0.001585185135339423 -2.8179436922071144e-05 0.0001582786040967843
1682879082.5066373 0.0015926678309442777 -5.71659207344033e-05 0.00020030915230107027
1682879082.5426044 0.0015579069198700113 -3.0016005039212867e-05 4.984902007598713e-05
1682879082.59579 0.001505574682590216 1.3972222805025414e-05 -5.8842876413667256e-06
1682879082.634592 0.001524906317648872 8.78708064556144e-05 8.543745200428887e-05
1682879082.6864338 0.001967713613239247 0.00013020873069763406 0.00022253847920583603
1682879082.7328937 0.001494718496853925 0.00015854701399803384 8.58365371840808e-05
1682879082.7883558 0.0014702834476212068 0.0001245611906051658 7.041010924790925e-05
1682879082.8261268 0.0014608360270010334 7.45789706707023e-05 6.957926881079324e-05
1682879082.867169 0.0014437089929900948 0.00010330468416214211 7.37352579440742e-05
1682879082.9041798 0.001352707563365474 0.00011902913451194985 4.924852869869767e-05
1682879082.9384634 0.0013242088059255974 0.00011285632848739846 -5.5064587348718774e-05
1682879082.9777546 0.0013238453690686547 0.0001115413010120414 -4.780190850084409e-05
1682879083.016997 0.0013248181706501105 0.00036726012825966103 -3.5339948367463236e-05
1682879083.0912046 0.0012905104733481054 0.0003677257895469688 0.00015308125711910314
1682879083.13722 0.0012815714490864716 0.0003918060660362266 5.9056903145560113e-05
1682879083.1735733 0.001262799478919302 0.0003680051863193534 3.734915025077612e-05
1682879083.211687 0.0013014295034218248 0.00026319414377212746 5.324720208665923e-05
1682879083.2488208 0.0013663635523781525 0.00022929027676582558 5.542238671929489e-05
1682879083.2866426 0.0013360771706428243 0.00023194268345833047 2.8125377823817743e-05
1682879083.3230374 0.0013344349840567205 0.00023434177041053994 -2.8055274572613698e-05
1682879083.3683002 0.0013831683533574446 0.0003480935096740745 -3.7552419172026674e-05
1682879083.417707 0.0013295614547013668 0.0003016987442970298 6.694889401237525e-05
1682879083.4803145 0.001358163981721977 0.0002638535201549552 -3.355190855769408e-05
1682879083.5424066 0.0013689206317289704 0.00024681031703949197 -9.376708179442694e-05
1682879083.5899174 0.0013432567391775674 0.00025174260139465554 0.0004163996394574987
1682879083.6258228 0.0013326545259244593 0.00025425344705581887 0.00034174748508153385
1682879083.6714482 0.0013491559783585239 0.00023990735411644204 0.0003141659332952518
1682879083.7239203 0.0013792123521230992 0.00021392717957496865 0.0001822272511731171
1682879083.777051 0.0013435035067641266 0.0002498799562454246 0.0001728013783286464
1682879083.817755 0.0014881309062458603 0.0002621361613273643 0.00017096753777945395
1682879083.8562407 0.0017083206796665307 0.0004171194136142753 -5.9714664287557895e-05
1682879083.8997872 0.0017721942208695218 0.0004487620294094108 -0.00010820053484805747
1682879083.938331 0.001776921406751425 0.0004865364730358146 -0.00011978046558813737
1682879084.0324926 0.0017227211809573983 0.0003269375860691093 -0.00013430922467883022
1682879084.075347 0.0016436858263467191 0.00029972061514854653 8.307895786874298e-06
1682879084.119805 0.001593794380521485 0.00028208136558532937 5.8687038852145434e-05
1682879084.16034 0.0015816204455547656 0.00016783043742180093 2.274773121246909e-05
1682879084.201506 0.0015914892322085594 0.00015121191740036233 -1.674350078495479e-05
1682879084.238586 0.0015778922876938384 0.00015365198254585488 0.00020338922948393012
1682879084.2762988 0.0015034378822567085 0.0002636970579624198 0.0002364258084543991
1682879084.3339174 0.0014954024912775254 0.0002335631847381614 0.00013612067563739672
1682879084.3892844 0.0014792220636931641 0.0001837858557701133 -4.038466862965606e-05
1682879084.4477656 0.001490416457478383 0.00015893816947937234 -6.954473771925151e-05
1682879084.48831 0.0014860541540012429 0.00011880189180374368 7.342528087983524e-06
1682879084.523969 0.0014988181903145825 0.0001001270115375541 -4.6326835455356985e-05
1682879084.56657 0.0015091601706854196 0.00013574823737144692 -4.831583267694839e-05
1682879084.6041853 0.0014651644447701562 0.00015218794345855935 -5.135296315872395e-05
1682879084.641457 0.001456331838356667 0.00015254184603691323 -9.189940327103407e-05
1682879084.6929572 0.001291761416019943 0.00021476164460182412 -0.0002240288662425094
1682879084.7348084 0.0013566535604749574 0.00017890945076942666 -0.00021624593112523627
1682879084.7791355 0.001380363101592147 0.000157015919685366 -0.00021911765270532513
1682879084.8211765 0.0013947774426011084 0.00021529436111450417 -0.00026864624465994247
1682879084.8749347 0.0013913788552557815 0.0002216310799121879 -0.00024709307668624447
1682879084.9294105 0.0013891897748534443 0.00033343449234962685 -0.00017904894332443355
1682879084.970343 0.001562649529067539 0.0005281479656696342 -8.204346304863108e-05
1682879085.0105782 0.0015897790065490525 0.0003815168142318748 -4.726548981670575e-05
1682879085.0486667 0.00142210664156589 0.0004558028280735038 -6.210145806107015e-05
1682879085.0857341 0.0015815524442215623 0.0004521930217742942 -2.404418665435948e-05
1682879085.125988 0.0013889249510776192 0.000758367180824282 0.0003912325097950031
1682879085.160183 0.0014280248580939847 0.0008146972954273246 2.3416637574991128e-05
1682879085.200073 0.0013462804583667387 0.0006713667511940025 0.0003191544509937305
1682879085.238461 0.0015038102685000776 0.0004451596736907981 0.00022868614362292483
1682879085.2869732 0.0015361243814736303 0.00038850545883178933 0.00013123567811179626
1682879085.36619 0.0016369570815388812 0.00040127575397491677 5.2133806821563766e-05
1682879085.407284 0.001966183419121942 0.0002218061685562156 1.4300757470220304e-05
1682879085.4487908 0.0020063780220174743 0.0001897537708282493 -1.567590228646054e-05
1682879085.4902964 0.0020885719121511437 8.207798004150613e-05 -2.6124511304015385e-05
1682879085.524387 0.0021232341326773985 9.408742189409569e-06 -7.560412200513511e-06
1682879085.56606 0.0021480179413164713 -0.00032821059226989524 -4.009863127740765e-05
1682879085.6006558 0.002199035513631681 -0.0005494667589664437 -7.884365076482602e-05
1682879085.6353931 0.002157953954140257 -0.0005740126967430093 -0.00012148131740841173
1682879085.6767483 0.0022880457738022886 -0.000531685948371885 -5.720180754087423e-05
1682879085.7266376 0.0022750813952791826 -0.0003532668948173501 -0.00016037948135916302
1682879085.774895 0.0023822018244004373 -0.0002513615787029244 -0.00012840205627528967
1682879085.8241262 0.002384206189010196 -7.115066051482932e-05 -0.00022808542411434374
1682879085.8605146 0.00233769525795402 -2.3892521858193128e-06 -0.00019412793977391374
1682879085.8985393 0.0023322893900741826 5.326658487320168e-05 -0.00021743464075041352
1682879085.9373899 0.0022913983489266654 0.00018817424774170144 -0.0001890444918886125
1682879085.9738522 0.0022938908513681633 0.00039185822010040505 -0.00018116146313329473
1682879086.010014 0.002303514913867155 0.0004218803346157096 -0.0002050289837387531
1682879086.054461 0.002335090100107906 0.0002997131645679496 -0.00021287822554372227
1682879086.1108017 0.002349711083452416 0.0002862946689128898 -0.00022121780925599133
1682879086.167872 0.002348544188142343 0.0002955445647239707 -0.00021876967510348067
1682879086.2112184 0.0023658245589796845 0.0002947548031806968 -0.00015249650164084194
1682879086.252722 0.002370303154822173 0.00019730120897293313 -0.00023439100315414407
1682879086.290634 0.0023744687143168464 0.0004895390570163749 -0.0002684384284679098
1682879086.3334613 0.002357899218340259 0.00038461998105049355 -0.00046549289690722695
1682879086.3712816 0.0024014481269455656 0.0005747066438198112 -0.0004900499293878369
1682879086.4138165 0.002405778771881306 0.0005398863554000877 -0.00048565567053793224
1682879086.455512 0.0023532900996049155 0.0006010220944881461 -0.00043003536657693076
1682879086.502086 0.0023213959071171353 0.0004412369430065177 -0.00044547698741514985
1682879086.568885 0.002311996956794904 0.0004025349020957969 -0.0003951006244595767
1682879086.6074781 0.0024769930058322065 0.00044516712427139504 -0.0007634198706778506
1682879086.6474802 0.0024447255516284183 0.0003307001292705558 -0.0007143072451811783
1682879086.6875546 0.0024095039631661375 0.0003627637028694175 -0.0006665360341748805
1682879086.7262883 0.0023841239343069254 0.00035909056663513406 -0.0006119463365164002
1682879086.7642007 0.0024062891242732642 0.0003745803236961387 -0.0007331795704987876
1682879086.8052406 0.002357036970135312 0.0003723190724849723 -0.0007385088353899505
1682879086.8430169 0.0023609499530365397 0.0003552721440792106 -0.0005324196855072127
1682879086.9174623 0.0023580860242430057 0.00044136360287666543 -0.00023368942621782018
1682879086.9818563 0.002377353785054853 0.0004186542332172416 -0.00018104302286792162
1682879087.0185382 0.0023737937740582193 0.0003346638381481193 -0.00021440282281837142
1682879087.0565383 0.0023868915134358792 0.0003764392435550712 -0.0003118600408409389
1682879087.097933 0.002378394825335417 0.0004999773204326652 -0.0003421248437642799
1682879087.144899 0.0023749631403564286 0.00035894528031349404 -0.0003477870601440447
1682879087.1846862 0.0022157972451302688 0.00039526313543319924 -0.0004243831059675962
1682879087.2203104 0.0021844180028797455 0.0005242475867271446 -0.0005474602856161415
1682879087.262113 0.0022482979609050047 0.0004962445795536063 -0.0005355504560580204
1682879087.318437 0.0022013263112447556 0.0004920051991939567 -0.0006243165201880174
1682879087.42568 0.002226400775316828 0.0004927875101566337 -0.0005244716660663951
1682879087.46632 0.0022336479076969507 0.0002660253643989585 -0.000543922510967132
1682879087.5136352 0.002282604204217137 0.0003490881621837638 -0.00047439320167730337
1682879087.5524888 0.0023131447064167754 0.0003097081184387229 -0.00047393912888149536
1682879087.5905485 0.0023492052896760818 0.0002857731282711051 -0.0004409820385329333
1682879087.631142 0.0023012401156042306 0.00031946837902069314 -0.0005091488073400985
1682879087.6755364 0.002559385494679073 0.00042975932359695657 -0.0006824299637662179
1682879087.7153065 0.0024907266159491515 0.0002870658040046714 -0.0007270444388596253
1682879087.7553852 0.0025095955838191075 0.0006248714029788993 -0.0007831535456988004
1682879087.7986326 0.0024514742982304216 0.00045826524496078713 -0.0006307766821627148
1682879087.861654 0.0024776867928370805 0.0004233779013156913 -0.0005907928242323557
1682879087.9138274 0.0024545175971197597 0.000445562005043032 -0.0005905199488893675
1682879087.955066 0.0027192074933490296 0.0005003535747528098 -0.0005290535978497157
1682879087.9925146 0.0025645097225575064 0.0005785995721817039 -0.00047162522131039
1682879088.0328639 0.0025437099789427653 0.0005733133852481864 -0.0005464296021571169
1682879088.070757 0.002592720760849071 0.0007818737626075767 -0.0006060434163031037
1682879088.110003 0.00260101358647552 0.0006671273708343528 -0.0005406974287831545
1682879088.1530316 0.0025785824355627485 0.0005103448033332847 -0.000537284300547114
1682879088.2020924 0.002558333407453095 0.00047693639993667825 -0.0005419977086593697
1682879088.2608576 0.002508461351137581 0.00018221378326416238 -0.000671490789317275
1682879088.2990987 0.0024841854909407046 0.000309942811727526 -0.0005782930557098886
1682879088.3361514 0.002474429378065024 0.00030787527561187966 -0.000492604462642543
1682879088.3725436 0.002453676695947371 0.00041091307997703774 -0.0005181114459000824
1682879088.4099333 0.0024059074529545754 0.00029909476637840493 -0.0006453508459691726
1682879088.4444613 0.0023468281058042773 0.0004130961000919364 -0.0005377813466733716
1682879088.4892943 0.002345293012913252 0.0003464692831039451 -0.0004494135490471507
1682879088.5285554 0.002360110485494088 0.00041588261723518594 -0.00045869816775478967
1682879088.571539 0.002363660939288914 0.000528405010700228 -0.00048179539600701204
1682879088.6323457 0.002426554088666766 0.0006500804424285911 -0.0005391628528332859
1682879088.6865287 0.002439554823886053 0.0005338737368583701 -0.0005228763160258776
1682879088.7248702 0.002498995540625687 0.0005418309569358848 -0.000552247942735784
1682879088.7678747 0.002465951029204938 0.0007363171875476859 -0.0004986385811611704
1682879088.810157 0.00247394463436576 0.0006802776455879234 -0.0005028935473079255
1682879088.8521879 0.0024760906378386294 0.0007602186501026176 -0.000644464645542353
1682879088.8964007 0.002495316406750825 0.0006850422918796562 -0.0005125663283955806
1682879088.9313736 0.002498952586848263 0.0006695041060447715 -0.0004856480734662938
1682879088.981894 0.002499900892575624 0.0006639944016933463 -0.000492523409107104
1682879089.0192695 0.002553784805579079 0.0004409240186214469 -0.0004944819458514438
1682879089.0823798 0.0025638164246850337 0.00042696535587311013 -0.00047715040412121823
1682879089.157544 0.0023133200075263483 0.0004710020124912284 -0.0004664107737524237
1682879089.2002468 0.0023231973895041502 0.000517750680446627 -0.00046209702207455905
1682879089.241078 0.0022914380992591077 0.000522839426994326 -0.0010013961579329322
1682879089.2762249 0.00240285886746186 0.0005323500931262992 -0.000844712666362657
1682879089.3252814 0.0024675492276351463 0.0004513436555862449 -0.0006729413095880599
1682879089.3703651 0.0025002066808243184 0.00043232232332229836 -0.0006523290802491477
1682879089.408242 0.0024710696616065397 0.0003682622313499473 -0.0006541452218373767
1682879089.458768 0.0025131240226794194 0.0003431351482868217 -0.0005990455950604101
1682879089.5058517 0.00249372817122942 0.00041156873106956704 -0.0006135037021914869
1682879089.5631542 0.0024840170471208955 0.0004405030608177207 -0.000500241054348427
1682879089.607232 0.002481505075220186 0.000498427599668505 -0.0004336453805073859
1682879089.6519406 0.002494639336655363 0.0006437027454376243 -0.0003000227990399562
1682879089.6915455 0.0023195442908851283 0.0005937875807285331 -0.000440079156453832
1682879089.7340987 0.002387585767723771 0.0005468079447746299 -0.00040086670774996946
1682879089.7823472 0.0024353884385768243 0.0005088770389556907 -0.0004332078912889781
1682879089.820972 0.002441789785908477 0.0005155080556869529 -0.00044172008271670116
1682879089.8974473 0.0024279444758091295 0.0005662651360034965 -0.00044038383192579467
1682879089.9471529 0.002441140322748475 0.0005371594429016135 -0.00046347582205319426
1682879089.9884734 0.0025712445807765383 0.0005378672480583213 -0.0005550778339913354
1682879090.0262384 0.002454776247397733 0.0005960860848426841 -0.0005116110658138773
1682879090.060328 0.002454764498783041 0.0005054162442684196 -0.0004796235873816279
1682879090.1020966 0.002457663155486206 0.00048058345913887246 -0.0004683781971899226
1682879090.1605852 0.0024376837694794484 0.0005101622641086601 -0.00047952346860391515
1682879090.215282 0.002280343435862753 0.0010834173858165763 -0.0004360729113817019
1682879090.2563846 0.0023774618555253424 0.0009930343925952934 -0.00038191789719554947
1682879090.2925017 0.0023973028940093566 0.0011109696328640006 -0.0006226258922297223
1682879090.336103 0.0023697300559196166 0.0011703097820282005 -0.0006607680887671386
1682879090.380178 0.0024579733310297613 0.001022080481052401 -0.0005547781980115296
1682879090.4178364 0.0025107285730611717 0.0006938861310482047 -0.0005787551713831718
1682879090.4588292 0.002540645616072007 0.0005690255761146568 -0.0005811969005071749
1682879090.4946434 0.0025556004569175506 0.0006591515243053458 -0.0005297211906927224
1682879090.5625525 0.0025600719397308735 0.0006293231248855613 -0.0005121904538554212
1682879090.6419775 0.002630001704826662 0.0006597699224948905 -0.0003939875722076547
1682879090.6849785 0.002699803920061278 0.0004727156460285209 -0.0003579096914732016
1682879090.7212543 0.0026574664744323517 0.000736697167158129 -0.00044119208002868504
1682879090.7641008 0.0026792746498263686 0.0005266802012920402 -0.00038758304079733463
1682879090.7991486 0.002671042588358624 0.000504250228405001 -0.0003037279168986995
1682879090.8375764 0.002735138567648704 0.0006107339262962364 -0.0004402891972046241
1682879090.8794367 0.0022819929490081325 0.0007687979936599754 -0.0008421671945353371
1682879090.917085 0.0023093616346201162 0.0008199052512645744 -0.00011808216439490593
1682879090.974491 0.002312720093238546 0.0008622021973133109 -0.0002482535359311644
1682879091.0204134 0.002342007793566525 0.0009383769333362602 -0.0002552623797866804
1682879091.0695448 0.0024146721911183777 0.0005812184512615226 -0.00015399091174450596
1682879091.110063 0.002443424108138026 0.000542099177837374 -0.00023228356566717956
1682879091.144544 0.002427592227423142 0.0006765933334827445 -0.000237014649090872
1682879091.1859944 0.0024373882271906677 0.0006723129749298118 -0.00024404402328936925
1682879091.2256558 0.0024571180235400114 0.0006796815991401695 -0.0002434147859438074
1682879091.2615652 0.0024714327478769227 0.0006633983552455924 -0.00022372045809282426
1682879091.3064187 0.002466067028090685 0.0006620423495769523 -0.0002461896407943698
1682879091.3610942 0.002420497333928462 0.0007622489333152793 -0.0002280597300718945
1682879091.4308145 0.0024748629743969464 0.0006166012585163139 -0.00021877446543605572
1682879091.5094619 0.002526027882354731 0.0005847761034965537 -0.00022170457503389862
1682879091.5951974 0.0025697398597849253 0.0005495162308216117 -0.0002666637433406116
1682879091.6739373 0.002567163796631411 0.0005535805225372337 -0.00026929918152895915
1682879091.7308927 0.0026989819291976247 0.000516960918903353 -0.0002749966980042373
1682879091.7863696 0.008103544203213409 0.0001974800229072593 0.0008629540933502433
1682879091.8504796 0.021624016014211683 4.915386438369973e-05 0.002732171298574837
1682879091.9061928 0.03583808697844895 -2.879783511161582e-05 0.003958141357201628
1682879091.9702954 0.05022250952067031 -0.00011205434799194114 0.004868577890306147
1682879092.030842 0.07523634804013062 -0.0009008622169494607 0.003683132778736775
1682879092.0898414 0.10674893484285264 -0.0026201917231082894 0.003325872669428742
1682879092.151512 0.13496038190329113 -0.0029260194301605202 0.00385293679619636
1682879092.2148852 0.16315880710081176 -0.0031306682527065255 0.0035457498262141396
1682879092.2779753 0.21679260597269107 -0.0032116486132144906 0.003319717577960679
1682879092.3423355 0.2505987163816937 -0.00318859279155731 0.003371328545027863
1682879092.4301004 0.2729792406383033 -0.003199716508388517 0.0029421348057214747
1682879092.55815 0.3997139260332795 -0.0004991343617439248 -0.0017076846480053032
1682879092.6122956 0.459881706224477 0.00014614179730415566 -0.002803433193827587
1682879092.6928208 0.4963350394853995 0.0003144541382789634 -0.002875135845167298
1682879092.7474415 0.5426831440920478 -0.0005628181993961312 -0.003511829045379722
1682879092.8052647 0.5915054153878079 -0.0003181411325931527 -0.004411193399943336
1682879092.8854544 0.625552318003265 2.704054117202981e-05 -0.0059971860073564365
1682879092.9412458 0.6750094977126786 0.00023452803492546304 -0.0071859720667908356
1682879092.9988406 0.7218027318113603 0.0002818913757801078 -0.009343456352937096
1682879093.0639906 0.7699786954475222 0.00028874218463897927 -0.011260467105670191
1682879093.1339355 0.7947706949432318 -0.0002691833674907662 -0.011448792538569563
1682879093.1993365 0.8647852166636248 -0.0019198557734489419 -0.012518246164501257
1682879093.3051686 0.9135149560103826 -0.0025166137516498543 -0.014179092948799266
1682879093.3868816 0.9812277691771927 -0.002568816244602201 -0.014673716765670752
1682879093.4800124 1.0552354046722183 0.0017267824709415458 -0.018349704186776394
1682879093.5388205 1.0956836261304568 0.004513534307479861 -0.01917791512021716
1682879093.600831 1.1254088397862285 0.006862314939498904 -0.02007006419511459
1682879093.661101 1.1626631798769071 0.009562554359436037 -0.020502966227164077
1682879093.729013 1.1906161904065982 0.01206833362579346 -0.02013994251188267
1682879093.7908652 1.236268514529748 0.01651873677968979 -0.019858137763749895
1682879093.850314 1.2626619119689717 0.01900851219892502 -0.01956277556620134
1682879093.9146826 1.2967991254667433 0.022006700336933138 -0.019514647855622735
1682879093.982214 1.3322063411804819 0.028755324482917788 -0.019493321416118148
1682879094.0742867 1.3753680917563358 0.03408377110958101 -0.0196567460373962
1682879094.2022817 1.3919737778281396 0.03663172066211702 -0.020244702468976028
1682879094.296228 1.493558601286463 0.05069979518651964 -0.021793376995801195
1682879094.3605742 1.529053913586218 0.05499927937984468 -0.021860502931819292
1682879094.4251735 1.5593680277906432 0.06036899477243425 -0.024117885981881804
1682879094.4951754 1.5843246012527896 0.06270228564739229 -0.02422349617546482
1682879094.5546012 1.6187601552693367 0.06782861292362215 -0.02571508289209712
1682879094.621768 1.6517876935267128 0.0740012848377228 -0.02649938941991614
1682879094.6887019 1.6867697017768133 0.0809689635038376 -0.025892642053707338
1682879094.7471101 1.713332227631593 0.08515645802021028 -0.02838550437652443
1682879094.8112674 1.753642873249188 0.09647296607494356 -0.0270345497085116
1682879094.889999 1.7880817316660276 0.10358497738838197 -0.02925286406764349
1682879095.0033195 1.8407668036669886 0.11158928513526918 -0.029579844817829937
1682879095.1502588 1.8808717462393107 0.11873437702655794 -0.02860716600313684
1682879095.2435684 1.964119071495049 0.13877365231513983 -0.029593316047786367
1682879095.3125653 2.0070811097911827 0.15374735236167913 -0.032472948897882103
1682879095.3833084 2.0394839991773344 0.1636700206995011 -0.032884246830047204
1682879095.458282 2.071938092072192 0.17324082791805273 -0.03748150940810269
1682879095.5438743 2.111865349398917 0.1809598827362061 -0.03681253765430892
1682879095.6326218 2.14548514308669 0.19118729472160345 -0.037897352199388834
1682879095.7066438 2.195009679947299 0.20906546950340277 -0.03876730319126809
1682879095.7707977 2.2225821510893584 0.21490594983100897 -0.03845149091279154
1682879095.8337321 2.265364390428103 0.22425511717796331 -0.03890687971483198
1682879095.96148 2.3015505609435487 0.23189428687095648 -0.038769109408007374
1682879096.042737 2.369259155559691 0.24397695302963263 -0.03888605545495172
1682879096.1077545 2.4086540687375755 0.25190249323844915 -0.04006310406486602
1682879096.2259858 2.448940347624091 0.26185950875282293 -0.04140705039692372
1682879096.3071647 2.512466038405665 0.27216622471809393 -0.041311980746130406
1682879096.3823237 2.559060311580784 0.28020227193832403 -0.039777399488712506
1682879096.4430027 2.592616619223074 0.285438838005066 -0.04222201920101276
1682879096.5062149 2.621430839554883 0.29035243630409246 -0.0440803677134618
1682879096.5678718 2.6553597660302133 0.29516092181205755 -0.0442587018476579
1682879096.6381874 2.6927614884818714 0.3026117408275605 -0.044340476259741246
1682879096.7038474 2.7193568907672523 0.3072734200954438 -0.046352588545249596
1682879096.7686152 2.7652335109201016 0.3154565417766572 -0.04773606852118517
1682879096.8331742 2.798163800449942 0.3197225058078767 -0.050092776151221985
1682879096.897193 2.836159856673301 0.32411131501197826 -0.05034962819744848
1682879097.0787776 2.8712604017474055 0.32953769207000744 -0.05303709101096654
1682879097.1543689 2.960202359848302 0.3438273096084596 -0.055648365279500345
1682879097.2536602 3.0132441555093363 0.3528672778606416 -0.057128998219269755
1682879097.3128848 3.059657986095261 0.3623283827304841 -0.05730275296305476
1682879097.3748236 3.087011164257275 0.3664609217643739 -0.06024685166698385
1682879097.4361675 3.1227524744267066 0.3716800832748414 -0.061337221418297005
1682879097.5064926 3.157049851567541 0.3774440610408784 -0.06437520811431541
1682879097.5835688 3.203796437150888 0.38162145256996166 -0.06494457533845188
1682879097.6462343 3.2373489618614166 0.3864789330959321 -0.06574892172841884
1682879097.7130299 3.2645178596610385 0.3902827227115632 -0.06472426349689986
1682879097.7867615 3.307516887073288 0.39553100109100353 -0.06581477182018713
1682879097.8602047 3.335834164961175 0.40122223138809215 -0.06677761512310565
1682879097.9495919 3.3683738516668305 0.4061841392517091 -0.06768289556734808
1682879098.1101387 3.453690710527218 0.4206538820266725 -0.06950817570464207
1682879098.1712897 3.509149505925005 0.4300600612163545 -0.07039233375758158
1682879098.2543285 3.530060311083612 0.43259144067764294 -0.07032394453683466
1682879098.3304644 3.5866754297465078 0.4377457821369172 -0.07281051432864061
1682879098.4241369 3.6372813813795295 0.44519472360610973 -0.07581812881531014
1682879098.4861686 3.6732827677211617 0.45097679138183605 -0.07677242534196504
1682879098.5519254 3.7091343497888882 0.4544695043563844 -0.07895967160371553
1682879098.617591 3.7465917579140218 0.4593104147911073 -0.0797821432353607
1682879098.6844363 3.782579033976281 0.4663703465461732 -0.081556422310199
1682879098.7644117 3.8204430830047063 0.47175419569015514 -0.08241440469400918
1682879098.8291595 3.861982812542263 0.4761863970756532 -0.08416279521302639
1682879098.8930335 3.900218545211222 0.480363907814026 -0.08445790335066161
1682879098.959351 3.9326656645695808 0.48423296451568615 -0.08641852851603415
1682879099.0260015 3.96219759394398 0.48772138595581066 -0.0875638411179176
1682879099.1649659 4.006411762200673 0.49045974254608166 -0.09015367610288094
1682879099.2849858 4.098921029707061 0.49751532316207897 -0.09260123656307084
1682879099.388187 4.1400044949172585 0.5008490109443665 -0.0941954507374494
1682879099.456216 4.192057358573482 0.5040334486961365 -0.09588742159127661
1682879099.5295053 4.2454739717642545 0.5074718022346497 -0.09557980890330686
1682879099.5972095 4.282741314161336 0.5093904757499695 -0.09703579775948423
1682879099.6633997 4.319142310979433 0.5130245709419251 -0.09659711676961957
1682879099.738542 4.356377496956873 0.5200666213035584 -0.09695255880027043
1682879099.803478 4.389048633980377 0.522557499408722 -0.09660635254431726
1682879099.8689861 4.424584326307939 0.5258185887336732 -0.09869207710554417
1682879099.9331312 4.458565784498708 0.5306292796134949 -0.0993524971549693
1682879100.005446 4.486114940684565 0.53309720993042 -0.10068404342934723
1682879100.0837154 4.526993755816161 0.5369412922859192 -0.10163763697975958
1682879100.2065759 4.582454888136009 0.5394293093681336 -0.10303121934010062
1682879100.2993453 4.628114694600702 0.541248860359192 -0.10445168854537323
1682879100.3851516 4.687946892116112 0.5439339303970337 -0.10572440927027138
1682879100.472116 4.742570511936718 0.5482584261894227 -0.10943451629316447
1682879100.5425925 4.782561796524835 0.5499020838737488 -0.11211535826698116
1682879100.639982 4.822683542991875 0.554160180091858 -0.11210816462084572
1682879100.7056377 4.859956853708047 0.5563761019706727 -0.11521947596282156
1682879100.7702758 4.900431363459046 0.5591446781158448 -0.1153255656661305
1682879100.8329942 4.938875805788722 0.5625197315216065 -0.11811222158180379
1682879100.9097161 4.973027622093973 0.5634219074249268 -0.11749247162415566
1682879100.9743586 5.010076361022945 0.5650774264335633 -0.11860621809842886
1682879101.0392208 5.044192902506724 0.56815660238266 -0.11762502556985521
1682879101.1012604 5.082086357150175 0.570041241645813 -0.11885596392462316
1682879101.1674612 5.117399737744806 0.5714013600349427 -0.11803521523306681
1682879101.2405262 5.146368534511764 0.5720274472236634 -0.12118409040842404
1682879101.3272307 5.176882194677954 0.5732640051841736 -0.1220218644659099
1682879101.3940713 5.239319982666005 0.5757228159904481 -0.12281268633771636
1682879101.456496 5.260360411048403 0.5766581320762635 -0.1243662179719962
1682879101.5295615 5.298590148409086 0.5773295187950135 -0.1259344647056544
1682879101.597881 5.341538924027388 0.5790141844749451 -0.1266838547181779
1682879101.6638794 5.3767657256338435 0.5812971019744874 -0.12590754302849705
1682879101.732152 5.403842095800746 0.5822641277313233 -0.12517576571033784
1682879101.8069978 5.446524150505702 0.5846762681007386 -0.1254609497084036
1682879101.870403 5.481960027983633 0.5865753316879273 -0.1262485135467113
1682879101.9327857 5.5158701703463935 0.586906077861786 -0.1278022002970618
1682879101.991905 5.5546112064873485 0.5886650705337525 -0.12834893380488555
1682879102.0564847 5.563079466391586 0.5889877700805665 -0.1280725753061378
1682879102.1202703 5.609232125333275 0.5921728038787842 -0.12866581506970198
1682879102.1963382 5.655040767706749 0.5932167792320252 -0.1296163222527349
1682879102.2989185 5.687676276409509 0.5942940735816956 -0.12999879189915386
1682879102.4129076 5.747872788145483 0.5966910147666932 -0.13157745928603504
1682879102.4976757 5.811302225966989 0.5976998829841614 -0.13166266322891507
1682879102.5660117 5.830692296150111 0.5983328843116761 -0.13292304118572695
1682879102.6400769 5.883178118289752 0.6013104939460755 -0.13305839630626948
1682879102.7191677 5.927787473597734 0.6019763970375062 -0.13109951818106258
1682879102.8116283 5.9627144430379175 0.602208378314972 -0.13342386542370877
1682879102.929 6.008313757735507 0.6021511578559876 -0.1356295177060638
1682879102.9842424 6.075353407991281 0.60140615940094 -0.13682814483695327
1682879103.0748062 6.102840394643901 0.6011688137054444 -0.13911170191048505
1682879103.15815 6.1554139448735326 0.6002569222450257 -0.14006516609155684
1682879103.2296538 6.1970096559893575 0.6000844860076905 -0.14136757724762283
1682879103.2960722 6.250290256831361 0.6009006524085999 -0.14154766607134972
1682879103.3841224 6.298649432761213 0.6019966626167298 -0.14007647066323203
1682879103.4732387 6.348082168865797 0.6036559367179871 -0.14168316029419614
1682879103.5740368 6.428080388044912 0.6037361645698548 -0.14374165131336958
1682879103.6431308 6.474473015765581 0.6041067862510682 -0.14367297583341032
1682879103.7424123 6.543579029498291 0.6040127301216126 -0.14778211899190907
1682879103.8041356 6.5907001307416495 0.6050204658508301 -0.14674802258510855
1682879103.8632016 6.637313159646745 0.6062294268608094 -0.14630379712707642
1682879103.9304175 6.685580347931243 0.6064022207260132 -0.14451135635152434
1682879103.9898367 6.730170779516822 0.6057731533050538 -0.14472169092324094
1682879104.055835 6.7656732044573875 0.6057610535621644 -0.1453316612662805
1682879104.1292834 6.812877225312526 0.6056687855720521 -0.14644115148744952
1682879104.1967437 6.8715371778694445 0.6044502878189087 -0.14846469304218712
1682879104.262878 6.91848345689719 0.6043434762954712 -0.1508731684739495
1682879104.3297741 6.965474303980546 0.6005979204177857 -0.15022240485513905
1682879104.4046457 7.015436720434354 0.5960914516448975 -0.15191908223011907
1682879104.5009332 7.074888924316791 0.5922517800331116 -0.1537651191577598
1682879104.5732462 7.137080057072887 0.5906924629211426 -0.153758078875752
1682879104.6684623 7.1980600638991765 0.5903633260726929 -0.1566061849473266
1682879104.733621 7.258587938646935 0.5901224637031556 -0.15817578994576786
1682879104.7968748 7.308254621599511 0.5901707434654236 -0.15889527819806015
1682879104.8669395 7.356563545156403 0.5875788354873658 -0.15950152491304626
1682879104.9363108 7.392306342037315 0.5864338898658753 -0.16012548677707095
1682879105.0084827 7.448693973672483 0.5788543844223023 -0.16051330225518723
1682879105.0714724 7.493557759392863 0.5716015124320984 -0.16165432182716022
1682879105.1471353 7.550218132676596 0.5664820098876954 -0.1621305403275799
1682879105.2177124 7.595494014019323 0.5643674755096436 -0.1617750706154657
1682879105.2831585 7.642323044747995 0.5605826401710511 -0.16267057699293197
1682879105.3490326 7.6669322902904895 0.5597958588600159 -0.1623827362615664
1682879105.4148881 7.731207571064809 0.5545114898681641 -0.16091895098115194
1682879105.4994636 7.56192461603671 0.5426409268379212 -0.1504679050587847
1682879105.6226032 7.60819711973869 0.5418354296684266 -0.14873338688916626
1682879105.7022142 7.692342287114101 0.5287702107429505 -0.14801468932517858
1682879105.774805 7.73760244496092 0.52339262008667 -0.14933902185182513
1682879105.8466833 7.793865631060617 0.5140358829498292 -0.14878559736911257
1682879105.9110327 7.836812885801658 0.5074372911453248 -0.14903710000824288
1682879105.9771044 7.881618377442579 0.5002638721466065 -0.1491276983365648
1682879106.0456717 7.926731316375142 0.49288207530975353 -0.1507253285903596
1682879106.109621 7.9712689840866195 0.48659736156463634 -0.15102615138049114
1682879106.17376 8.003815215242888 0.4832907342910768 -0.1528397802588921
1682879106.2435167 8.048560506262262 0.47783804178237926 -0.15355918751680653
1682879106.3173878 8.082891328106328 0.47255462646484386 -0.15332042389370715
1682879106.450652 8.139945659333355 0.4623404169082643 -0.15261509284964503
1682879106.5338874 8.240507784805528 0.4371354305744172 -0.1513604874426686
1682879106.658962 8.32928826475383 0.4166836166381837 -0.15370251298005022
1682879106.725107 8.373787904857364 0.4077214324474336 -0.15351055761351406
1682879106.7887619 8.422641041067353 0.3995158100128175 -0.1535145019540043
1682879106.8608987 8.47742075974821 0.38940754771232616 -0.15311211988203421
1682879106.9223418 8.498404675888782 0.3844941580295564 -0.15423282111906422
1682879106.988746 8.555418492446961 0.3758854889869691 -0.15285144210663537
1682879107.061216 8.601519211892478 0.3697337830066682 -0.15238767631337646
1682879107.1404037 8.655848776555507 0.35588640213012707 -0.15232053987362826
1682879107.2113035 8.708844146817622 0.3451676392555238 -0.15077925112706114
1682879107.2807362 8.754351698071801 0.33404389262199413 -0.15025433669802313
1682879107.3423057 8.798662279139538 0.3257954740524293 -0.14956635910517035
1682879107.4054 8.832032222127104 0.31833267450332653 -0.14916930873023282
1682879107.4998918 8.878801791610366 0.310021402835846 -0.14936315800181088
1682879107.6478107 8.944891255984034 0.29115808248519903 -0.14871857674744748
1682879107.7163963 9.042921304329886 0.2631679499149323 -0.14943399312920347
1682879107.7954109 9.086501737087792 0.24470657348632818 -0.14987832371541798
1682879107.8619306 9.140911866340153 0.22330785036087042 -0.14743311598538233
1682879107.9418247 9.186167545945688 0.20821082830429083 -0.14521421843230886
1682879108.0056498 9.241481139593704 0.1918488764762879 -0.14506197228487028
1682879108.0738072 9.272937261108371 0.18076527357101446 -0.14601437435424192
1682879108.1373131 9.314693974111718 0.17130796849727636 -0.14415139912915054
1682879108.2025304 9.359303184652873 0.1558393263816834 -0.14393557946842095
1682879108.2663226 9.393960300846791 0.1464222246408463 -0.14233663065642554
1682879108.3314877 9.451595491079843 0.1346865320205689 -0.1420189128071614
1682879108.395431 9.49388428152423 0.12925641477108007 -0.1399121984854843
1682879108.4656153 9.539144525566618 0.11584919929504396 -0.14173437082099016
1682879108.595592 9.5944160928235 0.10423854231834413 -0.14320380264276733
1682879108.6748981 9.672060731979519 0.08642928540706636 -0.14455011179953647
1682879108.7585363 9.726226551894218 0.07225445151329042 -0.14689707783523143
1682879108.8511312 9.772098210049288 0.061394835412502305 -0.14927858313546838
1682879108.9250867 9.83594952493315 0.049861709177494065 -0.1514592591392674
1682879108.9974082 9.89356140080689 0.04388632863759996 -0.15294633361716592
1682879109.0567105 9.940093116222087 0.03729713201522829 -0.15741258561888927
1682879109.128504 9.974007445266427 0.03363699704408646 -0.1602234445209738
1682879109.2062197 10.028783873568457 0.02721233904361725 -0.16200691916136223
1682879109.280343 10.084865124614586 0.015300402939319613 -0.16456311396588386
1682879109.3453648 10.128755040121186 0.004719937741756441 -0.16829156235849196
1682879109.428365 10.178276373384508 -0.002532505840063093 -0.17042842496312316
1682879109.4963844 10.234326523575286 -0.010688522309064863 -0.17314545996783282
1682879109.5714447 10.282330210475543 -0.016438973546028142 -0.1759429455885484
1682879109.6703985 10.327030839303399 -0.019352184087038045 -0.1797483329020224
1682879109.7374926 10.396782625625987 -0.023847782462835317 -0.18378678675312354
1682879109.8460574 10.44463092840475 -0.03365447320044041 -0.18777250319592453
1682879109.9199233 10.538236152885277 -0.029427155330777173 -0.18703838661081496
1682879109.9855094 10.586633903175363 -0.02990047581493855 -0.18725394431895537
1682879110.0524695 10.631862028330218 -0.03277412563562394 -0.18751836538298328
1682879110.1289628 10.66626149425688 -0.032870353609323506 -0.18805981463914168
1682879110.1931045 10.73367861256591 -0.034324958398938184 -0.18986540869066237
1682879110.2696416 10.781069071934779 -0.03640093788504601 -0.19094151848110474
1682879110.3442004 10.827464379757329 -0.036553149521350865 -0.19140343626127887
1682879110.409801 10.884650136697106 -0.03598592564463616 -0.1925039269333748
1682879110.4767213 10.92229882916652 -0.03592833451926709 -0.1942246667900982
1682879110.611483 11.000943958827385 -0.030476880669593816 -0.19795194305639252
1682879110.7204428 11.071308768499087 -0.027000134289264684 -0.2005210926951395
1682879110.7838326 11.143031250182085 -0.025051606297492986 -0.2031063304604328
1682879110.8677883 11.190495225274903 -0.021675606667995458 -0.20486919039031815
1682879110.933187 11.251654728963407 -0.015533847212791448 -0.2064575568661653
1682879110.9986224 11.299497807558453 -0.012333629131317136 -0.20642718235266422
1682879111.079665 11.330299745591958 -0.00673451781272888 -0.20596557702928942
1682879111.1585262 11.386247946176699 -0.0005363574624061562 -0.2056530846881237
1682879111.2228432 11.42878529444929 0.004293339848518374 -0.20643350709284625
1682879111.2853684 11.468848565726754 0.006098086535930636 -0.20717546871538994
1682879111.3484092 11.517113117828504 0.008313322961330416 -0.2089844432096848
1682879111.4146922 11.555071503515599 0.013652766644954684 -0.2073150041677081
1682879111.502952 11.607227868848863 0.014292957782745364 -0.21450040099673262
1682879111.638378 11.67299202908638 0.022387626171112063 -0.2148350825444576
1682879111.7122715 11.766833907752773 0.025867471992969515 -0.21776154437044992
1682879111.77861 11.815573144882425 0.02659784495830536 -0.22191984964795886
1682879111.8392088 11.846238240816719 0.026251042783260348 -0.22160498024807218
1682879111.8990211 11.899013200978297 0.025752516984939577 -0.22344438946531975
1682879111.97517 11.944842285981995 0.027954752147197726 -0.22510871146043732
1682879112.0480516 11.998150241521913 0.032688947916030886 -0.2283064842080995
1682879112.1158063 12.05047206490747 0.03380368888378145 -0.23126111679569616
1682879112.181953 12.098769372992562 0.0340007194876671 -0.2330568146751122
1682879112.2643027 12.145652257715716 0.031245107352733614 -0.23509528825180181
1682879112.3367262 12.21120953621388 0.027776921689510348 -0.23480676782787535
1682879112.4490192 12.259953922419342 0.02759768307209015 -0.2375986982224929
1682879112.5606115 12.345587442165806 0.027539888918399813 -0.2373131524788621
1682879112.636339 12.434370253457077 0.02752531558275223 -0.2375264823171328
1682879112.7804852 12.48593731132517 0.027511986494064333 -0.23814478528081517
1682879112.8538153 12.596522771706274 0.02752138912677765 -0.2377887891250594
1682879112.9222212 12.645458815814191 0.027990261614322665 -0.2404417440639237
1682879112.9910212 12.700481416722889 0.028097050786018374 -0.23886322408214933
1682879113.0484457 12.737644601089212 0.02829152584075928 -0.23729325750103714
1682879113.1151779 12.783296205995434 0.027675735354423525 -0.23854029153435485
1682879113.181836 12.833868011218739 0.027688162922859194 -0.23690137871339267
1682879113.2443018 12.88351868903342 0.02825749903917313 -0.23524977664174318
1682879113.3118122 12.926366021490976 0.027821617722511294 -0.2354126428534873
1682879113.399192 12.972921175957024 0.02685369044542313 -0.23391684124694367
1682879113.49737 13.029988068199597 0.02423282951116562 -0.23378690553947212
1682879113.5995007 13.111229333582443 0.02444340527057648 -0.2324927781523236
1682879113.6737564 13.169345984059765 0.024365375339984896 -0.23446896811517837
1682879113.7510262 13.207247238678452 0.024316939115524294 -0.2336614108211923
1682879113.8156667 13.256130111567202 0.01952937483787537 -0.23383980145241767
1682879113.9039805 13.316465120321311 0.015034454464912417 -0.23391185888469557
1682879113.9728413 13.362490623037242 0.014810154736042025 -0.23244112965509345
1682879114.0519998 13.417707183626415 0.010874311029911043 -0.23239155346282359
1682879114.1248786 13.478294754338615 0.009638520479202273 -0.23100387033614367
1682879114.1917315 13.524890950758826 0.00896522641181946 -0.2307670966926838
1682879114.255666 13.55838897979761 0.005792895853519442 -0.2300292539569242
1682879114.32682 13.626687148148736 0.00035441532731056435 -0.22923392158237843
1682879114.4225929 13.67537786027108 -0.0019213049113750436 -0.22805288677011082
1682879114.527438 13.710180072375437 -0.004647870957851408 -0.22952517042198717
1682879114.6353106 13.856001020716315 -0.01372724905610085 -0.2305604549012037
1682879114.7100291 13.917510224496844 -0.01821497961878777 -0.23289736436110764
1682879114.7873788 13.991904582366173 -0.01997431501746178 -0.23554297372780475
1682879114.8484669 14.05587618288604 -0.02141128614544869 -0.2332580404211395
1682879114.9106853 14.121933544461896 -0.02221619471907616 -0.2315139838840301
1682879114.9789293 14.14249466979048 -0.022962828576564794 -0.23139869935205848
1682879115.0424743 14.248819820665574 -0.03200390882790089 -0.23272806356517006
1682879115.1168373 14.312353136669007 -0.039032259434461605 -0.2326184086789198
1682879115.199236 14.376735675600733 -0.04548375256359578 -0.23285912558625088
1682879115.356469 14.45573726544015 -0.05107260257005693 -0.23205090607538947
1682879115.422616 14.599236765339075 -0.05230985809117557 -0.231518211978752
1682879115.4894412 14.652041956466904 -0.053824345991015446 -0.22974473924646643
1682879115.571772 14.731657799578322 -0.05411168135702611 -0.2270529204523828
1682879115.6539795 14.813725439230458 -0.0542199755460024 -0.2257288982968697
1682879115.7230754 14.875477933171352 -0.0520211872085929 -0.22825260364857214
1682879115.7847795 14.949276805399721 -0.04951791971921922 -0.23172574437834847
1682879115.870038 15.006871580266262 -0.04773213848471643 -0.23111559167078233
1682879115.938848 15.075103686927372 -0.04588756471872331 -0.23029766435099397
1682879116.0193913 15.114493384879864 -0.04491566721349956 -0.23053568256594592
1682879116.0868058 15.186140789455523 -0.04193294182419778 -0.2331089816809151
1682879116.1683059 15.229520888311376 -0.03887149825692178 -0.235350730204537
1682879116.249688 15.27984214358607 -0.03569719329476357 -0.23509727597740082
1682879116.3589287 15.328006933272198 -0.031375575289130216 -0.23615295847899942
1682879116.4456556 15.38256188158601 -0.02544279903173447 -0.23656355505277515
1682879116.513556 15.43136828141559 -0.02011283621191979 -0.23716006572918036
1682879116.595747 15.454281256167878 -0.01758861675858498 -0.2370831518161316
1682879116.6590965 15.494211643440954 -0.014217292368412023 -0.23938664579463187
1682879116.7293472 15.522295867370099 -0.014017683863639836 -0.23930345655315044
1682879116.7926168 15.545850652061311 -0.013788060694932942 -0.23942013221562508
1682879116.8589685 15.568694566283607 -0.012562775462865827 -0.2407872114214733
1682879116.9169042 15.583353919760382 -0.011179988682270048 -0.24103977189775727
1682879116.9788158 15.602919020698394 -0.011002456247806547 -0.24029285302025172
1682879117.0440028 15.61930613131026 -0.009164263904094694 -0.24135485815263524
1682879117.1082683 15.634061688095438 -0.008902375996112821 -0.2411637830855422
1682879117.1710246 15.645757553026446 -0.00840133190155029 -0.2413484237473833
1682879117.2364867 15.655483166454728 -0.007479352355003355 -0.2412778210159343
1682879117.2942078 15.662827740724019 -0.007312686592340467 -0.24111981974266605
1682879117.359871 15.666130777156901 -0.006585386991500852 -0.24123729034028396
1682879117.421672 15.669549479637633 -0.006343794465065 -0.24139546293008896
1682879117.4894369 15.670622383420902 -0.0061991526186466195 -0.24150260851204086
1682879117.5496511 15.671359132389371 -0.005870958268642423 -0.24191422973546794
1682879117.623517 15.672173883833981 -0.005855323225259779 -0.2423962482209283
1682879117.7424564 15.670251044155956 -0.005521019399166105 -0.24268774083825018
1682879117.8183098 15.669485547939818 -0.0055501697957515694 -0.2434189830961102
1682879117.8875663 15.668784418563188 -0.005686306804418562 -0.24364283420692878
1682879117.947369 15.668011467122318 -0.005680800825357435 -0.2438243860900009
1682879118.0071108 15.666637855926062 -0.005632025599479673 -0.24402406016773104
1682879118.0707254 15.666457187518056 -0.005726118981838224 -0.24409642078471228
1682879118.1396525 15.6657395507618 -0.005642095059156416 -0.24425753957490004
1682879118.1968114 15.665614248475773 -0.005631001144647596 -0.24432957642491027
1682879118.259009 15.665914997001217 -0.005626743137836454 -0.2443670441757837
1682879118.3220003 15.665928351218826 -0.005575613528490064 -0.24440492868938346
1682879118.3793032 15.665247687503854 -0.005561371743679044 -0.24446530880417705
1682879118.440657 15.665174202766572 -0.00543027877807617 -0.2445233538829248
1682879118.4967396 15.665110976281102 -0.005465482771396635 -0.24453833433146976
1682879118.578865 15.66506137589592 -0.005430193096399305 -0.24461571385095993
1682879118.6497865 15.665027085137003 -0.005423942059278486 -0.2446555648459825
1682879118.70966 15.665189230581515 -0.005520810782909391 -0.24465192675305403
1682879118.7757616 15.665188826233319 -0.005411957800388334 -0.2446629279653303
1682879118.8518584 15.664873059427293 -0.005402938872575758 -0.24472605510377066
1682879118.9913568 15.664821443059983 -0.005401467382907865 -0.24478223002195798
1682879119.0453165 15.66494582781888 -0.005408888161182401 -0.24497807946305095
1682879119.105398 15.66459723194468 -0.005308696478605268 -0.2450148598660884
1682879119.166123 15.664556215618576 -0.005321660488843916 -0.24501571880855244
1682879119.2316341 15.664504144061102 -0.0055006197094917275 -0.24500555320339634
1682879119.2904024 15.664792019575486 -0.00551388546824455 -0.24505291542211705
1682879119.3515587 15.66467501834443 -0.005543989539146421 -0.2450427763304246
1682879119.4149475 15.664521335614914 -0.005454295724630354 -0.24498655042327955
1682879119.4809246 15.664511488463807 -0.005480838418006895 -0.24503783021480197
1682879119.5632384 15.664620827533817 -0.005486187934875486 -0.24510474960483863
1682879119.6223001 15.66437182982852 -0.005358268916606901 -0.24516644523871656
1682879119.6887705 15.66435016323538 -0.005344153791666029 -0.24515326613649524
1682879119.7751834 15.664795381665106 -0.005386771112680433 -0.24523458978594914
1682879119.8601122 15.664839785698955 -0.005400033146142957 -0.24524418421943417
1682879119.9738657 15.664528630766696 -0.005247378200292585 -0.24526590190432573
1682879120.0389378 15.664846920976917 -0.005545822381973264 -0.24532952652973172
1682879120.1050742 15.664855362243575 -0.005436742156744001 -0.24532647822828335
1682879120.1642075 15.664425820254218 -0.005398878306150434 -0.24536760770935073
1682879120.2273626 15.664364008590171 -0.005376954972743986 -0.2453345352582854
1682879120.29647 15.664819941652679 -0.0054931840300559975 -0.2453246699814673
1682879120.356601 15.664882253390882 -0.00566531106829643 -0.24550130563118677
1682879120.4148607 15.664745497284141 -0.005607848465442655 -0.24549710848316875
1682879120.47849 15.664644868185349 -0.005354770869016645 -0.24537526609588145
1682879120.5427213 15.664841938913781 -0.0057509219646453835 -0.24534445693083695
1682879120.6146312 15.664854183357816 -0.0056427879631519295 -0.2453220016003923
1682879120.6771252 15.664451625061618 -0.0055361291766166665 -0.24532991206345933
1682879120.739085 15.66447466556484 -0.005649255067110059 -0.24531330215719405
1682879120.8007936 15.66449598877953 -0.005504896342754362 -0.24530053797836193
1682879120.872454 15.664438294080533 -0.005498548448085783 -0.24534973620080192
1682879120.9560647 15.664460169402147 -0.005491805672645567 -0.24544341213683074
1682879121.0231326 15.664848718301926 -0.005486325770616529 -0.24546085024916953
1682879121.0731504 15.664262206961858 -0.005360030978918073 -0.24536099474940243
1682879121.1196716 15.664273296352057 -0.005331513881683347 -0.2453345390323025
1682879121.1770635 15.664625350834383 -0.005442486554384229 -0.24536687313862826
1682879121.2296443 15.664746777851855 -0.0055171562731266 -0.2453700470036131
1682879121.2829103 15.664682901946428 -0.005470068603754041 -0.24537204987847905
1682879121.3491077 15.66446339088182 -0.005459231734275816 -0.2453932994144219
1682879121.410745 15.664368654821896 -0.005345528423786161 -0.24533197526300987
1682879121.456118 15.664213062957643 -0.005360869169235227 -0.24539024997282333
1682879121.500237 15.664645008197908 -0.005389449596405027 -0.24537806401314244
1682879121.536391 15.66451071770175 -0.00533887133002281 -0.24532773079676207
1682879121.5770135 15.664357886368153 -0.005326495915651319 -0.24534576292350763
1682879121.6175566 15.664328837639088 -0.005338074117898939 -0.24539495995415272
1682879121.6521795 15.664220069543607 -0.0052733509242534615 -0.24553026489618412
1682879121.6889777 15.664190848033083 -0.005252921432256696 -0.2455760091778687
1682879121.7312179 15.664119012862079 -0.005403121411800382 -0.24564793664891704
1682879121.789814 15.664454390558582 -0.005428695529699323 -0.24548058308310639
1682879121.8587146 15.664505796411214 -0.005619594305753706 -0.24551560856023058
1682879121.8974447 15.664696501235799 -0.005671197026968 -0.24543391317803387
1682879121.9455965 15.664373634503429 -0.005554569363594053 -0.24554597450073
1682879121.9901989 15.664219726364282 -0.0054945549368858315 -0.24558065133812423
1682879122.0426924 15.664194232562712 -0.005444453507661817 -0.24551007330066987
1682879122.094449 15.66528520272938 -0.005669434964656828 -0.24552029093164496
1682879122.1513948 15.665161948200721 -0.005732403546571729 -0.24551876017837726
1682879122.1911058 15.665135870716115 -0.005660043507814405 -0.24551284395363626
1682879122.2355716 15.66474893742292 -0.0055164298415184 -0.24562309822131123
1682879122.284476 15.664675309494957 -0.005557802915573118 -0.24560195612965008
1682879122.3558407 15.664624613436622 -0.005515397936105726 -0.24560019614258155
1682879122.4080334 15.664576193922533 -0.005547204464673994 -0.24558668478383705
1682879122.443043 15.664538886240637 -0.005556983351707456 -0.245585329045648
1682879122.4816735 15.664612349529586 -0.005562072098255155 -0.2455840996655254
1682879122.5172677 15.665131744218693 -0.005640951395034788 -0.24548762709937377
1682879122.5681326 15.665215877654692 -0.005668868720531461 -0.24547064556365483
1682879122.6108587 15.66512329540499 -0.005641435682773588 -0.24545236171393925
1682879122.6646578 15.665018659565787 -0.005626381784677503 -0.24553667284754876
1682879122.722322 15.66456641290462 -0.005610497146844862 -0.24558204182905174
1682879122.774871 15.66447383303851 -0.005613943040370939 -0.24562104991919687
1682879122.8378513 15.664742883122285 -0.005635419338941572 -0.2456929274897932
1682879122.8776648 15.664697903744985 -0.005628233253955839 -0.24551918429050512
1682879122.938944 15.664698961286659 -0.0055920755863189675 -0.245540317495349
1682879122.9739702 15.664846458837097 -0.005694867521524427 -0.24545386148848536
1682879123.025 15.664816188126471 -0.005661179721355436 -0.24553588356549594
1682879123.067414 15.665121567789555 -0.005700921118259428 -0.24549416394732826
1682879123.1088169 15.664310261452018 -0.0055536864697933175 -0.2456152703814114
1682879123.145852 15.66425412397059 -0.0055171041190624215 -0.24567650556136278
1682879123.1938593 15.665346439448237 -0.00554212689399719 -0.24554187406289385
1682879123.235769 15.664698083677212 -0.00545115530490875 -0.24569451285904798
1682879123.272264 15.665095570341423 -0.0056849433481693246 -0.24562341716945824
1682879123.3114226 15.664960640355941 -0.0054555772244930245 -0.24565571200614267
1682879123.347695 15.66480812400082 -0.005434626191854475 -0.24566095701597712
1682879123.3889995 15.664845635247739 -0.005586036890745161 -0.2457617878409517
1682879123.4252865 15.664759635573674 -0.00560609385371208 -0.24577963859637908
1682879123.4641302 15.664838904517103 -0.005593800395727155 -0.2457417740413712
1682879123.5005684 15.664547211724921 -0.005518691092729566 -0.24573261851416106
1682879123.5407681 15.664555075067396 -0.005524055510759351 -0.24571802136274168
1682879123.5929258 15.664558810522518 -0.005521600544452665 -0.24571634245347895
1682879123.6505175 15.66435822398974 -0.005385094732046125 -0.2457341384459315
1682879123.687562 15.664195389603863 -0.00536967948079109 -0.24570492775988573
1682879123.7233272 15.664342654992161 -0.005371221750974653 -0.24569015812396522
