1682381675.5460677 0.002400184239395059 2.034619450569375e-05 -0.00030260104125390264
1682381675.5932596 0.002415596615262583 3.861874341964944e-05 -0.00015919642406880818
1682381675.6293392 0.002437520543238203 -4.7878772020337745e-05 -0.0001333921127546489
1682381675.6633525 0.002401219301334412 5.219370126724465e-05 -0.00021267232721089435
1682381675.7044125 0.002378356977902396 -8.155912160873191e-05 -7.63154549974221e-05
1682381675.7537646 0.002322079657719245 -0.00014036282896995322 -0.0001389302549692495
1682381675.7990847 0.002275388312753507 -0.00020642340183257835 -0.000275783750159464
1682381675.8703492 0.002336118224807948 -0.00011413305997848289 -0.00031392338911762074
1682381675.9076457 0.0024788842467610706 0.00046883761882782204 -0.0004692259928333886
1682381675.9439707 0.0025708572245962402 0.0005373755097389243 -0.00047369475059544364
1682381675.9853575 0.0028469401133239813 0.0005411566793918632 -0.0003499499527157557
1682381676.021382 0.0030227750422424926 0.000562003403902056 -0.00039402666872834224
1682381676.0623236 0.003108675702484631 0.0005616718530654929 -0.00042875826822807994
1682381676.0986116 0.003191833022719276 0.0005192743241786979 -0.00041612248344535807
1682381676.1702907 0.003239808493402413 0.0004926384985446952 -0.00041658631188923323
1682381676.2161555 0.003317990111209701 0.0005140142142772697 -0.00032136475091659733
1682381676.2526722 0.003357448642714367 0.0005251640081405662 -0.00033037115659184657
1682381676.2877238 0.0032835669786415167 0.00047762930393219216 -0.00022008099528303404
1682381676.3276339 0.0032872234420948387 0.0006171302497386955 -0.00039451944152468776
1682381676.362077 0.003270872576917022 0.0005399124324321769 -0.0002661918167741195
1682381676.402351 0.0032790655450296025 0.000508750379085543 -0.00030469268348554124
1682381676.44679 0.0032728272665228098 0.0005459921061992667 -0.0003165826278839212
1682381676.5184143 0.003277352538515327 0.00048172712326050027 -0.00026837407601298935
1682381676.5675926 0.0032740808251842113 0.0004584366083145164 -0.0002557664432873974
1682381676.6056821 0.0033558701620339804 0.00047856807708740456 -0.0002365150411638428
1682381676.6469512 0.0032863819450250076 0.0004888647794723533 -0.00030778795357044864
1682381676.6839488 0.003279752934578911 0.0005517104268074058 -0.0003002420224462732
1682381676.7233102 0.003974539681626116 0.0007937760651111625 -0.0019442503979181236
1682381676.77624 0.004049450287273576 0.0004193881154060386 0.0008653768531325934
1682381676.8432393 0.026377388148395325 0.0002701753377914451 0.007634089208514716
1682381676.8866713 0.053266421107031614 0.0015583285689353965 0.01524920400106633
1682381676.9245117 0.07139648597965811 0.0016396889090538047 0.016360805097850317
1682381676.9600308 0.0893197239852785 0.0019074366986751579 0.018323824281098133
1682381676.9953413 0.11007893548387605 0.0023403154313564323 0.01790910340525942
1682381677.034051 0.13757542312984716 0.0022376501560211204 0.017222799209273276
1682381677.074052 0.16286251230440668 0.003421010971069338 0.014902083524634957
1682381677.1337385 0.2220278908443754 0.006595941781997683 0.008144057819599926
1682381677.1860802 0.27544370020773534 0.00692401319742203 0.007060626830142525
1682381677.22396 0.33602830506735404 0.007129753530025484 0.007691249888337248
1682381677.2620137 0.37946816410105827 0.007222729325294497 0.009653551460985454
1682381677.2997544 0.42488580379223795 0.0072649145126342796 0.01060789423056363
1682381677.3375645 0.4937405814853426 0.004836390316486361 0.012947410119378056
1682381677.373047 0.5472194173653914 0.001398889869451525 0.009781463414889169
1682381677.4435394 0.5983051742542316 -0.00344355911016464 0.0059834764539283825
1682381677.488771 0.7020336651759995 -0.009457183480262754 0.0037194562266815723
1682381677.5507598 0.8127873727158238 -0.009662439525127409 -0.002714189134610301
1682381677.5881286 0.9024536514288305 -0.01106423273682594 -0.004415393901964881
1682381677.62321 0.9654250784836382 -0.011413609087467191 -0.0034349683624099736
1682381677.656972 1.030308141354374 -0.011551973819732664 -0.005161537218876022
1682381677.6948812 1.0976786944629755 -0.01089888200163841 -0.005736070861909415
1682381677.7344735 1.1676682554090787 -0.010893502682447431 -0.00480883236358709
1682381677.77194 1.2703924781674356 -0.011053485274314878 -0.004537684358260963
1682381677.8220046 1.340667170299223 -0.012895745635032652 -0.006019154076080557
1682381677.8975697 1.477213429118217 -0.018329677581787114 -0.009412181776649708
1682381677.935962 1.6127407212632072 -0.022724257260560994 -0.013978647235676434
1682381677.9748578 1.6827627732859491 -0.023201515376567845 -0.01661537800062507
1682381678.0103326 1.753770880799355 -0.023358823210000997 -0.018868799902865607
1682381678.0449593 1.8264161873813163 -0.022435480207204823 -0.01605051329106333
1682381678.0790458 1.900303680858568 -0.020619460791349416 -0.014337033154501633
1682381678.1230946 1.9750645778353462 -0.02027198433876038 -0.014175072186394466
1682381678.1691952 2.0844357798802293 -0.02008839458227158 -0.016933625702796995
1682381678.2335217 2.2251987958786605 -0.017431349903345113 -0.02064511378351863
1682381678.277683 2.331428926915054 -0.014477272927761083 -0.024750616954116733
1682381678.3204184 2.4448395419070144 -0.01616913959383965 -0.03074753885561088
1682381678.3694544 2.555774475608395 -0.017815695554018025 -0.03527622562647692
1682381678.407857 2.6322036492080034 -0.020388503968715672 -0.0348304977560443
1682381678.4446065 2.709971742281951 -0.020867311805486684 -0.035533553306066334
1682381678.479201 2.7852264285609944 -0.021102079600095754 -0.039176020921991794
1682381678.5218236 2.8618977271587265 -0.021196415126323705 -0.041818035177842106
1682381678.5878186 2.9672555764814668 -0.019956169128417973 -0.04400565194077943
1682381678.636527 3.115539069966964 -0.016141032278537755 -0.047849508222026715
1682381678.6740124 3.2267830345415462 -0.01599155500531197 -0.04673271152346925
1682381678.712795 3.3039705256160627 -0.01695193856954575 -0.04979147578278509
1682381678.7538598 3.3765023177089026 -0.018646640181541448 -0.05164327875311425
1682381678.7913735 3.4837093873199234 -0.02236961334943772 -0.053294224556873715
1682381678.8329115 3.5231006051748905 -0.02473682671785355 -0.05665380810645737
1682381678.8702962 3.628627040524354 -0.02679732576012612 -0.05961048952251802
1682381678.9232187 3.740706611102776 -0.023119536638259892 -0.06458260543377725
1682381678.9756901 3.851399755051976 -0.016436228007078175 -0.0674995199756685
1682381679.0167572 4.001171461456604 -0.012682074159383772 -0.06670762012329723
1682381679.0694227 4.118533461668551 -0.011187949627637861 -0.06792272707601521
1682381679.1059103 4.19842009740989 -0.011005313545465467 -0.07041326968626271
1682381679.1447797 4.273943218287121 -0.011933942735195158 -0.07035150218314357
1682381679.1935272 4.354223373096269 -0.01284142345190048 -0.07584964096021185
1682381679.231854 4.465083030070128 -0.016250704824924474 -0.07635529845879652
1682381679.2870615 4.581846124935161 -0.02302348375320435 -0.0749712669359981
1682381679.333383 4.698864121278459 -0.024969787746667867 -0.0749887580593156
1682381679.3776512 4.820374889681639 -0.023705543428659444 -0.07782315409990859
1682381679.4140291 4.896313105059926 -0.021392063647508626 -0.08037963003294335
1682381679.457146 5.011203276231817 -0.017691542804241185 -0.08286057260427993
1682381679.4922955 5.0917112546375245 -0.016844069063663487 -0.08223532221526719
1682381679.5274088 5.173226043953666 -0.01664535835385323 -0.08130282988980886
1682381679.57163 5.219143477466968 -0.017447499036788945 -0.08310118658416088
1682381679.6224518 5.370696021246716 -0.01829802751541138 -0.08261954398278637
1682381679.694644 5.450487068744634 -0.021072459816932683 -0.08595718261984597
1682381679.7294638 5.6368953706023435 -0.021267821490764623 -0.08905778881912951
1682381679.764682 5.715197520375786 -0.020837274789810185 -0.09201816268391028
1682381679.8000686 5.828615375258479 -0.019514878690242772 -0.09102807503526944
1682381679.8386106 5.904613500103814 -0.01927922427654267 -0.09182411908211363
1682381679.8757496 5.973912604017214 -0.020229948163032536 -0.09287482662267021
1682381679.915307 6.045816686316273 -0.023034108281135564 -0.09289712356751156
1682381679.9740708 6.117309031251492 -0.023008675724267964 -0.09229548888811956
1682381680.014058 6.251773475863737 -0.0228889411687851 -0.09300113854653147
1682381680.0620599 6.320746165857482 -0.02307548880577088 -0.09353966115170098
1682381680.0979276 6.414938500860405 -0.023435124605894093 -0.09407180059879905
1682381680.1333013 6.483252859832441 -0.02705430001020432 -0.09438234962697267
1682381680.1731122 6.578085477138557 -0.02864378452301026 -0.09373231016654637
1682381680.2084973 6.645948644211238 -0.030115175470709805 -0.0941856315739058
1682381680.245998 6.70483092633828 -0.030760496333241467 -0.09382090435665913
1682381680.297694 6.798820019515244 -0.031027672290802007 -0.09150326639475992
1682381680.3414729 6.892063854741776 -0.031748251467943196 -0.08979655915601747
1682381680.3771765 6.955805321934815 -0.034329970777034764 -0.09077434711190402
1682381680.413482 7.013561744753439 -0.03585135698318482 -0.09000750398626667
1682381680.4509664 7.097101496726527 -0.03569595277309418 -0.09118682357124341
1682381680.487043 7.156057242728979 -0.03496077232062817 -0.08947563746007958
1682381680.523833 7.215563704718216 -0.035405761972069745 -0.0870822114459795
1682381680.5595732 7.272173856974186 -0.037278225123882305 -0.08480889515995615
1682381680.6047187 7.328414288745937 -0.04012528195977212 -0.08335234967593141
1682381680.6605089 7.385144514174654 -0.040302132666111004 -0.08209509118657543
1682381680.7175364 7.52039025417941 -0.04370540328323842 -0.08242338162296248
1682381680.754312 7.603067534074734 -0.04664351925253869 -0.08452362287353998
1682381680.791124 7.65377556714865 -0.05052121583372356 -0.08550204832448971
1682381680.8269377 7.705155547991456 -0.053072995450347674 -0.08404201417875434
1682381680.860785 7.756931329795981 -0.05452676810324193 -0.08377473603671937
1682381680.9100912 7.831511310303075 -0.054775000493973505 -0.08208687868670972
1682381680.94811 7.855797655928166 -0.054700609240680945 -0.0791817907921788
1682381681.003354 7.979578022026611 -0.05388575786724688 -0.0790084084325664
1682381681.0549695 8.025858770792045 -0.05371035583317281 -0.07913690188940703
1682381681.097177 8.091452319494795 -0.05427566397935153 -0.07966858813267863
1682381681.13451 8.13608146960409 -0.05477383913472296 -0.0787349634511374
1682381681.169879 8.204099839296841 -0.055376792270690214 -0.08064874662815646
1682381681.2094173 8.246881461378202 -0.05586886353790761 -0.07957482641514968
1682381681.2480333 8.290973293413492 -0.05662056216038765 -0.07983923522355396
1682381681.2813637 8.333589469951932 -0.057895408887416136 -0.08265286338420075
1682381681.3295069 8.16710967867255 -0.06428312877193094 -0.11345887455805981
1682381681.3930616 8.247195285109173 -0.06546799646690489 -0.11114805381386872
1682381681.4332764 8.287230728639512 -0.06611698208376766 -0.1109522956483533
1682381681.4715457 8.339454126367807 -0.0676010092161596 -0.11115771691852916
1682381681.5057702 8.377704202680503 -0.07000041887164117 -0.11209246539507056
1682381681.5408874 8.411513292518618 -0.07207965891808273 -0.11178897834743551
1682381681.5777342 8.44822619756627 -0.07389933656901122 -0.11276520003855284
1682381681.6141822 8.48274155753313 -0.07505189761519433 -0.11339007020521374
1682381681.6507068 8.484472974453801 -0.07535185612738134 -0.11373836936022874
1682381681.689227 8.48471760436542 -0.07553632877767087 -0.11393285650826068
1682381681.7235584 8.514221445245848 -0.07498579978942872 -0.11617218201754542
1682381681.7837613 8.542797003773586 -0.07468032877892257 -0.11762615127797882
1682381681.8571064 8.622705957710497 -0.07499691978096963 -0.11983759120230775
1682381681.8932633 8.667438514165159 -0.07651499047875406 -0.12382304437364788
1682381681.9323893 8.69582831676032 -0.07794974505901338 -0.12461802118011445
1682381681.9697273 8.740067715269035 -0.08096505835652353 -0.1260948889359399
1682381682.0051389 8.766477263516267 -0.0817609889805317 -0.12780859557406288
1682381682.041765 8.79413161717566 -0.08308732643723489 -0.12838966306373356
1682381682.080216 8.819083867623336 -0.08384814433753493 -0.12803918220898947
1682381682.152423 8.857102154664835 -0.0853944452852011 -0.12892155368393854
1682381682.190712 8.906269694101642 -0.08546283975243571 -0.1294266465458913
1682381682.226533 8.921513022210384 -0.08544896863400939 -0.12997642931258357
1682381682.2611494 8.952520573335466 -0.0854634562879801 -0.13083776871840613
1682381682.2944505 8.972349094483082 -0.08539301477372649 -0.13306509065235894
1682381682.3364837 8.99075665714196 -0.08563608251512053 -0.13313390380843115
1682381682.37791 9.021323663680443 -0.08729498222470286 -0.13478965739026005
1682381682.4439979 9.03929116136227 -0.08744998224079611 -0.13451758276246673
1682381682.4806147 9.075621393483502 -0.08868104539811614 -0.13755917576028365
1682381682.520275 9.10082158648435 -0.08883725054562094 -0.13804182274273713
1682381682.5563688 9.119582648635136 -0.08949462831020358 -0.13824817185305593
1682381682.589634 9.135290069663954 -0.09171931579709056 -0.13967624503943776
1682381682.6259522 9.148854871428819 -0.09190387412905696 -0.13925549216839017
1682381682.700762 9.156946820337836 -0.09294117376208308 -0.14099990462705958
1682381682.7439146 9.200975898766545 -0.0941901704668999 -0.1432732129160894
1682381682.7790427 9.20815697175829 -0.09444499894976618 -0.14379776880552808
1682381682.813659 9.22673145181237 -0.09464243933558467 -0.14466431646623712
1682381682.8486977 9.23890954257632 -0.09641400858759883 -0.1454408347177838
1682381682.8838809 9.256847825508078 -0.09845223039388659 -0.14637860706001593
1682381682.920526 9.267400860818679 -0.09873137012124064 -0.1464898587169885
1682381682.96482 9.279827029980552 -0.09992641344666484 -0.14850292959093836
1682381683.0050628 9.293984145565819 -0.10045268148183825 -0.14864145094899728
1682381683.0436704 9.302212699244482 -0.1012763133645058 -0.1497573489507269
1682381683.0800817 9.310825298176544 -0.10139965027570727 -0.14959855674675526
1682381683.1138465 9.318563303315857 -0.10153215885162356 -0.14961279591874144
1682381683.1465282 9.329042443780141 -0.10158688709139826 -0.14958308295073608
1682381683.1815367 9.335851675437523 -0.10170422628521922 -0.14981346758042524
1682381683.2247806 9.343239297509372 -0.10175396263599398 -0.15019132036443406
1682381683.2708936 9.351934474645196 -0.1018907813727856 -0.14990814216110637
1682381683.3185222 9.359950362378358 -0.10199109226465228 -0.1503806576674449
1682381683.3552418 9.366544356231643 -0.10215218499302867 -0.15039330139951002
