1682382680.159423 -0.0007786578193526017 0.00013695523142814858 -0.0009202509185606278
1682382680.221162 -0.0007847478877373582 0.00010247766971588357 -0.0008100297452298122
1682382680.258294 -0.000757815768509279 9.278818964958413e-05 -0.0007534190505948946
1682382680.2966201 -0.0008391373452332485 0.00012873351573944314 -0.0011769141375073122
1682382680.332187 -0.0007894737254011963 0.00015377491712570412 -0.0010097142151002103
1682382680.3692143 -0.0007792498434615325 0.0001664334535598777 -0.0009990571257756375
1682382680.4034932 -0.0006845427804028359 0.00016821786761284097 -0.0008642171049151326
1682382680.441577 -0.0006584432888076808 3.4371912479402855e-05 -0.0008267454294359489
1682382680.4847143 -0.0007097602618474641 5.6201219558738025e-06 -0.0008174969312380043
1682382680.5300128 -0.0006682832538885131 1.6713142395041736e-06 -0.0007645746484150617
1682382680.5765553 -0.0006464376735154653 -4.3617039918897316e-05 -0.0007157380756361853
1682382680.6120434 -0.0006449691309474703 -6.267935037612693e-05 -0.0006711438829674066
1682382680.6508827 -0.0006067763600975384 -8.501619100570457e-05 -0.0006623098609870315
1682382680.6859403 -0.0010495724294767306 0.00018446758389473183 -0.0006757549654332617
1682382680.7252133 -0.0008980070864516299 0.000109771788120272 -0.000598584396574342
1682382680.7611845 -0.0008580850986906752 0.000103707015514376 -0.0005864411632989786
1682382680.798097 -0.0007955700829870294 4.860624670982583e-05 -0.0005694672241554066
1682382680.8515277 -0.0007497567636042535 2.2622346878053978e-05 -0.0005410351454044893
1682382680.8955743 -0.000719044721401052 5.988925695421532e-06 -0.0005141942695583435
1682382680.9525886 -0.000759493686595919 2.904385328295067e-06 -0.0004873336583957055
1682382680.9916399 -0.0006398347618877254 -7.804989814758079e-05 -0.0004894620964257523
1682382681.026868 -0.0006557960913902705 -3.67327034473397e-05 -0.0006022190608576672
1682382681.0621796 -0.0005763218463955 -0.00012767449021339194 -0.0004909387814358013
1682382681.095936 -0.0005835449849650731 -0.00010037556290626304 -0.0005473987142039505
1682382681.1311617 -0.0006102517998394508 -9.402021765708701e-05 -0.000546347999714758
1682382681.1652157 -0.0006186851286477946 -8.561596274375693e-05 -0.0005613317495936077
1682382681.2000382 -0.0006267375935784802 -8.26953351497628e-05 -0.0005731931205232854
1682382681.2401307 -0.0007067912460436143 -9.621813893317954e-05 -0.0006730439826567736
1682382681.2790143 -0.0007009924677227608 -5.925580859184043e-05 -0.0006857638736461613
1682382681.3408 -0.0006786320245107946 2.0804405212404564e-05 -0.0006709186963655966
1682382681.3810756 -0.000615785031859134 -9.66130197048165e-05 -0.000584700239734337
1682382681.4181633 -0.0006131682311701359 -7.254391908645408e-05 -0.0005596233731404165
1682382681.4551866 -0.0006568679504933006 -2.6182681322095558e-05 -0.0006304412942619297
1682382681.4921575 -0.0007021895998622074 -4.8791468143460914e-05 -0.0006719781992248208
1682382681.526524 -0.0005695260060185336 -0.0001161558926105477 -0.0005377452963071239
1682382681.5637357 -0.0006447437814047496 -0.00011870771646499412 -0.0008649707395140815
1682382681.6045887 -0.0006560007831547254 -0.00018104299902915733 -0.0009049223497714642
1682382681.6513298 -0.000665301371169047 -0.00020367786288261192 -0.0008220755644188227
1682382681.7101889 -0.0006432702437265125 -0.00022206589579581992 -0.0006900368623385944
1682382681.7582707 -0.000650565933802888 -0.00017044827342033164 -0.0006481490575183102
1682382681.7963257 -0.0005788238931276335 -0.00015791639685630576 -0.0006271326285856027
1682382681.833151 -0.0005614570382047046 -0.00012572988867759483 -0.0006006014933397363
1682382681.870824 -0.0007159526145384121 8.598580956459267e-05 -0.0007885639852929227
1682382681.9081173 -0.0005815985172541449 8.282303810119851e-05 -0.0007936571639353129
1682382681.9450078 -0.0006431135917239206 -1.984223723411338e-05 -0.000770834698283096
1682382681.9945157 -0.000629098603800532 -4.76291775703408e-05 -0.0007010248180072676
1682382682.032723 -0.0006235510603106453 9.677425026893838e-05 -0.0006489456393148352
1682382682.1056986 -0.0007035141890021634 8.426100015640481e-05 -0.0007067777947817877
1682382682.1413827 -0.0006611458599950493 7.18297064304374e-05 -0.0007934603028838527
1682382682.1809487 -0.0006562943078340377 6.717681884765847e-05 -0.0007537098738101822
1682382682.2170582 -0.000669700880992774 0.0001260364055633567 -0.000745190160480913
1682382682.2555103 -0.0006429151290739121 0.0001101033389568351 -0.0007476692263039819
1682382682.2942166 -0.0006820025277061714 5.034223198890908e-05 -0.0007878199326007973
1682382682.3318 -0.000691403718106165 0.0001498931646347068 -0.0007909162702730566
1682382682.386604 -0.0006926021845592989 0.00012300029397011025 -0.0007808307747758647
1682382682.4458983 -0.0007808353726153627 0.00015702709555626138 -0.0011650447229554217
1682382682.4985769 -0.0007874525490348949 0.00015489622950554116 -0.0009769088548896576
1682382682.544313 -0.0007384076157496977 0.00015338003635406716 -0.0008200047198765326
1682382682.5795865 -0.0006171682056628214 -1.0316669940946266e-05 -0.0009284024524964796
1682382682.623208 -0.0006093378366746893 -5.026668310165183e-05 -0.0009440046406314906
1682382682.6611474 -0.0005013924694804162 -7.596373558044212e-05 -0.0008869206583634881
1682382682.7043185 -0.0004621222226974808 4.769727587700112e-05 -0.000877555283820719
1682382682.741695 -0.0005623995513121816 0.0002053254842758201 -0.0009118161545085268
1682382682.7888942 -0.0006329417480180899 2.0226985216142968e-05 -0.0009044845869989881
1682382682.8308535 -0.0006551907837340221 -4.1083842515943214e-05 -0.000842696060158632
1682382682.879898 -0.0006434987187511343 -0.00011070206761359946 -0.0008503467027538569
1682382682.9418535 -0.0006325761401082264 -0.0001464387774467446 -0.0007493002978511409
1682382682.9769099 -0.0006222226723244517 -0.0002464330196380593 -0.0007054550729110876
1682382683.0147517 -0.00034220479767888 -4.8385411500928566e-05 -0.0006540833031909443
1682382683.0506048 -0.0003919627098394052 -9.347259998321311e-05 -0.0006654057999044838
1682382683.085613 -0.00047411779264872056 -9.456411004066245e-05 -0.0006218929564401066
1682382683.1251426 -0.0004393004227746522 -0.00013408944010734336 -0.0005764654406765768
1682382683.1622758 -0.00038140606933295684 -0.0002361437678337075 -0.0005327477161878313
1682382683.1985657 -0.00036739079637199135 -0.0002679540216922738 -0.00039824553820300146
1682382683.25014 -0.00045401789532284464 -0.00016432389616966026 -0.0004309878188828442
1682382683.315407 -0.0005478757856561545 -0.00016434624791145103 -0.00044356228619135685
1682382683.3612547 -0.0005544895659567728 -0.000109182149171827 -0.00044437068488267784
1682382683.3970966 -0.0006017292631977367 -0.000133683383464811 -0.0004577156180374242
1682382683.4314184 -0.0006287514721874943 0.0001178891956806205 -0.0004952334678713921
1682382683.4701078 -0.0006370791960510769 0.00011243909597397073 -0.0004729720946576865
1682382683.5067606 -0.0006317686429602731 0.00011373922228813393 -0.0005196142189292097
1682382683.5469115 -0.0006730036137652939 0.00010598316788673623 -0.0006308906750482901
1682382683.5826542 -0.0006471972108510471 0.0004901760816574119 -0.0006673165508264134
1682382683.6206098 -0.0006685804458199662 0.00043294072151184304 -0.0007040747829405447
1682382683.6709921 -0.0006866495241659443 0.00037336215376854165 -0.0005931401167107442
1682382683.7228568 -0.0006594246444970586 0.0002746158838272117 -0.0005620574815430324
1682382683.7628763 -0.0006790110391200199 0.00021068617701530679 -0.0006469466131393542
1682382683.798487 -0.0006071914950302459 0.00014046818017959817 -0.0006286715503036611
1682382683.8370378 -0.0005889454098183533 0.00018235534429550393 -0.0005942187587404391
1682382683.8707135 -0.0005602116095707599 0.0001970590651035331 -0.000559002427086952
1682382683.907154 -0.0005517058166539246 0.00015103310346603616 -0.0005687222514842993
1682382683.9422088 -0.0006188779615566575 8.50544869899772e-05 -0.0006840418926059577
1682382683.9824271 -0.0005189180327488385 0.00012949720025062783 -0.0005328256177363766
1682382684.0405579 -0.0006132617960070419 3.699451684952004e-05 -0.0006000905720520144
1682382684.0867352 -0.0006537541673647673 0.0002613911032676719 -0.0006030717471432467
1682382684.1431963 -0.0006757145880997573 0.00024882569909095986 -0.000610257965397043
1682382684.1907508 -0.0006600261771428917 8.766964077949746e-05 -0.0005554035096979604
1682382684.2281704 -0.0006653746114339831 7.999554276466592e-05 -0.0007429445727999973
1682382684.2675776 -0.000610523495305576 4.8289597034456566e-05 -0.0006694201645138786
1682382684.3035297 -0.0005047670520905156 1.3171285390856102e-05 -0.0007269104795641912
1682382684.3383508 -0.0005336773894383529 2.6679188013079003e-05 -0.000632631720088872
1682382684.373685 -0.000584903782590851 -2.6219934225080177e-05 -0.0006184849924004698
1682382684.4104426 -0.0006261469340746451 -3.271311521529929e-05 -0.0006046741954395252
1682382684.4506273 -0.0006033863010378449 -0.00015543162822723167 -0.000550420701317833
1682382684.4933782 -0.0005506715547068386 -0.00022713229060172813 -0.0005668801184013361
1682382684.5497828 -0.0005766516448417469 -0.0001566423475742318 -0.000576774015366377
1682382684.5910847 -0.0006799835492083128 -0.00016106054186820762 -0.0006306431706595284
1682382684.627904 -0.000613510864254152 -0.00020038098096847312 -0.0006231392179649742
1682382684.6628091 -0.0006262263051310113 8.78661870956643e-06 -0.0006643573955733562
1682382684.6981914 -0.0006817484514376471 9.709835052490456e-05 -0.0007062853923727186
1682382684.7324655 -0.0006897611471662346 -5.117058753945081e-07 -0.0006724304843281903
1682382684.7687864 -0.0006867480041635454 8.697673678398354e-05 -0.000658553479002677
1682382684.810612 -0.0006900834427671365 0.00014937162399292214 -0.0006882019288141361
1682382684.8640904 -0.0006642462135816318 4.120782017708047e-05 -0.0007143614347304705
1682382684.9064126 -0.0007898637079995496 0.0006608912348747276 -0.0007578873871938452
1682382684.962832 -0.0008436205731853774 0.0005706050992012046 -0.0007690519229790471
1682382684.9976888 -0.0008711211025965448 0.000558680444955828 -0.0007923900524555716
1682382685.034855 -0.0007375401598976594 0.00020922213792801125 -0.0006363880047435266
1682382685.0753922 -0.0006980402701310395 0.0001599104702472709 -0.0006378727580187427
1682382685.1114025 -0.0007413366408763333 0.0002643154561519645 -0.0006378909301596458
1682382685.1494455 -0.0007428484783730538 0.0001741410791873954 -0.0006434570740916357
1682382685.186718 -0.0006846651936281978 6.487458944320901e-05 -0.0006405454831239776
1682382685.2278705 -0.0007212266942365486 5.3598135709764794e-05 -0.0006527592687943784
1682382685.2674747 -0.0007409938955649509 1.8979012966158226e-05 -0.0006486160396872442
1682382685.3251843 -0.000745041970899335 -4.885196685788795e-06 -0.0006482218200098977
1682382685.3954117 -0.000674115354297844 -0.00010060280561446922 -0.0006305882330741586
1682382685.4337802 -0.0006254898990444291 -0.00014174118638038413 -0.0006218289340260696
1682382685.4695592 -0.0006225298435517113 -0.00016505777835845725 -0.0006912667879557244
1682382685.5075908 -0.0007089444221352326 -0.00015030562877654807 -0.0007883326418289816
1682382685.544618 -0.00061434517281439 -0.00021290540695190208 -0.0007807341308250226
1682382685.5825617 -0.0005855865420170137 -0.00020071998238563316 -0.0006626817877686264
1682382685.6489031 -0.0007058769933721565 -0.0003279870748519875 -0.000755713642274225
1682382685.6869264 -0.0007048197630547814 -0.0002875527739524819 -0.0006262761697723995
1682382685.7417872 -0.000766791118182425 3.0791908502580956e-05 -0.0007970759536937155
1682382685.7769694 -0.0007644046427796591 3.901734948158486e-05 -0.0008162926003472126
1682382685.8138688 -0.0007757324018885237 -2.9294192790962903e-06 -0.0008367923230074847
1682382685.8480177 -0.0007955156527213736 0.00031510606408119424 -0.0008046006597579591
1682382685.883177 -0.0007755355099249017 0.00020111590623855813 -0.0007401021203989888
1682382685.9192238 -0.0007591534157485036 0.00012328714132309182 -0.0007605281376839024
1682382685.9572968 -0.0007121508524186582 -3.377109766006248e-05 -0.000735139867004353
1682382686.018096 -0.0007093693451800942 0.0002070353925228141 -0.0006267425555475103
1682382686.0623553 -0.0007061098383114028 0.00014803051948547585 -0.0008109882596112339
1682382686.123367 -0.0007047885136962639 8.443892002107933e-06 -0.0007692660369373883
1682382686.1603112 -0.0007152229048493219 -3.3201128244397804e-05 -0.0007639396273260157
1682382686.1980093 -0.0006771637982649903 4.310026764869912e-05 -0.000654493115269883
1682382686.2355232 -0.0007004182366148748 7.590144872665627e-05 -0.0006443177537207578
1682382686.2735732 -0.0008181083514307019 7.388234138488992e-05 -0.000853116544244914
1682382686.3092208 -0.0008748774290260608 3.346294164657815e-05 -0.0008289823546923092
1682382686.3457282 -0.0009887068981165037 -1.3423562049863502e-05 -0.0008257266915485673
1682382686.3876739 -0.0011112322444556955 -3.8263797760007545e-05 -0.0008226674680449353
1682382686.4527776 -0.001205838234369816 -5.553424358367698e-05 -0.0007397926063017479
1682382686.4932015 -0.001265355641620558 -0.00014956429600715415 -0.0006914468227259274
1682382686.527218 -0.0012184804598107946 -0.00016325846314430015 -0.0008595449844885916
1682382686.5637798 -0.0012141668391684457 0.00023396924138069375 -0.0007679005458318677
1682382686.60354 -0.0012356842846422966 0.00024020910263061745 -0.0006909168849853486
1682382686.6445556 -0.0012771954956247167 0.00019670888781547768 -0.0006729419562006012
1682382686.6812842 -0.0011466717714827546 0.00017131730914116128 -0.000687656131325376
1682382686.7278626 -0.0009381147012315905 0.0001968355476856254 -0.0007993232802778749
1682382686.7653096 -0.0008476598232786681 0.0002185875177383445 -0.0007661507340841478
1682382686.8127425 -0.0007903613111656382 0.00022627279162407143 -0.000745260291713068
1682382686.8635814 -0.0007486176212242734 0.00023456528782844766 -0.0007349356326531442
1682382686.923217 -0.0007339903571207396 0.000566704720258715 -0.0007511525601973101
1682382686.9579077 -0.0007077996584562152 0.0006285370886325858 -0.0007596293263290033
1682382686.9941316 -0.0007132518871570681 0.0005210699141025565 -0.0007417596797734127
1682382687.0329676 -0.0005578802070095312 0.0005063997209072135 -0.000756901439121549
1682382687.0677903 -0.0004926068575256126 0.000574334114789965 -0.0007184243045224026
1682382687.1147883 -0.0005256644886217077 0.00046926602721214516 -0.0007071878515507724
1682382687.1652153 -0.0005383148515389347 0.0004758560657501243 -0.0006671196636423016
1682382687.2036805 -0.0005783146471187162 0.000377534478902819 -0.0006334331432418239
1682382687.2605765 -0.0006143001105533008 0.0003421181440353416 -0.0006118396598269182
1682382687.3111248 -0.000679728038316646 0.00040367484092712624 -0.0006909064050111269
1682382687.3669496 -0.0007506876780646321 0.0004541115462780021 -0.0007375457494211979
1682382687.4077117 -0.0007708753202958496 0.0003697262704372428 -0.0007510886114634463
1682382687.44542 -0.000771208179172117 0.00015518307685852273 -0.000727591652351478
1682382687.4795 -0.0007568977234471419 0.00020680814981460793 -0.0008914708442695485
1682382687.515165 -0.0007605326437180593 0.00023189425468445046 -0.0009128985471540396
1682382687.550882 -0.0007973936324493225 0.00023358553647995217 -0.0008809646908014557
1682382687.5893784 -0.0008108472735606775 0.000240350663661959 -0.0008858154799655793
1682382687.62595 -0.0008532021968616632 0.00023796647787094338 -0.0008351785548945667
1682382687.6650295 -0.0008824978102110748 0.00020226702094078286 -0.0008168310536484924
1682382687.7030377 -0.0009415844238340465 0.00021355465054512246 -0.0008565502533510738
1682382687.7460432 -0.0008593592982462372 0.00020765751600265725 -0.0007950241499989907
1682382687.8029728 -0.0010344790330407139 0.00020187959074974282 -0.0008424595806175716
1682382687.8454661 -0.0010460099226629327 0.000314442962408068 -0.0007739280596961162
1682382687.9085145 -0.0010126394171044995 0.00037218868732452615 -0.0007575770524341774
1682382687.950922 -0.0010280304568641707 0.00036400049924850686 -0.0007699250166417482
1682382688.0110464 -0.0010077410884840043 0.0003593699634075187 -0.0007332215234805428
1682382688.0488205 -0.0009523471192206256 0.0003448562324047111 -0.0007225718564931594
1682382688.0944233 -0.001025142363436371 0.0003574551641941093 -0.0007194112228523508
1682382688.1442916 -0.0009956277696948346 0.0003152550756931327 -0.0007069532841577075
1682382688.1915612 -0.001059986376381633 0.000349904000759127 -0.000804109004082898
1682382688.2402992 -0.0010256940904773137 0.0002987743914127372 -0.0008009606580337003
1682382688.2741976 -0.0010325480457523406 0.00028783321380615456 -0.0007881742114452805
1682382688.3105946 -0.0010192436769503044 0.00026219576597213967 -0.0007725886310339103
1682382688.346442 -0.0009305711411585482 0.0003474490344524406 -0.0007535895741588305
1682382688.3818827 -0.0009826766091700634 0.00031401827931404336 -0.0007868721441248727
1682382688.416871 -0.0009591849311372525 0.0002594651281833671 -0.0008474049024553842
1682382688.4514012 -0.0010759032504452093 0.000320459306240084 -0.0009480163010457954
1682382688.4971454 -0.0010290743872471697 0.0002570399641990684 -0.0008970940129178206
1682382688.5613904 -0.0010312422730672233 0.00027524545788765176 -0.000873450164776246
1682382688.6221333 -0.0010182472723676839 0.00025199592113495095 -0.0008624156870218336
1682382688.6572762 -0.001027816887220756 0.0002875277400016807 -0.0008952407086202374
1682382688.6961827 -0.0009580755280122755 0.00030302494764328225 -0.001185014459582412
1682382688.7311254 -0.0009582673200870806 0.00027312576770782693 -0.0010465682475979676
1682382688.7665079 -0.0009761540404079616 0.0003230930864810966 -0.0009904099874133987
1682382688.8048372 -0.0009723555428130526 0.00023523211479187234 -0.0009300632420077282
1682382688.8448722 -0.0009815540377048626 0.00026334315538406594 -0.0009401915853863851
1682382688.8917882 -0.0009327260110885971 0.00018673256039619668 -0.0009354803368435416
1682382688.9474955 -0.0008697471180278693 0.00033587828278541787 -0.000764391417089838
1682382688.9819105 -0.0008475942358266708 0.00035200878977775796 -0.0007686539795634939
1682382689.0179687 -0.0009218834306841672 0.00034716591238975747 -0.0008432704609733221
1682382689.054897 -0.0009176954048627783 0.0002738335728645347 -0.0008449706203113028
1682382689.092081 -0.0007155880355446953 0.0002500811219215415 -0.0008232790519908662
1682382689.129145 -0.000856614780348236 8.821725845337136e-05 -0.0006560729246773978
1682382689.1656551 -0.0009161690463387051 5.891039967537148e-05 -0.0006160840775337739
1682382689.2193768 -0.0009074864670377825 4.3461620807649926e-05 -0.0009043776928054914
1682382689.2842705 -0.0008925409351034364 0.00019655242562294228 -0.0009153269215957938
1682382689.3284774 -0.0008734970708376422 1.3853013515474633e-05 -0.0007753213322234664
1682382689.3638291 -0.0008773344944398576 3.422200679781273e-06 -0.0007585644626275645
1682382689.4016576 -0.0008691795187617257 5.034223198890908e-05 -0.0011001183517032054
1682382689.438761 -0.000905064850569598 5.765870213508828e-05 -0.0011243535048421904
1682382689.4730515 -0.0009044057428094776 8.172407746315224e-05 -0.0011197849006152616
1682382689.5083897 -0.0008625779598211702 -0.0003492845594882943 -0.0009128726554723521
1682382689.546742 -0.0008553435195600145 -0.0002796104550361611 -0.0008776579624125702
1682382689.584449 -0.0009042649252918589 -0.00015020877122878806 -0.0008557569479972216
1682382689.6509929 -0.0008919990200104422 -0.00010939076542854087 -0.0008483397091192391
1682382689.6863377 -0.0009115875563881493 -7.45369493961312e-05 -0.0008459779161609227
1682382689.7219734 -0.0009545097035396632 -4.512667655942604e-06 -0.0008978982901093335
1682382689.7560167 -0.0009685240394518846 -1.44703686237313e-05 -0.001019151632526638
1682382689.7911801 -0.0009815067775753028 9.381264448166116e-05 -0.000895668516118997
1682382689.8273451 -0.0009647827887311611 2.9521584510805443e-05 -0.0008706018524684556
1682382689.8622115 -0.0009461114586898633 0.00015834212303161843 -0.0008623866413666192
1682382689.897909 -0.0009465818164317019 0.0001948983967304252 -0.0008607391604800174
1682382689.9347584 -0.0009514968088275844 0.00014942750334739907 -0.0008780533743815155
1682382689.9795954 -0.0009426345485710197 2.6232153177263573e-05 -0.0009063752797644486
1682382690.026057 -0.0008953327950669832 0.0001294115185737632 -0.0009179731586252959
1682382690.0744889 -0.0009039115302999778 6.014719605446084e-05 -0.0008362838350917112
1682382690.110027 -0.0007493733845427009 3.00244987010978e-05 -0.0007772263459562279
1682382690.148452 -0.0008358212971326107 0.00016596779227256997 -0.0008242826746294174
1682382690.1843948 -0.0008423873013557459 0.00016539037227630837 -0.0009002845101451218
1682382690.2181911 -0.0008114964333096331 0.0001368062198162101 -0.0008075488175374179
1682382690.2543325 -0.0008580667952040599 0.00012546271085739358 -0.0007759814763486084
1682382690.2908566 -0.0008852565293383796 0.00013916805386543496 -0.0007575285933092424
1682382690.342982 -0.0008547662602999828 6.292998790741189e-05 -0.000765909560050515
1682382690.3795435 -0.0009448458167180818 7.673218846321328e-05 -0.0007700592195738487
1682382690.4383817 -0.0008987142295044936 9.81414318084739e-05 -0.0007363594420692898
1682382690.484911 -0.0008984139165602312 4.2154043912889794e-05 -0.000693017294171927
1682382690.524072 -0.0009214589252642125 0.0002007657289505027 -0.0007444204159809953
1682382690.560526 -0.0008003282009120261 0.00017412990331650002 -0.0005298396040203102
1682382690.6020076 -0.0007827297295917579 0.00016501784324646218 -0.0004900480896181669
1682382690.639371 -0.0007703336361132018 0.00025357916951179726 -0.0004996925951858966
1682382690.6765187 -0.0007524607187634202 0.0001349472999572776 -0.0005102566156960364
1682382690.7318125 -0.0007586720433391259 0.00010798364877701028 -0.0005618915773017985
1682382690.7680535 -0.0008123599691498284 0.00012019515037536843 -0.0006561261489954617
1682382690.823459 -0.0008436584563721594 -0.00010856375098228233 -0.0007170135316665327
1682382690.8643103 -0.0008065960945284611 -0.00011604040861129539 -0.0006884225734982152
1682382690.9001765 -0.0008014926500630182 -0.00013073667883872764 -0.0006577307820005984
1682382690.9364321 -0.0008467326257285135 2.826154232027367e-06 -0.0006591591584739209
1682382690.9757771 -0.0008445251132251363 2.6373714208605126e-05 -0.0006694328764962343
1682382691.013948 -0.0008653771324396153 -1.8352121114728615e-05 -0.0006682085364864143
1682382691.0515697 -0.0008726501381900731 0.00012470275163650735 -0.0007065284792993065
1682382691.1023667 -0.0008049834863050331 0.00010069698095321877 -0.0007082747380702248
1682382691.162008 -0.0008254030115976974 0.0003577159345150016 -0.0007644401729220984
1682382691.214817 -0.0008077746575104461 0.00028463691473007424 -0.0006917042291298969
1682382691.2496462 -0.0006853694197631044 0.00032470241189003213 -0.0007768880811729328
1682382691.289915 -0.0009124121349364245 0.0005626590549945854 -0.0008081825487566974
1682382691.3249683 -0.0009424789900403241 0.00058592349290848 -0.0008178035205963496
1682382691.3599482 -0.0009674775342954078 0.00037982553243637307 -0.0007750112199942372
1682382691.3964021 -0.0008895909656715661 0.00042931973934173806 -0.0008496515074447597
1682382691.4450707 -0.0009242648851543744 0.0003393688797950767 -0.0008374217101965176
1682382691.4817114 -0.0009530061018422076 0.0003349171578884147 -0.0008732352052640557
1682382691.539271 -0.0009612497003809728 0.00035003438591957314 -0.00083402072144656
1682382691.5830395 -0.0010363538843070896 0.0007728697359561942 -0.0009940192827286864
1682382691.6215367 -0.001023439980780222 0.0006614947319030784 -0.0009296356331414124
1682382691.6576097 -0.000982693439300103 0.0005530031025409721 -0.0009546909762301325
1682382691.693654 -0.0009875131913941182 0.0005181343853473686 -0.0009002659917631828
1682382691.7282858 -0.0011619935664697323 0.00045693531632423623 -0.00096927330836305
1682382691.767169 -0.0011816949688024936 0.0003343397378921531 -0.0010442614432488728
1682382691.8099487 -0.0011043552820769742 0.00029672548174858315 -0.0009234199457894832
1682382691.9005127 -0.0011180189358205028 0.0002926127612590812 -0.0009242230568220489
1682382691.9340534 -0.0010706168897974544 0.00021310761570930703 -0.0009139733193268551
1682382691.9696436 -0.001079751628132175 0.0003605434298515342 -0.0009183692663046195
1682382692.0080068 -0.001035448830305874 0.0006671720743179343 -0.0009271332566171964
1682382692.044944 -0.0010842483268423408 0.0005371221899986289 -0.0009379303587497834
1682382692.0839312 -0.0010402167288942055 0.0004646727442741416 -0.0009385915453228311
1682382692.1259747 -0.0010261129358647147 0.00046448275446892007 -0.0008927682708526063
1682382692.1674821 -0.0009960780739979302 0.0004372210800647758 -0.0008653644899845325
1682382692.2146535 -0.0009959423067109896 0.0004558810591697715 -0.0008376665340399381
1682382692.2533092 -0.0009735393750181787 0.00046184152364731057 -0.0009140090913606347
1682382692.3107457 -0.000989002556108537 0.00035310402512550576 -0.0009094117648149602
1682382692.3569815 -0.0009910780127729002 0.0003585876524448417 -0.0008537752250072916
1682382692.3949087 -0.0010353078067069366 0.00035074964165687783 -0.0008469173167597877
1682382692.433786 -0.0009703409516100825 0.0004916252195835136 -0.0008462921503868959
1682382692.4679258 -0.000958267898604287 0.0005806447565555595 -0.0008538043692338793
1682382692.506571 -0.0009525804413743622 0.0004760199785232566 -0.0008736913383133871
1682382692.5442379 -0.0009797566024546955 0.00046069785952568276 -0.0008595346804904924
1682382692.5845368 -0.0008978418500497076 0.00043969839811325295 -0.0008499450373380402
1682382692.6364412 -0.000917510794842008 0.0003982396423816703 -0.0007750173265772542
1682382692.679968 -0.0009555011929615609 0.0003921674191951774 -0.0007831250707412973
1682382692.741799 -0.0008163610996836379 0.0003509992361068748 -0.0007824882609668293
1682382692.7757647 -0.0008695212977262445 0.0003712052106857322 -0.0008264465140574995
1682382692.811367 -0.0008830517222093437 0.0004495741426944755 -0.0008458628772907151
1682382692.8488996 -0.0008378243890047044 0.0004083761572837852 -0.0007909625449373792
1682382692.8845518 -0.0008216412605151213 0.0004220107197761558 -0.0007866913183010027
1682382692.9241235 -0.0008636273774265402 0.00040594354271888955 -0.0009081508318604659
1682382692.9616299 -0.0008941033101656504 0.0003582151234149955 -0.0008866397174867036
1682382692.9977286 -0.0008688218799870195 0.0003498704731464408 -0.0008964749279887219
1682382693.0339842 -0.0009046565565396236 0.00036140024662018044 -0.0009220204892741446
1682382693.1057227 -0.000918942832732722 0.0003317841887474082 -0.0007669726131549481
1682382693.1659772 -0.0008325138671985421 0.0004275763034820579 -0.0008010809830727439
1682382693.202672 -0.000925106536660919 0.0005244971811771415 -0.0008542933702480049
1682382693.2397437 -0.0009004973522911963 0.00037826463580131753 -0.0009464001976355885
1682382693.2898228 -0.0008212581610288205 0.00036778539419174416 -0.0009803909223145002
1682382693.326119 -0.0008333636541948408 0.0003114515542984031 -0.0009443536557152132
1682382693.3618371 -0.000857552148377877 0.0002448433637619041 -0.000983639436923811
1682382693.405043 -0.0008374596784169186 0.0002229498326778434 -0.0010076992512750849
1682382693.4418857 -0.0008601356537939198 0.00022797524929046853 -0.0008431644581430309
1682382693.4803293 -0.0009651405397332335 0.00047848239541053994 -0.001000004321830339
1682382693.5309818 -0.0009988175461343174 0.0004459755122661613 -0.0010182804022227376
1682382693.568538 -0.0010064409251800688 0.0002910481393337272 -0.0009698442804084717
1682382693.6272306 -0.0010372305020824035 0.0002571181952953361 -0.0009574201040216668
1682382693.6712556 -0.0010366150800603657 0.0003175461292266868 -0.0009402016895103671
1682382693.7107537 -0.0009255702163787349 0.00032848730683326943 -0.0008700718898366766
1682382693.745491 -0.0009216524221021538 0.0003411383926868461 -0.000886944096003317
1682382693.7806568 -0.0009162406210701246 0.000347065329551699 -0.0008631596642956207
1682382693.817376 -0.0009133078055392763 0.00030329689383506997 -0.0008144340093840796
1682382693.8703427 -0.0009137764317024566 0.00037598475813865884 -0.0008186350062167058
1682382693.940371 -0.0008331126189896065 0.0003953674435615562 -0.0008612676077319747
1682382693.9773676 -0.0008204647573519241 3.705412149429543e-05 -0.0008769867956746058
1682382694.0157332 -0.0008085798217199458 7.791966199877098e-06 -0.0008343778764892118
1682382694.0533466 -0.0008566042344531344 1.857668161392434e-05 -0.0008737822216737801
1682382694.090691 -0.0008474264375624152 -0.0002082972228527047 -0.0008311894138792741
1682382694.128994 -0.0008144724941110404 -0.00017841294407844321 -0.0008184400057928976
1682382694.1639152 -0.0008109209855777788 -2.5981515645978615e-05 -0.0007953454585827302
1682382694.2075014 -0.0007983342183253694 -0.00020627439022063987 -0.0007734697899821619
1682382694.2497318 -0.0008495516610982079 -0.00016636535525321738 -0.0009029108376201744
1682382694.2960327 -0.0007687479540120778 -0.00022234901785850303 -0.0009097289016197774
1682382694.357667 -0.0008506463902485106 -3.914296627044456e-05 -0.0009180047852612727
1682382694.3997898 -0.0008545452181026314 -2.5646239519117042e-05 -0.0009277485657910312
1682382694.4368339 -0.0008548229966885701 -3.607332706451194e-05 -0.0009046069257372391
1682382694.4739938 -0.0008471472695423532 -4.277139902114646e-05 -0.0007446405628421804
1682382694.509773 -0.0008342259614931569 -4.5520663261411354e-05 -0.000750916748992303
1682382694.5539622 -0.0009042649446585616 -6.364792585372703e-05 -0.0007479762627096154
1682382694.5898972 -0.0009047250931874806 -7.58184492588021e-05 -0.0007413152157618175
1682382694.6274593 -0.0009055108082977048 8.47899913787864e-05 -0.0007075760910870699
1682382694.6647143 -0.0009074618296581183 0.00014179065823555215 -0.0007095834588337624
1682382694.7217462 -0.0007848381945049776 0.00011011451482773049 -0.0008214926761627162
1682382694.761844 -0.0007664840462713873 0.00013613939285278542 -0.00080887707448829
1682382694.8196745 -0.0007626804964593059 9.989604353904946e-05 -0.0007984219110952484
1682382694.8626773 -0.0006807771937270279 0.00015919148921966775 -0.000907117071336172
1682382694.8975034 -0.0003645911678922531 -2.794101834296958e-05 -0.00015306252873226178
1682382694.9312534 0.0014298261746225338 -6.435945630073325e-05 0.0006546742967208363
1682382694.9683218 0.0049477037897123766 -8.046761155128257e-05 0.0012674474949199155
1682382695.0083594 0.008588088834988322 -0.00047767668962478416 0.0016996745481838715
1682382695.0494597 0.013103302846421583 -0.0005487552285194375 0.002196925342715206
1682382695.109063 0.019280787869838806 -0.00037169590592384116 0.002632099776858743
1682382695.1734116 0.02440022392646693 -0.0003657242655754067 0.003018743896051168
1682382695.2247376 0.03294725044599553 -0.0006563304364681222 0.0036380220273679598
1682382695.2619944 0.03781422088674971 -0.0007525025308132149 0.00393373318834489
1682382695.2981205 0.042295702729804124 -0.0009302286803722359 0.004110966963948082
1682382695.332709 0.04594652196784915 -0.0010026818513870217 0.00405971762076951
1682382695.3695514 0.050679295516016576 -0.0011109685897827126 0.004230667826463641
1682382695.414809 0.05934272285970288 -0.0011083757877349831 0.004497456767341257
1682382695.477122 0.06581213204465161 -0.0012426128983497597 0.004316668859337236
1682382695.534642 0.07273011587476302 -0.001314917057752607 0.004541707755321145
1682382695.5691156 0.08033886057736646 -0.001330805420875547 0.0045301310921819216
1682382695.6079264 0.08700062827312639 -0.0018800286948680855 0.004000655046143109
1682382695.6454153 0.09044878083965227 -0.0019617801904678323 0.00402376970372198
1682382695.6796305 0.09501562665741485 -0.0020807734131813027 0.003423596706565668
1682382695.7168515 0.10178816181132683 -0.0021508572995662667 0.003559715918037387
1682382695.751844 0.10811472784595073 -0.002303318530321119 0.0038230742189433453
1682382695.792673 0.11385595951101565 -0.0027739568054676034 0.0037136277501002013
1682382695.8429449 0.12213523530244716 -0.0028724646568298318 0.003727011799294022
1682382695.8892035 0.12909247542143754 -0.0029635778069496133 0.00308066932052653
1682382695.9403884 0.13709441248722745 -0.0029999664425849892 0.0028792945837319284
1682382695.9753582 0.14614132422688253 -0.003613510578870771 0.0031456989520464163
1682382696.0153232 0.15074019010923242 -0.0035579292476177193 0.002607404314177497
1682382696.049455 0.15621011297559476 -0.0037441416084766366 0.0017226354199044724
1682382696.0839736 0.1639220894432407 -0.004007430225610731 0.002472718548204522
1682382696.120025 0.16998736530379377 -0.004757666438817976 0.0007745939978409666
1682382696.1600058 0.17827284006405394 -0.005364642888307569 0.0003809178418503478
1682382696.2135344 0.18338668961642438 -0.005648372173309324 0.0004357046105545326
1682382696.2520814 0.19160423981095137 -0.005866223424673078 0.000269110572834963
1682382696.3077502 0.19844336435018656 -0.006218561381101606 8.044563387654691e-05
1682382696.349499 0.20722337175404965 -0.0070843076705932595 -2.076224575908725e-05
1682382696.3880694 0.21474636950194886 -0.0072999386489391305 0.00015338882981397184
1682382696.4237988 0.2237009953617462 -0.007409428656101225 0.00034367933957324404
1682382696.4577456 0.230164619425102 -0.007573211044073103 0.000187189776248875
1682382696.4921658 0.23475574852415673 -0.007582334280014036 0.0002768108917590162
1682382696.544974 0.24286989292502076 -0.008291886597871778 -0.000242410215522737
1682382696.5846772 0.25026536549676315 -0.007970632463693617 -0.0012270466155299697
1682382696.644144 0.25859045393142027 -0.007948474436998365 -0.001566938865439793
1682382696.6800663 0.269145233033093 -0.007861719876527784 -0.0019536422570534118
1682382696.7163312 0.2738622136955777 -0.007623029351234434 -0.0019735010171524348
1682382696.7511382 0.2813633514970102 -0.0075566446781158425 -0.0029337523955035305
1682382696.7859426 0.2861031694333847 -0.007498042136430738 -0.00291713823626627
1682382696.8207228 0.29247527813933916 -0.007428360581398008 -0.002764652719083882
1682382696.8855126 0.3011047301619229 -0.007321031242609022 -0.0025359682905621295
1682382696.9382632 0.3127275371940062 -0.006942068636417387 -0.002592791554595797
1682382696.9969857 0.3233576339534081 -0.0068386992812156655 -0.0025490194398112287
1682382697.0526094 0.33334880954961565 -0.006751419454813001 -0.0022060003146486817
1682382697.0892334 0.3423079888961563 -0.006600329130887983 -0.0021448665075243234
1682382697.1278105 0.34983660090571334 -0.006446500718593595 -0.0029856975160453825
1682382697.1629357 0.35706742831716465 -0.006266327053308485 -0.002842638610247583
1682382697.197085 0.36479074035613523 -0.006173157542943952 -0.0027606343041364223
1682382697.2340815 0.37351833729926126 -0.006039739996194837 -0.0028975271852258455
1682382697.268238 0.3830501618014823 -0.005440217852592466 -0.0025404936520228016
1682382697.3047876 0.3917275837886572 -0.0045662200450897195 -0.003038450177075269
1682382697.3561037 0.3995656465556538 -0.004491844624280927 -0.0029603715834762845
1682382697.412668 0.4111154515229133 -0.004188117980957029 -0.0033013403684203357
1682382697.4511275 0.42810140479526637 -0.004072239100933073 -0.002880189182636883
1682382697.4858863 0.4406690362334531 -0.004008331745862959 -0.0028299332325472104
1682382697.5226793 0.4547283168353614 -0.0035478001832962014 -0.002325830793576955
1682382697.5599892 0.4627730950366663 -0.0034152543544769265 -0.002450820726793035
1682382697.5985992 0.47291274893466173 -0.003323884159326551 -0.002843855319546895
1682382697.6342356 0.4780832736953864 -0.0032824961841106393 -0.0028105815517283084
1682382697.6744037 0.49168905363898574 -0.003316873162984846 -0.0036183637495497134
1682382697.7286472 0.5084323773420233 -0.0037238909304141976 -0.0030057286350582135
1682382697.7926672 0.5257546126642045 -0.0037937811017036416 -0.0033351048381082826
1682382697.8376367 0.5408495248199083 -0.003958595395088194 -0.0032881220856297855
1682382697.8728015 0.5550124422930873 -0.004374918937683103 -0.004372626950763792
1682382697.9096293 0.5668604503661646 -0.004829322397708891 -0.00523984438480718
1682382697.9442255 0.5760189179756424 -0.00497261196374893 -0.005005574842454674
1682382697.9800243 0.5849790100414122 -0.005290934294462202 -0.005848774386512767
1682382698.0157886 0.595218603128005 -0.005550441741943357 -0.006235972342339746
1682382698.0755277 0.6036198185027489 -0.005668105036020277 -0.006495188224101778
1682382698.1599734 0.628991269380512 -0.00792060926556587 -0.006862916785043582
1682382698.1969981 0.6502339800787782 -0.008583461344242094 -0.007377097895909346
1682382698.2345288 0.6599552443793719 -0.00892681762576103 -0.00722435546722644
1682382698.2707307 0.6689689470716327 -0.010433980673551557 -0.00786816950756819
1682382698.3075793 0.6804840150506172 -0.0106743848323822 -0.008040313356352025
1682382698.3430567 0.6940865051646096 -0.010820904225111005 -0.007899241094909026
1682382698.3798974 0.7040198965202853 -0.010954619795083997 -0.009674264800224819
1682382698.4168262 0.7119988624484186 -0.011045401394367216 -0.009905077006191476
1682382698.4602103 0.7222435816533742 -0.011335590332746504 -0.009733420865685627
1682382698.52998 0.7393912935488756 -0.011428089290857313 -0.009383190300285671
1682382698.5652611 0.7560858765049057 -0.011474227011203764 -0.0089772165751838
1682382698.5999177 0.7670280760225948 -0.011447539031505582 -0.008656670002273659
1682382698.6335564 0.7736564820896203 -0.011524239033460615 -0.010260967403969978
1682382698.667925 0.7845129458716164 -0.011671011745929716 -0.009934923800306583
1682382698.704508 0.7932436827215182 -0.011710533350706098 -0.010278865835652073
1682382698.764365 0.8043890506178264 -0.01172755792737007 -0.010613456406748378
1682382698.810536 0.8235863962132675 -0.012082682400941847 -0.010841837380939578
1682382698.8682804 0.840011742407739 -0.012550932765007017 -0.01117121666850407
1682382698.9073179 0.8486305287569718 -0.012664770185947416 -0.011709705334861376
1682382698.9414098 0.8656055696435079 -0.012832240611314771 -0.01170613867066117
1682382698.9751563 0.8762312156588175 -0.014570360481739049 -0.012214144706391039
1682382699.0079587 0.8858641309571974 -0.015315172672271733 -0.012487874915041663
1682382699.0425298 0.8943568149655209 -0.015760560929775243 -0.013471196927300255
1682382699.0824685 0.9019509406410618 -0.015963272601366048 -0.014111688708304149
1682382699.1345577 0.9191730298800466 -0.016253711134195332 -0.01390967948874855
1682382699.204077 0.9379294881177586 -0.017277599722146993 -0.016566628420303653
1682382699.2473686 0.9525593294360262 -0.017725252956151967 -0.01717635393590977
1682382699.281575 0.9646122715248912 -0.017948040217161183 -0.017209862130021847
1682382699.316973 0.9768636059687242 -0.018608545362949376 -0.016856150350636145
1682382699.3507342 0.9875158603799905 -0.0194620130956173 -0.018183294887038848
1682382699.3871188 0.9945310218355276 -0.019698367863893514 -0.018334504608398472
1682382699.4381924 1.007954605866983 -0.020630465298891072 -0.018915193815427944
1682382699.4815543 1.0236540194077188 -0.02161647886037827 -0.0186102248458464
1682382699.5360742 1.0382867206990136 -0.022564539164304738 -0.018278904530602658
1682382699.575929 1.0503324249867558 -0.025310838073492055 -0.01876764999452596
1682382699.6132085 1.0598776244666606 -0.026458108276128774 -0.01937675065257327
1682382699.6501338 1.0702101103876789 -0.02710542961955071 -0.01980692411642959
1682382699.6847048 1.0816343363917456 -0.027326506972312932 -0.019722457549918637
1682382699.7198312 1.090073662114295 -0.02799537912011147 -0.020245338890573672
1682382699.7576387 1.1044506933090104 -0.02817858144640923 -0.020070162250049206
1682382699.7945864 1.1135793288137055 -0.028568537384271626 -0.019800265077200008
1682382699.8324792 1.1253802951059524 -0.0297913657873869 -0.02064453256953458
1682382699.8771253 1.1352256526315576 -0.03052514180541039 -0.022122462176879187
1682382699.9250166 1.1446887948765025 -0.03078117355704308 -0.021856236011353447
1682382699.9813986 1.1632710661779084 -0.03156290523707867 -0.022191547049269067
1682382700.0187833 1.1805591761518746 -0.03188311815261841 -0.022887867820058583
1682382700.0546086 1.192202070468618 -0.03202031314373017 -0.023416464728410524
1682382700.0894141 1.203243755201363 -0.032649101167917256 -0.023052983756201018
1682382700.1282313 1.213901532508311 -0.033600262776017194 -0.02391447329541485
1682382700.1955059 1.2305091648506827 -0.034225776270031934 -0.02406428679678463
1682382700.2480707 1.250591427331777 -0.034881952628493314 -0.023846505095073356
1682382700.2905922 1.25820773387038 -0.035269038230180745 -0.024054883521226422
1682382700.3302696 1.2713416224218161 -0.03550051659345627 -0.024413501124119996
1682382700.3641906 1.2831145099401744 -0.03556793317198754 -0.024725283350160776
1682382700.39823 1.2936899748607955 -0.0352317238599062 -0.02458828090686138
1682382700.4325876 1.3049588077045984 -0.035165108218789105 -0.02533170243445393
1682382700.4840043 1.3118248119623235 -0.03513251751661301 -0.025241633213376913
1682382700.5523498 1.3233783102542584 -0.03514833137392998 -0.02521216724585429
1682382700.6004012 1.3244709584869956 -0.035156607106328015 -0.025348940225926375
1682382700.640624 1.3247241101968386 -0.03516335919499398 -0.02547281815617075
1682382700.6772294 1.324868755564118 -0.03516937740147114 -0.025584580236055032
1682382700.7124794 1.3347512007106654 -0.03518284618854523 -0.02520856874533961
1682382700.7481163 1.3460160588817807 -0.03523441724479199 -0.025283423740343647
1682382700.783978 1.3571457501346162 -0.035108677521348004 -0.02484678830055298
1682382700.8232954 1.3684961417670174 -0.03494178824126721 -0.0247871429789448
1682382700.8970275 1.3815692294245852 -0.03491054795682431 -0.02493968714657835
1682382700.9540322 1.4061150231678223 -0.03487580962479115 -0.024259229009756966
1682382700.9922943 1.421091257593615 -0.03470863349735737 -0.024542482020051493
1682382701.0333939 1.3710344317185783 -0.02682915091514588 -0.014538286781816456
1682382701.0717716 1.3809273464266427 -0.025635754168033605 -0.01411866297354547
1682382701.1135607 1.393689241520533 -0.025963121503591542 -0.014747742107861006
1682382701.1521945 1.403066237029387 -0.02606211736798287 -0.014613301703765957
1682382701.1986537 1.414250582629043 -0.02578147634863854 -0.014882443065118212
1682382701.241936 1.4256205044197356 -0.025682640671730046 -0.01449513632547128
1682382701.309242 1.4455746424316092 -0.025600084513425832 -0.016198753267830268
1682382701.3561714 1.4576088987021796 -0.025559802949428563 -0.01582069370640604
1682382701.3948846 1.470843088663439 -0.025476676821708684 -0.016294605379593152
1682382701.4311767 1.4826003434331239 -0.025257938951253896 -0.016460955785821074
1682382701.4669938 1.4930709564386517 -0.024544508606195455 -0.01643733907310585
1682382701.5024412 1.5009920768332343 -0.02473254263401032 -0.01695523845341751
1682382701.538178 1.5148592782828532 -0.025233284980058675 -0.017196473509490495
1682382701.5749447 1.5239955845925819 -0.02546515449881554 -0.01757836708299343
1682382701.6125045 1.5358608935974414 -0.026367784887552266 -0.018336938062597508
1682382701.6634748 1.5447237158905633 -0.02672049909830094 -0.018100394857663238
1682382701.7104666 1.5633449735328506 -0.026806121170520787 -0.018148607599801192
1682382701.773308 1.5715845470833243 -0.026452267020940785 -0.01799636733985266
1682382701.8148625 1.5893199794628368 -0.028444753438234334 -0.020838688413256312
1682382701.851456 1.60074144186539 -0.028510575592517858 -0.021865348655571104
1682382701.886697 1.6108682430550496 -0.028438424170017247 -0.02168312186699639
1682382701.9252586 1.6240550171251058 -0.02868260949850083 -0.022299533140362593
1682382701.9635456 1.6347778973767182 -0.02865586936473847 -0.022174609210475982
1682382702.0000477 1.643602728806424 -0.027877212911844258 -0.021970761615037304
1682382702.0379248 1.655117710247196 -0.027731058597564702 -0.022352264527114363
1682382702.0788655 1.6712024888901074 -0.02763035655021668 -0.021804333481913796
1682382702.1240168 1.6803719910771524 -0.02655086055397988 -0.02165700149909311
1682382702.1851983 1.6941215083138228 -0.026391082853078847 -0.022070033928822896
1682382702.2261076 1.7147071837971755 -0.02650088950991631 -0.021736944945771608
1682382702.2626817 1.725685011292968 -0.02590022370219231 -0.021394921342642093
1682382702.299895 1.7348769013876417 -0.02596535295248032 -0.02149938960008746
1682382702.335915 1.7446017701775145 -0.026009665280580525 -0.022847399387607714
1682382702.375647 1.7606798904918266 -0.026079469770193105 -0.02409125261077083
1682382702.4136946 1.7722819976606516 -0.0263970097899437 -0.02383340861377392
1682382702.4615502 1.778978948097264 -0.026737154871225362 -0.02389276147188779
1682382702.5068898 1.7935997491666678 -0.027329967767000203 -0.023558575268837867
1682382702.5577862 1.8082497202223229 -0.028022186309099202 -0.024945033160817864
1682382702.5929296 1.8245894635999986 -0.028198601156473165 -0.02617436201746126
1682382702.6306288 1.8341511082483344 -0.028677770346403127 -0.026853299937457775
1682382702.6671493 1.8436693406616116 -0.028865459784865384 -0.026607472506362972
1682382702.7065504 1.85108322223643 -0.030009509474039082 -0.027288255925705496
1682382702.7419682 1.865715709287697 -0.03018503583967686 -0.02681550656039744
1682382702.7804365 1.8771732730701376 -0.031394591033458714 -0.026464634657894948
1682382702.8205519 1.888368651371278 -0.03162217274308205 -0.02834957614249678
1682382702.8886802 1.9052539208315216 -0.031766859292984014 -0.027922363010218776
1682382702.927211 1.9194978911584928 -0.031934972330927854 -0.027776284352663883
1682382702.965965 1.931241485969495 -0.03249497473239899 -0.02828265441850708
1682382703.0021186 1.9398799346917641 -0.03264819964766503 -0.028094221013443832
1682382703.0385196 1.949211463068848 -0.03348042577505112 -0.028582481119398206
1682382703.074987 1.963492589942233 -0.0336612793058157 -0.028239153291425678
1682382703.1145387 1.9702936795280974 -0.03457649931311608 -0.029225126318818795
1682382703.1695971 1.9815486622474459 -0.03529240138828755 -0.029314917871541946
1682382703.2242308 1.9994769702289534 -0.03705298103392125 -0.03023701630646425
1682382703.2610424 2.0123937536497194 -0.03774687223136426 -0.030924946583045454
1682382703.2951772 2.0206708243456943 -0.03802640311419965 -0.030749226021242748
1682382703.331897 2.0313817063234714 -0.03828488983213903 -0.031555659749584075
1682382703.3672864 2.0413869737580135 -0.03876463644206525 -0.03273960433002676
1682382703.403927 2.0531378214115827 -0.038937653824687016 -0.032436838549714686
1682382703.439956 2.063923159568088 -0.03966873832046987 -0.032138464602081473
1682382703.4808319 2.0720473877117036 -0.04031917773187162 -0.0322834697742187
1682382703.522302 2.08296786349217 -0.04090604506433011 -0.032364815991296814
1682382703.5749152 2.0982937437813347 -0.04166101425886155 -0.03180699877512794
1682382703.621886 2.1101468098319027 -0.041984857469797146 -0.032623832547589604
1682382703.670445 2.124963766980298 -0.042332732528448117 -0.03223817425790587
1682382703.7063544 2.141596699092089 -0.04347962088882924 -0.032373592285372954
1682382703.7464461 2.152380299305758 -0.04373628221452237 -0.03208342168241307
1682382703.7817326 2.160148031587982 -0.043968596905469906 -0.03182827320167614
1682382703.8143718 2.168973406287454 -0.044109243378043186 -0.0318046296894674
1682382703.85312 2.1790564115526316 -0.043951138332486164 -0.03134827969688092
1682382703.9122298 2.191838375207091 -0.04397907614707948 -0.03156981966316197
1682382703.953259 2.2057200835435706 -0.04395691253244878 -0.0316525368902858
1682382704.0022879 2.2161117664170655 -0.0442179547995329 -0.03179758464624638
1682382704.0411665 2.222039259266774 -0.04456470109522344 -0.031309273096458146
1682382704.0803256 2.229091041495348 -0.04493741638958455 -0.030977038879629548
1682382704.116269 2.235227071408051 -0.04498396296054126 -0.03083493484709443
1682382704.1530964 2.2398439017087957 -0.04515272978693248 -0.03086446028219436
1682382704.1916661 2.244930606747703 -0.04520499374717475 -0.031091166168818907
1682382704.2315335 2.2464167636001786 -0.044969464130699646 -0.031122667291958894
1682382704.278339 2.249165704078239 -0.044947786666452896 -0.031096347695710458
1682382704.3307483 2.249992751598417 -0.045013896599411976 -0.030936795952917207
1682382704.37339 2.252681113118653 -0.044939387999475014 -0.030887726404597027
1682382704.4103732 2.252961130851773 -0.045092432238161576 -0.03101181157307442
1682382704.4454715 2.252680581274227 -0.04529068008065225 -0.03155448935723948
1682382704.4828122 2.2515569031868212 -0.04533375840634109 -0.03178271566427315
1682382704.5196502 2.251613872204892 -0.04531544115394355 -0.03189074884341103
1682382704.559434 2.2503674084821514 -0.04526546917855741 -0.03215543660136233
1682382704.6208396 2.2495215909443633 -0.045231266357004654 -0.03288443195640833
1682382704.6852946 2.2482628742373842 -0.045082625411450875 -0.03310938971631261
1682382704.7225187 2.2462089347603027 -0.04491194657981397 -0.033347524846363275
1682382704.7629325 2.245047020140828 -0.044842819161713135 -0.03342703420262927
1682382704.798842 2.2438546489210176 -0.04479743115603925 -0.03348467340172512
1682382704.8350434 2.2430402692578157 -0.044845397993922245 -0.03349666096331161
1682382704.8755305 2.2427404916846876 -0.04492332547903062 -0.03347382571448021
1682382704.9136004 2.242232144083518 -0.04496648855507375 -0.0334571307617324
1682382704.9603388 2.2419393736912565 -0.045033043660223496 -0.03344552263188372
1682382705.011959 2.241773082485447 -0.04499491531401874 -0.03346172178604201
1682382705.0736158 2.241579269381841 -0.04501394316554071 -0.03345268124717515
1682382705.113109 2.2414061678071784 -0.04493384663015605 -0.033466356600868385
1682382705.149661 2.241305528381483 -0.04481286317110063 -0.03338247071953693
1682382705.1857018 2.2409322803701275 -0.04486443702131511 -0.03340365521526034
1682382705.222217 2.2408252009635787 -0.04494523018598558 -0.03334849891422964
1682382705.2590535 2.2404386579201407 -0.04496066126972438 -0.033752773210828924
1682382705.2966406 2.2405459253958946 -0.045022155568003666 -0.03317723001619233
1682382705.3436933 2.2405235257729217 -0.04506112024188043 -0.03321618756231626
1682382705.385986 2.2404737891482047 -0.04529668711125852 -0.03323837061331525
1682382705.4610202 2.240531059438118 -0.04502433951944114 -0.03286107723199927
1682382705.50421 2.240510024391487 -0.045040456987917435 -0.032932073917201654
1682382705.545512 2.240481462627824 -0.045127697698771965 -0.03295283926660919
1682382705.5827775 2.240853978800647 -0.045113603062927735 -0.03294088199448986
1682382705.6203852 2.2407560280135606 -0.044553967602550995 -0.0329488869390826
1682382705.6554887 2.2406806452619805 -0.04478047084063293 -0.032959462652776494
1682382705.6963186 2.240822865431945 -0.0447049629315734 -0.03287249490508004
1682382705.732257 2.2408738089456297 -0.045263418406248104 -0.032955525617964554
1682382705.7864578 2.2408996753191652 -0.04530486598610879 -0.032966763858380155
1682382705.8502848 2.2408849515623825 -0.04490704689174892 -0.033206814365688286
1682382705.892181 2.2407938665536724 -0.044953043051064026 -0.033261383608422124
1682382705.928928 2.240770478104443 -0.0450830538198352 -0.033285351471577185
1682382705.9652236 2.2406231704143793 -0.04509015142917634 -0.03328496470036968
1682382706.0023525 2.2405705580710378 -0.04510240763425828 -0.033297384905348615
1682382706.0423372 2.2405293038229503 -0.045169807448983204 -0.0333030300920969
1682382706.0927284 2.2405049980432397 -0.0451827770471573 -0.03331343699599065
1682382706.1433408 2.2404954527633483 -0.04521285224705936 -0.03339460097472502
1682382706.2004774 2.2405112646477314 -0.04523068428039552 -0.03341004247110746
