1682382758.3040721 0.0002978686141624498 -0.0008220574259757973 -6.71554717168732e-05
1682382758.3407433 0.00017339523786799593 -0.0007126531004905678 -6.646154163458817e-05
1682382758.4017322 0.00018104957577233516 -0.0006610354781150796 -0.00042976372257008677
1682382758.4528813 0.000209817380410926 -0.0007572709023952462 -0.0004606702742024904
1682382758.4927962 0.00020366438029043032 -0.0007054819166660287 -0.00026869170735244197
1682382758.551842 0.00023471707024602662 -0.0007251514494419076 -0.0002737024928070042
1682382758.5914378 0.00025187553288125164 -0.000911348909139631 -0.0003178419921396891
1682382758.627893 0.00025871348830991403 -0.0008500492572784402 -0.00030377358666600074
1682382758.6658254 0.0002478696167943495 -0.0008178664743900277 -0.00036495032844507946
1682382758.700022 0.0004253432259391232 -0.000874710679054258 -0.0003758827496376238
1682382758.7338414 0.00045252823708960555 -0.0009935437142848946 -0.00038812922928310734
1682382758.7725298 0.0004386747656782153 -0.0008944733440875985 -0.00036948641069978194
1682382758.8129504 0.00044227035721453034 -0.0008260025084018685 -0.00036859033041758416
1682382758.856816 0.0004445129040182849 -0.0008956244587898232 -0.00039819836522303476
1682382758.897501 0.0004361070147975987 -0.0011587491631507851 -0.0006792307416081389
1682382758.933677 0.0003999133879991623 -0.0010817995667457558 -0.000626495117886261
1682382758.9732978 0.0004221094032435535 -0.0010497136414051034 -0.0005943511926636003
1682382759.0080268 0.00043608148804086255 -0.0011213882267475106 -0.0006022458145418241
1682382759.0415385 0.0004584524880726082 -0.0015215626358985879 -0.0005907421457629347
1682382759.0771503 0.00046807384072816705 -0.0016556134819984414 -0.0009429649159182762
1682382759.1156654 0.00040008196241983485 -0.0013856565952301003 -0.0007434579695444476
1682382759.1695108 0.0004009883323612684 -0.001362217068672178 -0.000708201868564684
1682382759.2259314 0.00041103250007415437 -0.0012860721349716164 -0.0006347712243064407
1682382759.2638052 0.00040978995061796697 -0.0012855543196201302 -0.0006024872618812793
1682382759.2990832 0.000471441059038763 -0.0011821030080318429 -0.0005682495779355534
1682382759.3351538 0.00044570687194239733 -0.0011429278552532174 -0.0005505593660313224
1682382759.368499 0.00046341305222194484 -0.0010655833780765511 -0.000488323071859309
1682382759.4044642 0.00046086787790897144 -0.0010550706088542916 -0.0005537395124579625
1682382759.4650946 0.0004791333516373508 -0.0010818181931972481 -0.0005560481552748797
1682382759.5148532 0.0005212892650557632 -0.0009386552870273568 -0.00047361036009707647
1682382759.5614312 0.0006201377577353395 -0.0009678466618061043 -0.0003651800308319686
1682382759.6017423 0.0005898997608860812 -0.0011664307117462136 -0.0005538472517085946
1682382759.6383858 0.0006224275224593345 -0.0010275779664516427 -0.0005281090987285797
1682382759.6760082 0.000589726054298717 -0.0008434405922889687 -0.0004923863391643746
1682382759.7213492 0.0005723476061910704 -0.0008949203789234139 -0.0005264376373150803
1682382759.758729 0.0005493843888802474 -0.0009398436546325661 -0.0005047892907397156
1682382759.8019497 0.0005087681100844343 -0.0009895427525043465 -0.0004985860652171326
1682382759.856961 0.0007108251434491675 -0.0010347454249858834 -0.0008767478452065269
1682382759.9099355 0.0006801957790364965 -0.0010349056124687173 -0.0006729840456773939
1682382759.9817405 0.00044225807725814525 -0.001132448613643644 -0.000681548817978328
1682382760.0263712 0.00046940508107659595 -0.0011289282143115975 -0.0006387729511101448
1682382760.0627682 0.0006195894451868078 -0.0011005489528179146 -0.0006003436287147501
1682382760.1016626 0.0006048018553729551 -0.0010872645676135995 -0.0005581145806168308
1682382760.1424081 0.0004850758102666053 -0.0013145668804645516 -0.0005524087477100093
1682382760.178422 0.0006892750884807952 -0.0010074613988399483 -0.0005167669157359889
1682382760.213497 0.0006911111473204556 -0.0010573914647102334 -0.0007563468169493603
1682382760.2497692 0.000694674879696433 -0.001114116460084913 -0.0003831733050021491
1682382760.2932444 0.0007106142523645997 -0.0010760328173637368 -0.0003865532175424402
1682382760.3735745 0.0007106138615552149 -0.0010342127084732033 -0.0004129314559946362
1682382760.4163957 0.0007410896204908812 -0.0010215653479099251 -0.00043026503308696284
1682382760.45122 0.0007557015054746041 -0.0010155452787876107 -0.00043454688457456037
1682382760.4899642 0.0007633417275615118 -0.0010524591803550698 -0.0003870179644751559
1682382760.5288653 0.0007212713850157648 -0.001198661923408506 -0.0003799326351345833
1682382760.5663097 0.0007386812736656367 -0.0011532729864120461 -0.0003146078480316117
1682382760.6018102 0.0007548477632088879 -0.0011255978047847726 -0.00030389209738346246
1682382760.6375897 0.0007483721769875606 -0.0009410171210765816 -0.00029956116697560375
1682382760.692119 0.0007610284482279239 -0.0010370104014873482 -0.0003385548331127364
1682382760.7501247 0.0007545677877477397 -0.0009599378705024697 -0.0002994898449419914
1682382760.8048067 0.0006653236894754722 -0.0008929944038391091 -0.0003525346638941773
1682382760.8440695 0.0006623443954338337 -0.000880436450242994 -0.00039302691116849253
1682382760.880871 0.0006790011893926806 -0.000835192799568174 -0.0003625924795205293
1682382760.9160693 0.0006286686424037125 -0.000877355635166166 -0.0003698855444205229
1682382760.9551754 0.0006528106580759585 -0.0008708810806274392 -0.00032236635557469917
1682382760.9915044 0.0006529132284129602 -0.0009010373055934884 -0.0003194966198227789
1682382761.0278902 0.0006276329964848004 -0.0009346319735050179 -0.0003742342743471294
1682382761.0640244 0.0006711259806117531 -0.0009557618200778939 -0.00037814509240252647
1682382761.1160386 0.0006762547532014329 -0.0009738816320896126 -0.0004196638996496471
1682382761.1684332 0.0006802095983946543 -0.0009230165183544137 -0.0003970266026100955
1682382761.2088668 0.0005978316693086294 -0.0009468322992324807 -0.00047025748125140154
1682382761.243628 0.0005794819525656858 -0.0010039298236370064 -0.0005178448889329168
1682382761.2804146 0.0006442390552388599 -0.0006423158943653084 -0.000447882955679324
1682382761.3157406 0.0005881783383135664 -0.0005850619077682473 -0.0004583272709455244
1682382761.3519373 0.0007562677123268968 -0.0007360516488552071 -0.0004506319422494798
1682382761.3997421 0.0006776248535120544 -0.000792892128229139 -0.0005129336505047544
1682382761.4615107 0.0005938135641395392 -0.0009086816012859322 -0.0005105629954962332
1682382761.513927 0.0005509132064745459 -0.0008560171723365761 -0.00047809585028679713
1682382761.5487747 0.0006568823115824518 -0.0008582262694835641 -0.00042445280033298616
1682382761.5849524 0.0006436775152567076 -0.0008551789820194222 -0.000400883824221987
1682382761.6202528 0.0006020629642363995 -0.0008204518258571603 -0.0003672781089425481
1682382761.6570923 0.0006038040906543585 -0.0008618621528148629 -0.0003282801231698773
1682382761.69276 0.0004998106894755217 -0.0009347400069236733 -0.00043660983707605183
1682382761.728217 0.0004735420350110431 -0.0008946856856346108 -0.0005218333603707048
1682382761.7690127 0.00046992006706758627 -0.0008504813909530617 -0.0005326375124663496
1682382761.8176208 0.0004523150602420978 -0.0008366382122039773 -0.0005226568775384965
1682382761.9023116 0.00048029665964480217 -0.0010638064146041848 -0.000543815378787782
1682382761.9374027 0.0006774121916191811 -0.001040419042110441 -0.0006240670155088779
1682382761.9749393 0.0006689057218621786 -0.0008714585006237008 -0.0005623069379299128
1682382762.0105665 0.000623972185463284 -0.0008922828733921029 -0.0006318736583437179
1682382762.0469549 0.0006018892402687437 -0.0009293197095394112 -0.00048425808979701834
1682382762.0813603 0.0005900102745359515 -0.0008504143357276894 -0.00045572907014013175
1682382762.1174345 0.0006117742805218374 -0.0008971592783927895 -0.00044938819001161256
1682382762.1748087 0.0005370875202710956 -0.0009372471272945382 -0.00044763515408674515
1682382762.2221162 0.000541875390362212 -0.0009090094268321969 -0.0004154074945348363
1682382762.2852035 0.00048281322293522444 -0.0010410933196544625 -0.00043459581638272127
1682382762.3242612 0.0004862993610224853 -0.0010199299454689004 -0.00037844224795957615
1682382762.3624694 0.0004288079469757511 -0.001042806953191755 -0.0004130685659753386
1682382762.3978374 0.00047476206103358454 -0.0010498179495334603 -0.000406233322252314
1682382762.435153 0.0004978974703591099 -0.0011144405603408791 -0.00045293832791881705
1682382762.4709249 0.0006099041512460657 -0.0010838112235069253 -0.00046404350617335055
1682382762.5155706 0.0005503572033728477 -0.0010457797348499276 -0.0005641811207981462
1682382762.5548034 0.000578076589030807 -0.0009767016768455483 -0.0005070535961799738
1682382762.6089222 0.0011050434000718923 -0.0010380497574806191 -0.00047901225830671024
1682382762.6485696 0.0008943190408913504 -0.001042508929967878 -0.0005011350355208499
1682382762.684548 0.0007733352787525904 -0.0010404972732067086 -0.0005278382826454653
1682382762.7268236 0.0007229655999042572 -0.0012382021546363808 -0.0005369235825352092
1682382762.761324 0.0008575991393215132 -0.0012516653537750222 -0.0006051434009259893
1682382762.8128676 0.0009670651573356615 -0.0014329566061496712 -0.000611243304659892
1682382762.851583 0.0008654930478607659 -0.0012567503750324227 -0.0006455689683939614
1682382762.9247353 0.0007537597637271853 -0.0012335120141506173 -0.0006238272062664141
1682382762.9694028 0.0007242773241150635 -0.0010947151482105233 -0.0005863917010793251
1682382763.0212603 0.000769019807848631 -0.0009743584692478158 -0.0005034663941345663
1682382763.060561 0.0007238632871233441 -0.0009302994608879067 -0.00047182830191827563
1682382763.1026003 0.0007244696559736141 -0.0009947581589221932 -0.0007020404208528674
1682382763.1438997 0.0009027183717642273 -0.0009502185881137826 -0.00045595529745190433
1682382763.1800776 0.002153846120720726 -0.0007571926712989785 -0.00036601364095001365
1682382763.2171688 0.0049992828255361055 -0.0015024891495704629 0.0014697152957821036
1682382763.265907 0.009791205167237776 -0.0017570084333419778 0.0026183065642679804
1682382763.3381195 0.0155568986140531 -0.001873572766780851 0.0029772532036753674
1682382763.384168 0.021068837473141228 -0.00195611774921417 0.0032486637777537908
1682382763.433305 0.027951326170428642 -0.0022620050609111764 0.002646920785039919
1682382763.4799514 0.03400459853708343 -0.002326303571462629 0.0027900159022211657
1682382763.5189965 0.04039385796645509 -0.002592937499284742 0.0029055230401795473
1682382763.5581484 0.048522639135241935 -0.002697424441576002 0.0025172544578562217
1682382763.5975366 0.055520308486903994 -0.002768350243568418 0.002041111192226275
1682382763.6426299 0.06040772937406927 -0.002792430520057676 0.002150572310165799
1682382763.6995785 0.06890161194034057 -0.0028536407649517037 0.0020582017954176024
1682382763.7604437 0.07778462251479387 -0.003147148936986921 0.002328698190444234
1682382763.797625 0.08500935075918938 -0.003218193948268888 0.0022953981601048223
1682382763.8319519 0.09060918867049904 -0.0032588294148445107 0.002307663880878108
1682382763.8689141 0.09523546737047034 -0.003340361118316648 0.0023962986979662038
1682382763.9043431 0.10039169141800335 -0.0035178376734256722 0.002385410355484785
1682382763.9431288 0.11034324277006965 -0.004073706865310667 0.002524730824222887
1682382763.9853601 0.11693283157342174 -0.004176264107227323 0.0027400203456120487
1682382764.0484748 0.12676553378159439 -0.004633979350328443 0.0027000849212532874
1682382764.10003 0.13486806761973388 -0.004239158183336256 0.003010778942190706
1682382764.1328323 0.14052412825733762 -0.0035431696474552132 0.0031995246985045966
1682382764.166786 0.14641962115468066 -0.003434856832027433 0.002708808515393235
1682382764.2022736 0.15079787503774583 -0.0032883448898792245 0.0024800708904613167
1682382764.237705 0.15733454899613014 -0.0032144723832607247 0.0027816345127329445
1682382764.275722 0.16770531088695068 -0.003261072039604185 0.003061291449540704
1682382764.3111649 0.17475159946698582 -0.003528506904840467 0.0033338102434536943
1682382764.3894553 0.18015129001721591 -0.003529248237609861 0.003736388511590416
1682382764.4303188 0.19074126214648265 -0.003637277930974958 0.004167261289659274
1682382764.4650388 0.1986857872498522 -0.0036532557010650613 0.004677612639495621
1682382764.4997845 0.20376544039820368 -0.004259434938430784 0.0035693303795774067
1682382764.5349524 0.2099245653675477 -0.0041891945898532845 0.002738744481282973
1682382764.5704997 0.21382835246543203 -0.004167643785476682 0.003423346970157448
1682382764.6055756 0.2212763502483916 -0.004073785096406934 0.0037584595893835893
1682382764.648883 0.22776124830183117 -0.004324664771556852 0.004046689995830466
1682382764.7098062 0.23589287641509243 -0.004557406008243559 0.004393931330221923
1682382764.7445712 0.24378936186912775 -0.004254830479621885 0.004909159559784992
1682382764.7801015 0.2500433413916097 -0.004226294755935667 0.004352831740246588
1682382764.8146698 0.25441481548206446 -0.004205347448587415 0.003946149459576942
1682382764.8507504 0.2596742426301285 -0.003808421492576597 0.004340276405968346
1682382764.887639 0.2661521833525014 -0.00638179615139961 0.004443153048044213
1682382764.9311144 0.27459759619821184 -0.004885049015283582 0.005204395875987311
1682382764.977376 0.28113252937132943 -0.004844428449869154 0.005494533333018969
1682382765.021004 0.2874885998402643 -0.003911764770746229 0.005522680266901281
1682382765.059673 0.29549021116926966 -0.003548377603292463 0.005504504460472237
1682382765.094077 0.3002165660255178 -0.003410702049732206 0.004526905111931656
1682382765.127794 0.3045034933178355 -0.0032614967226982094 0.004451986020208576
1682382765.1623647 0.31207794779509807 -0.002918017506599424 0.0048706516698353575
1682382765.2131627 0.31836842734491166 -0.0028212121129035928 0.004409011253209361
1682382765.2908912 0.33173378967957656 -0.0029603852331638314 0.00406901914280855
1682382765.3268304 0.3388400512974956 -0.0032157278060913064 0.004252036286174432
1682382765.3625662 0.34320620254000556 -0.003031806498765943 0.0039371130110932295
1682382765.3972895 0.3486971537908648 -0.0030155567824840523 0.0044281671155455005
1682382765.4331071 0.3544674972781829 -0.0028594447672367074 0.004161550063278785
1682382765.5031626 0.36358850838137174 -0.002349482327699659 0.004254057107000664
1682382765.5522256 0.37289806757008237 -0.0019766329228878 0.004398610388018254
1682382765.5912886 0.3806769616817858 -0.0019467039406299569 0.004656107802619047
1682382765.6278338 0.3877309994060152 -0.0019107958674430825 0.004575952062497279
1682382765.6642718 0.3966671348492417 -0.0018870098888874032 0.004487570151851417
1682382765.704873 0.4003320966094298 -0.0018521374464035012 0.002817931061661616
1682382765.760497 0.41040125345243383 -0.001431269049644468 0.0018837781875793436
1682382765.8092754 0.41609958404581127 -0.0007893531024456002 0.0035275896961679543
1682382765.8476472 0.42996587476252746 -0.0006517148017883279 0.0005657717655231931
1682382765.88087 0.43263485323466633 -0.0004943957924842812 0.0006145875037422144
1682382765.913881 0.43897546139847976 -6.579741835593955e-05 0.001413255023629656
1682382765.9461226 0.44498998449062965 5.72265684604667e-05 0.0002572233552275982
1682382765.9831593 0.4473182009837774 0.0005619251728057884 0.0009916500155262575
1682382766.0490255 0.4528674543021016 0.0006752671301364921 0.0012418916867793506
1682382766.1049788 0.4640447631355762 0.0007173666357994102 0.00012113368157451454
1682382766.1496663 0.4801120408128732 5.0819069147112206e-05 -0.00021196030997661097
1682382766.1868167 0.4850796543922612 0.00021025776863098367 -0.0011267593158206246
1682382766.2217171 0.4943937628229391 0.0004920014739036582 -0.0011524222589038846
1682382766.258372 0.497660623339093 0.0006615468859672569 -0.0008558582986075702
1682382766.2985563 0.502328475870581 0.00010405346751213296 -0.0005710662056308546
1682382766.3438647 0.5075675528597877 8.54456424713157e-05 -0.0010418741243989338
1682382766.3948236 0.5155406406966437 -4.582241177558677e-05 -0.0016429916953724089
1682382766.4536297 0.5253659322319835 -0.00014949724078178184 -0.001873197266816895
1682382766.5013056 0.5366677585783858 -0.000697968006134031 -0.0018018979372160793
1682382766.5365653 0.5412609072225376 -0.0009262761473655678 -0.0018191209372799833
1682382766.5725126 0.5495820902605643 -0.0012639364600181557 -0.00179623955356778
1682382766.609179 0.5538180770921787 -0.0013932003080844857 -0.001718422441009615
1682382766.6453779 0.5610904296933733 -0.0015451586246490456 -0.0019293318196385023
1682382766.6826224 0.5656398296061339 -0.0016123367846012093 -0.0018051558577416582
1682382766.7183948 0.5706887241091291 -0.001633835434913633 -0.001963213000361952
1682382766.7545865 0.5780348583540039 -0.001657014191150663 -0.002169714068755102
1682382766.7918503 0.5869663686935463 -0.0019501423835754372 -0.0025538589658864463
1682382766.8266232 0.5929612838935762 -0.0017074769735336282 -0.0030276640414663714
1682382766.8628561 0.5967431549676365 -0.001532853990793226 -0.0024981217924657795
1682382766.900135 0.6029991595671299 -0.0016360184550285317 -0.002578824182831063
1682382766.9480388 0.6074199830383493 -0.0016098073124885537 -0.0029561812834582035
1682382767.0052514 0.6198942627295724 -0.0018942965567111947 -0.0029933122246494914
1682382767.0637877 0.6264489565521261 -0.0019475942850112893 -0.0029790975301369205
1682382767.1001823 0.6356521540997102 -0.0022712065279483773 -0.0031473341513967856
1682382767.1372545 0.6433422818585223 -0.0034390962123870827 -0.004159478396076777
1682382767.174788 0.6509847583267773 -0.0036066895723342873 -0.003948673277891723
1682382767.2131727 0.6555667052471088 -0.0031751370429992654 -0.0038678667462495042
1682382767.2511175 0.6592564462344769 -0.003082630634307859 -0.003599794242655996
1682382767.2865853 0.665249780379549 -0.002863281816244123 -0.003273976778101817
1682382767.3204403 0.6692883420583268 -0.0025264224410057046 -0.003364785904667711
1682382767.355736 0.6765007546219414 -0.0024841068685054757 -0.003742812662921091
1682382767.4140913 0.6830567100060599 -0.0035451477766036965 -0.0050048348135067755
1682382767.4617019 0.6946251336319854 -0.00332597032189369 -0.004572383958229453
1682382767.497561 0.7029104335395485 -0.0033040879666805245 -0.0043047036564534125
1682382767.5330398 0.7095515862501302 -0.0034407949447631814 -0.004650325062386607
1682382767.569506 0.7135150121897296 -0.0028270310163497903 -0.005394681547110869
1682382767.6059668 0.7170537665344113 -0.0027764564752578713 -0.005269755879690141
1682382767.6472924 0.725514742464412 -0.002730300128459928 -0.0056266004200378195
1682382767.683774 0.7316627126204719 -0.0025481185317039468 -0.006020057064109352
1682382767.7194972 0.739400681171186 -0.0026626712083816506 -0.006514178741575005
1682382767.7723296 0.7455062885470372 -0.002743662744760511 -0.006882780280361489
1682382767.8171852 0.7552604988869989 -0.002568331956863401 -0.006205360419021089
1682382767.8733714 0.7634301782757591 -0.002468181252479551 -0.0059181619727426416
1682382767.9122944 0.7701066250165649 -0.0024265623092651345 -0.0057991451106413905
1682382767.9495356 0.7794704082178066 -0.002845255136489866 -0.007177637517366886
1682382767.9851062 0.7825292342429245 -0.0025449296832084634 -0.008884770182639778
1682382768.0196888 0.7877394065086336 -0.0027320919930934884 -0.008859657854744851
1682382768.0570018 0.7965379520758468 -0.0026748417317867257 -0.009007084643350094
1682382768.1297312 0.8051589779745189 -0.002595493048429487 -0.008716158682779529
1682382768.1875944 0.8126079480277182 -0.0025933435559272744 -0.008713530069413222
1682382768.2290049 0.8237637293847785 -0.0023923678696155526 -0.009516200833523891
1682382768.2650502 0.8315911776630347 -0.0023486627638339974 -0.009575438198271113
1682382768.30077 0.8379470526398686 -0.002275494337081907 -0.010142661028374356
1682382768.3349037 0.8448223045753772 -0.002247040569782255 -0.00982952551625349
1682382768.372298 0.8530739335571765 -0.0025270743668079354 -0.010262851361999559
1682382768.4275887 0.8577791846171128 -0.002845214158296583 -0.011733741055336422
1682382768.4971325 0.8738418266810805 -0.00297850504517555 -0.011108379897959653
1682382768.5338523 0.8770562747437168 -0.0030507123470306374 -0.010763830760804005
1682382768.5697124 0.8857014398548609 -0.0030327601730823495 -0.011610018432835378
1682382768.607301 0.8894532366891589 -0.002839168012142179 -0.012093066635530336
1682382768.6432757 0.8999551153916593 -0.0035118250548839547 -0.012508198680104998
1682382768.6839137 0.906607745899387 -0.003438317626714704 -0.01229011251949963
1682382768.7316465 0.9135448593487445 -0.003692747503519056 -0.012206630341798252
1682382768.7902067 0.9198696674239649 -0.003739417940378187 -0.01196221864831748
1682382768.8272138 0.9275158127692102 -0.004347724318504331 -0.012081136707139617
1682382768.8634937 0.9341433256296684 -0.004641768932342527 -0.012820846147234555
1682382768.898525 0.9418276447510362 -0.004760359823703764 -0.013297122879272871
1682382768.9334867 0.9475846485576631 -0.004791574031114576 -0.013803721177315653
1682382768.9706588 0.9541262129768355 -0.004753386080265043 -0.01371795163437084
1682382769.0263531 0.9620558773102129 -0.004528382271528242 -0.013695803879366641
1682382769.0703886 0.9687580466911127 -0.0044761835038661935 -0.013996596447088283
1682382769.1191845 0.9773346574871403 -0.0044413520395755746 -0.014145461195811615
1682382769.1551418 0.984752045636349 -0.0041494829952716805 -0.015547471651515599
1682382769.18894 0.9927733044429418 -0.004104112684726713 -0.016555458812348878
1682382769.2218745 0.9995002764966071 -0.004151941686868665 -0.01648368605365369
1682382769.2571137 1.010556732563581 -0.004551602005958555 -0.017739160153907196
1682382769.2931418 1.0134818876620093 -0.0036224810779094674 -0.017832929610079207
1682382769.343096 1.0211077228976708 -0.003981349468231199 -0.017990820010662212
1682382769.3960018 1.0283450500505433 -0.003975973874330518 -0.01882617519033669
1682382769.451016 1.0375942854099538 -0.0038049681484699227 -0.019067661903833466
1682382769.4918554 1.0470483622909441 -0.003596895784139631 -0.01897090095906928
1682382769.529727 1.059125125725687 -0.0037053874135017373 -0.018940195827284123
1682382769.567338 1.063320925907154 -0.0037751658260822274 -0.01920241287227764
1682382769.6021683 1.072905472578602 -0.003809777498245237 -0.018897168487839844
1682382769.6377487 1.0762661444772803 -0.00384048134088516 -0.01882949454514793
1682382769.6752994 1.085053660632364 -0.004104518741369245 -0.019157227099929397
1682382769.711458 1.0932334174582885 -0.004152627140283582 -0.020275925054902944
1682382769.7540007 1.0971480099481081 -0.0036911642551422097 -0.020286522288934572
1682382769.8247828 1.1089582931683728 -0.0034134811162948586 -0.019281222337539372
1682382769.8635418 1.1214907510946064 -0.003486697971820829 -0.018729033843473797
1682382769.898961 1.127837097130064 -0.0034673711657524087 -0.01991321994611761
1682382769.936521 1.1329565180310337 -0.003514868617057798 -0.019520011870230336
1682382769.973803 1.1422017429698688 -0.0035316063463687875 -0.01909221768928493
1682382770.013576 1.1468225783271189 -0.003502005189657209 -0.019519006364797198
1682382770.0723696 1.1537946407920132 -0.0033071203529834725 -0.019263331402711525
1682382770.1287923 1.1644279664395834 -0.002564226686954496 -0.01891825632299371
1682382770.1642463 1.1777377022028739 -0.002425984889268873 -0.019437324522368238
1682382770.1983533 1.1834888323824884 -0.0016538327932357766 -0.01970609662594147
1682382770.232307 1.189005503911701 -0.0014847418665885903 -0.019148824434462197
1682382770.2663822 1.1949817246102177 -0.00151162728667259 -0.020003960415831745
1682382770.3022625 1.199022416809066 -0.0013475170731544472 -0.019506464453698857
1682382770.3523808 1.2071997937099896 -0.001544298082590101 -0.019225206808958006
1682382770.410516 1.2157396036954788 -0.0018506063520908334 -0.01882113502710725
1682382770.4726064 1.2271632443256517 -0.0024255117774009682 -0.018402971509217103
1682382770.511856 1.237180968204675 -0.0027321664988994576 -0.018936624668944413
1682382770.5491123 1.2429032021751734 -0.0028703673183917977 -0.01862795427396291
1682382770.587401 1.2501431109176513 -0.0030673681199550606 -0.01898538836494912
1682382770.62372 1.2541432693978056 -0.0030925138294696786 -0.020072613913081794
1682382770.6843212 1.2629760378497275 -0.003288978189229963 -0.019765004712127388
1682382770.7716496 1.2726462887299212 -0.003318285048007963 -0.019565997473426133
1682382770.8130467 1.2887329177207962 -0.003360239267349241 -0.01870680633744959
1682382770.8516536 1.2931054053930742 -0.0036518885195255257 -0.019866589757527642
1682382770.8912866 1.297801865089651 -0.0037069520354270913 -0.019078344444926065
1682382770.9287784 1.305928312179552 -0.0040323971211910226 -0.018614152373471082
1682382770.9736943 1.3109916168512807 -0.004078903645277021 -0.018578366423946502
1682382771.0370162 1.320741620868391 -0.004038998335599897 -0.01953421945658329
1682382771.0925448 1.3303844191645855 -0.004058254361152647 -0.01968821600505466
1682382771.1319149 1.3373315997152657 -0.004779571145772932 -0.019760589630473557
1682382771.168142 1.3430635628705307 -0.004865856319665907 -0.019641570391735197
1682382771.204527 1.3494095348343476 -0.006156907826662061 -0.01941818093557357
1682382771.2555106 1.3566301862054866 -0.00693975895643234 -0.021651938767494494
1682382771.3140888 1.360986830805102 -0.007128351777791975 -0.021617378776648488
1682382771.3677838 1.3724515016626708 -0.007201430797576902 -0.02110322693078648
1682382771.4132 1.3784938305143224 -0.007258457541465757 -0.020665267265852272
1682382771.4521253 1.38211535148504 -0.007287324815988538 -0.020580720519357998
1682382771.487317 1.3855151808772705 -0.007134759277105329 -0.02162112071462552
1682382771.5217023 1.3876863391525283 -0.007023663669824598 -0.02161452372572059
1682382771.559345 1.3904929522853526 -0.006994170546531675 -0.021581498620691697
1682382771.6131885 1.3906855038859913 -0.006908455342054365 -0.021603493000628804
1682382771.682509 1.390946714858465 -0.007143983095884321 -0.021986214199209986
1682382771.7181776 1.3900032253639354 -0.007016905993223188 -0.022270831995411022
1682382771.7527885 1.3885528483699163 -0.0068233920633792855 -0.02243436248186459
1682382771.78721 1.386706917280584 -0.005782918483018873 -0.0224738602308705
1682382771.8333602 1.3838338665100172 -0.005900220423936842 -0.022605577395568677
1682382771.8889148 1.3816276313217546 -0.005989508181810377 -0.02285813709520812
1682382771.9361439 1.378777007083895 -0.0060148699581623055 -0.022882264254662
1682382771.972991 1.3774655339485513 -0.006047618985176084 -0.02294741517701704
1682382772.0073903 1.375476401707988 -0.006360267698764799 -0.02310436617011602
1682382772.0432544 1.3745268376538007 -0.0064259780943393685 -0.023186497929996497
1682382772.0774183 1.3734820255510616 -0.0064877955615520455 -0.023278170403207454
1682382772.112216 1.3721586173884506 -0.00621717184782028 -0.023219308346087653
1682382772.1728458 1.3718777856971645 -0.006472968906164167 -0.023276927480323062
1682382772.2185078 1.3705354944116364 -0.006481395512819288 -0.023358301685716842
1682382772.2594762 1.3697863784662296 -0.006468934416770933 -0.023386478767786212
1682382772.3002596 1.3692989817064165 -0.00652588292956352 -0.023421133761566404
1682382772.3374727 1.3690499135973273 -0.006490783244371412 -0.023436104082834586
1682382772.3731954 1.3688139087569346 -0.00650275260210037 -0.023363885814827734
1682382772.4088264 1.3681439510362183 -0.006500349789857862 -0.0234116153000401
1682382772.4445705 1.3679932628874993 -0.006531791239976881 -0.023431927347283832
1682382772.4813864 1.3678421892576909 -0.006499865502119062 -0.023487469429339658
1682382772.5385637 1.3677770945483285 -0.006511082351207731 -0.02352713120904726
1682382772.594007 1.36777988725248 -0.006507520973682401 -0.023544775867385237
1682382772.6378238 1.367784185041617 -0.006452990174293516 -0.023537638008195083
1682382772.6707773 1.3678313744312096 -0.006432713419198988 -0.02353133774145677
1682382772.7062201 1.367851317877152 -0.006406833827495573 -0.023550630674963102
1682382772.7424433 1.3678765868635023 -0.006412004530429838 -0.023511768257906684
1682382772.7770288 1.3677898775942667 -0.006425750851631162 -0.02357268324627171
1682382772.8307495 1.3678383959116291 -0.006412447839975355 -0.023600094920918746
1682382772.877951 1.3677768358732214 -0.006347005665302274 -0.023605443301082607
1682382772.9521055 1.3677213515842792 -0.006282606571912763 -0.023555702108811083
1682382772.9929967 1.3677449894751845 -0.006295812726020811 -0.023660748254689334
