1682382197.7980652 -0.00023081137967895238 -7.685407996177451e-05 -0.0005912169271125034
1682382197.8407323 -0.00031089085138721884 -3.909453749656455e-05 -0.0004997374754498463
1682382197.8789082 -0.000458128825919335 -0.00045773521065711753 -0.0006368481574934304
1682382197.9176357 -0.0002726283650056893 -0.0004987916350364663 -0.0006284009067205609
1682382197.9570353 -0.00022613000092994162 -0.00045691937208175437 -0.0007537875976444397
1682382198.004148 -0.0002532500076147526 -0.000403696149587629 -0.0008015751687047157
1682382198.0402563 -0.00024253707016136383 -0.00038844481110572593 -0.0005623221619306396
1682382198.0796506 -0.00024326323028805996 -0.00038418680429458396 -0.0005291768493054239
1682382198.1261306 -0.00014632961927871224 -0.00038656353950500266 -0.0005402008005315206
1682382198.1795611 -0.00014576153286663396 -0.0003803311288356759 -0.00042260429282392487
1682382198.2339487 -0.00016020115681081304 -0.00035215303301810996 -0.0005523533677953552
1682382198.2712567 -0.00015916365516796538 -0.00019232690334319846 -0.000556837070789129
1682382198.3086681 -8.07893082371558e-05 -0.0002510784566402413 -0.0005868128862336341
1682382198.345007 -0.00015189805393983624 -0.00025812670588493125 -0.00044785729223906223
1682382198.381522 -0.00017162315312768683 -0.00028396904468536155 -0.00031098535259532767
1682382198.4179187 -0.00011717532946339815 -0.00028581678867339866 -0.00034538117046611916
1682382198.4813333 -0.00012260652000514738 -0.00031133875250816123 -0.00018929337845041694
1682382198.5493467 -0.00017483915352403678 -0.00029644131660461204 -0.00024239581578155978
1682382198.5876188 -0.0001676134327321943 -0.0003030984103679635 -0.00024800215119591407
1682382198.626567 -0.0005133038371370469 -0.00013607874512672202 -7.957933122337835e-05
1682382198.6670403 -0.0003954769782588685 -0.0001636943221092202 -0.00018850590910513
1682382198.70306 -0.00038280988353464607 -0.00014238193631171958 -0.0002014788900905895
1682382198.7380803 -0.0002678571661388074 -0.00018730893731117026 -0.00041009424767768365
1682382198.7872734 -0.00023675062443473394 -0.0004056705534458138 -0.0004574745903709321
1682382198.8247766 -0.00023241276814678358 -0.00010687246918678062 -0.00041178194468938223
1682382198.8658128 -0.00034638713317633463 -0.00023068249225616233 -0.00053875360847222
1682382198.9143639 -0.00027980413221156963 -0.00024804234504699485 -0.0005714679352306629
1682382198.991117 -0.0005629897087724989 -0.0003258003294467904 -0.0007850870061494319
1682382199.0335875 -0.0006385390171633198 -0.00014804810285568015 -0.0007629668375384036
1682382199.0686643 -0.0005904975066427787 -0.00014291092753410117 -0.0006694922559380423
1682382199.1028535 -0.0005605479489845799 -0.0003243400156497933 -0.000702249405934996
1682382199.1383955 -0.0005263189975433236 -0.00032591953873634116 -0.0007149789039706533
1682382199.1737 -0.0006119700055588206 -0.0006863823533058144 -0.0007427786426743577
1682382199.2102869 -0.0005269284735020252 -0.0007522231340408303 -0.000803573377942346
1682382199.2670274 -0.0004869622741235924 -0.0006239613890647866 -0.0005663178832056026
1682382199.3094213 -0.000424606669924138 -0.0006108930706977822 -0.0007957077755866848
1682382199.364862 -0.000380545679334654 -0.0006063929200172402 -0.0007874156070613036
1682382199.403836 -0.0004340626794127056 -0.00048619642853736655 -0.0008762704947951061
1682382199.441663 -0.00044997775039015697 -0.00046093150973319785 -0.0005984842745687668
1682382199.4802594 -0.000493674547332984 -0.00026268273591995017 -0.000560685853997045
1682382199.5154579 -0.00033014372320486207 -0.0003287023305892922 -0.0005883100291479426
1682382199.5523486 -0.00036508363591195025 -0.0002613081037998177 -0.0005142658621666296
1682382199.5896432 -0.0003607183603963615 -0.00027695432305335776 -0.0004837303683609129
1682382199.6320446 -0.00044434513260876995 -0.0004303394258022286 -0.00044494615055357123
1682382199.684125 -0.00042587036629096464 -0.00033503904938697593 -0.000433995531335718
1682382199.7404835 -0.0003087373460622378 -0.00032270461320876853 -0.00042813399489616266
1682382199.7801313 -0.0004468258625997812 -5.1108598709104225e-05 -0.0003423026594382428
1682382199.8189085 -0.00037876446937881725 -6.434082984924094e-05 -0.0003883111520550653
1682382199.8558416 -0.0003653104310024913 -0.0001409924030303933 -0.00039300901953454037
1682382199.8940148 -0.0005323294530366618 -0.00014444202184676902 -0.0005151155458120726
1682382199.9327211 -0.0005412004814274174 -0.00010356441140174644 -0.0006695318761658076
1682382199.9681323 -0.00047980043304091113 -0.0003253979980945565 -0.0007177834491629564
1682382200.0184083 -0.0005132767918346881 -0.0004112100601196267 -0.0007654116691155899
1682382200.082344 -0.0003663254449654263 -0.000453335642814634 -0.00075018031453844
1682382200.1213806 -0.0004585681825932386 -0.0005036084353923775 -0.0007722226333695126
1682382200.1567 -0.0005003383408091477 -0.0004932148754596688 -0.0009691058845209266
1682382200.1979148 -0.00037995413144695234 -0.0004497072100639321 -0.00094756505367255
1682382200.2355077 -0.00025650437387472746 -0.00041419774293899314 -0.0008839759993088947
1682382200.270355 -0.00019797220110912006 -0.00041281566023826377 -0.0006817183269649529
1682382200.3046591 -0.00015515443036046017 -0.00046707823872566 -0.0006250288379285873
1682382200.3419068 -0.00016217958448774827 -0.00040996953845023887 -0.000611057373857804
1682382200.38878 -0.00015996361917916535 -0.0003890222311019875 -0.0006098722570593296
1682382200.4813497 -9.505105629828425e-05 -0.00037002325057983176 -0.0005920621898196643
1682382200.516976 -0.00012075485113532958 -0.0003921365737915017 -0.0006252171595215739
1682382200.5571864 -0.0006509465558454941 -0.0014516016840934731 -0.00062131245177377
1682382200.5929036 -0.0004789518626685807 -0.0010368092358112313 -0.0005452680155499934
1682382200.6301782 -0.0004384511874800101 -0.001009595990180967 -0.0005272472593966793
1682382200.666037 -0.00034843721752067514 -0.0008928938210010506 -0.0006637051437372588
1682382200.7048876 -0.00031212224067736494 -0.0008496618270874001 -0.0006641556909305901
1682382200.7564356 -0.00029742095469009744 -0.0008079721033573128 -0.0007067471331889674
1682382200.801978 -0.0002773035235784649 -0.0007532736659049966 -0.0006868817864345012
1682382200.8462172 -0.0002450068331564803 -0.0006264908611774422 -0.0005444226261523966
1682382200.8852773 -0.00022988637254847677 -0.0004855258762836434 -0.0005388916342106143
1682382200.9197452 -0.0001424505210922966 -0.0004969252645969369 -0.0005212674061543243
1682382200.956571 -0.0001719580827473921 -0.0006185820698738076 -0.0005954333149831292
1682382200.990575 -0.00018849915540924966 -0.0006421706080436684 -0.0006171487884121252
1682382201.0299678 -0.00016453535776453365 -0.000624609589576719 -0.0005785904021413657
1682382201.0840786 -0.0001709709135820081 -0.0007034516334533669 -0.0006063648933534171
1682382201.1631303 -0.0001965981788002169 -0.0006488873064517953 -0.0007261702728311725
1682382201.2024894 -0.00047974329293179463 -0.0004330030083656289 -0.0006245616352156258
1682382201.2377377 -0.0004759558358267135 -0.0003908737003803231 -0.0006207913506954821
1682382201.2732263 -0.0005132806090544229 -0.0003881616890430428 -0.0007094327440180237
1682382201.305832 -0.00044888806054588226 -0.0006903944909572579 -0.0006053525351066291
1682382201.351234 -0.00045392869195853836 -0.000649595111608503 -0.0006076338706750839
1682382201.3966951 -0.0003395198521446985 -0.0005738674104213692 -0.0006929791592182877
1682382201.4703665 -0.00027109381289167067 -0.00047032296657562034 -0.0005964554072146466
1682382201.5062127 -0.0002775868142158022 -0.0004163733124732949 -0.0005312525354523867
1682382201.545518 -0.0003296265770856288 -0.00039544835686683433 -0.0005340954110029106
1682382201.5812645 -0.00027455570440867993 -0.000517555922269819 -0.0004841929801187028
1682382201.6156871 -0.00018916896350112955 -0.0004976703226566292 -0.0005076112436486202
1682382201.6518865 -0.00016854356557380323 -0.0006326897442340829 -0.0003917562783077866
1682382201.6935863 -0.00020975431364436692 -0.0006464844942092873 -0.00047713073721045163
1682382201.748953 -0.00022731224606167832 -0.0006456127762794472 -0.0004897064948852226
1682382201.8052983 -0.0003895307759038402 -0.000785408020019529 -0.00038216584286021593
1682382201.8425162 -0.0003738362709024834 -0.0007598003745079018 -0.000259157403519783
1682382201.8766963 -0.00046964977051006107 0.00016014888882637246 -5.614900188755101e-05
1682382201.9138222 -0.00048169544103521256 0.0002456927299499534 -0.00013445414302748482
1682382201.951307 -0.0004751572071224619 6.684899330139382e-05 -0.00042834555400639296
1682382202.0068443 -0.00045391452400031507 -0.000182492136955259 -0.0004831422915139161
1682382202.0686166 -0.0003342871456061547 -0.00023014605045318381 -0.00047823015923942336
1682382202.1140969 -0.000437451111176157 -0.00023179262876510398 -0.00027606702130733574
1682382202.1515 -0.0004149534670473132 -0.00022187590599059837 -0.00023221087331903867
1682382202.1918824 -0.00037358332385961646 -0.00029114022850990073 -0.00022202426563344702
1682382202.2299883 -0.0004121252384697016 -0.0003558485209941842 -0.00024519877414874713
1682382202.2670054 -0.00045703638402230795 -0.00017643108963966148 -0.0001375170661230829
1682382202.3023229 -0.00032633930636211117 -0.00034146144986152427 -0.00031252097347622687
1682382202.3368442 -0.0003009843508809673 -0.00040584564208984153 -0.00033679487788806917
1682382202.373433 -0.0002926182472494099 -0.0004653944075107552 -0.00042303046321867654
1682382202.4311228 -0.00024579062451116074 -0.0003763376176357247 -0.00048537941242288163
1682382202.4794693 -0.0002854629168428935 -0.0005112266540527322 -0.0005253206708863978
1682382202.5312989 -0.0001418748682723847 -0.0004987469315528847 -0.0005497652706170086
1682382202.5700636 -0.00011888523780748117 -0.0005080564320087411 -0.0004908453372678423
1682382202.6090262 -0.00019318586495742363 -0.0005176155269145943 -0.0005053057286725782
1682382202.6453228 -0.0004595906417984297 -0.00024281203746795432 -0.0005569511433747287
1682382202.6810637 -0.00036562122528610574 -0.0003899349272251107 -0.0005779108213936901
1682382202.7170036 -0.00038706176870523246 -0.00039708748459815757 -0.0005965294359264739
1682382202.7509758 -0.0003793973055103983 -0.00047544896602630393 -0.000487768414555001
1682382202.796158 -0.00036435918899044295 -0.0004966458678245522 -0.0005062325930167422
1682382202.865922 -0.00036157736542966057 -0.000485514700412748 -0.0003696666699868345
1682382202.9198525 -0.00039333710011510425 -0.0004901973903179146 -0.00036170730484474944
1682382202.9540877 -0.0002496718277053278 -0.0004908195137977578 -0.00034640167413435563
1682382202.9905453 -0.00022240580678045685 -0.0005190236866474129 -0.0003383531623004643
1682382203.0263624 -0.00021761861899191604 -0.0005306577682495095 -0.0003612691438141802
1682382203.0621207 -0.0002737711508019325 -0.0005340999364852883 -0.0003826990316559975
1682382203.0976257 -0.00030007844623614055 -0.00046604633331298606 -0.00032612664223985455
1682382203.134024 -0.00022833058910518012 -0.0005060298740863778 -0.00048068621181363014
1682382203.1884654 -0.00019589911065429066 -0.000519016236066816 -0.000501622033513005
1682382203.2331498 -8.354516010461444e-05 -0.0004907114803791024 -0.0005248843963678862
1682382203.28762 -0.00024102729347669216 -0.0004161795973777749 -0.0005072223616604532
1682382203.3237 -0.0002466840302071671 -0.000460279583930967 -0.00043875496346257314
1682382203.3602195 -0.0003748068562419993 -0.0004994137585163094 -0.00036066066132822705
1682382203.3992388 -0.0003865513244458163 -0.0004942952096462228 -0.0006674028156090639
1682382203.4347756 -0.00047695829671362544 -0.00035347551107406394 -0.0006715688595808622
1682382203.46991 -0.0005435443754886471 -0.00040043279528617637 -0.0007079632331785657
1682382203.5298102 -0.0005770695641051093 -0.00035713374614715354 -0.0008697005811122427
1682382203.6253207 -0.0005874644030620102 -0.00040638208389282005 -0.0008492136682607399
1682382203.6620307 -0.00048657460509696215 -0.0003695426881313302 -0.0010129378279619683
1682382203.6996245 -0.0004215680875630512 -0.00020358473062515037 -0.0007851715340152499
1682382203.7373848 -0.000396352716588555 -4.651159048080222e-05 -0.0007811644692738984
1682382203.7756457 -0.0003026588688757881 -3.4770369529701917e-06 -0.0008320969098183362
1682382203.8108065 0.00020256650082917105 -9.178504347800986e-05 -0.000637325560915114
1682382203.8492582 0.0003672163513291915 -3.9608627557752296e-05 -0.000625744164329145
1682382203.8969245 0.0004935413438556524 8.171945810320214e-06 -0.00063183592537297
1682382203.983444 0.0006404264080592248 1.9526630640032128e-05 -0.0005973911761905093
1682382204.0362272 0.0007440371412810454 -3.587961196899192e-05 -0.000770766569079484
1682382204.0815477 0.0007384133239117519 0.00013273447751999123 -0.0009212009328369852
1682382204.1210518 0.0009352717678524913 0.0001623542606830619 -0.000831737709481084
1682382204.1640706 0.0007210584097804285 0.0002305792272090934 -0.0009485669797408836
1682382204.1998978 0.0007301209387528262 0.00018318608403206094 -0.0009613622639850217
1682382204.238329 0.0007254357189482585 0.00020713225007057412 -0.0008853266666584148
1682382204.3246422 0.000938265758711393 0.00017519533634186013 -0.000858324179328962
1682382204.3675723 0.0009601082548186257 0.00018150970339775307 -0.0008426694118104372
1682382204.423846 0.000967186993037078 0.0001708739995956443 -0.0007852618374302178
1682382204.4661293 0.0009683072112038893 0.0001783283054828666 -0.0007747022356239253
1682382204.5016391 0.0009047331958640104 0.00018625572323799355 -0.0008428145883181415
1682382204.537883 0.0008797302514028937 0.0002576322853565238 -0.0008015741678446542
1682382204.5745008 0.0008825703701207388 0.0002840855717659019 -0.0006710926089090741
1682382204.609798 0.006193641931405314 0.00015346571803093179 0.002467640534266957
1682382204.6637452 0.017396478275870708 0.0006028735637664817 0.00615377014658125
1682382204.727578 0.035390225169019685 -0.0005561313033103921 0.008158870496479453
1682382204.7706332 0.05902369365322732 -0.0005385293066501595 0.01019697169229894
1682382204.8065238 0.07592838936512494 -0.0012309825420379616 0.01123149790662592
1682382204.847294 0.09517117543020945 -0.0011075487732887246 0.010196379232729313
1682382204.8843567 0.12187972851913176 -0.0011239251494407632 0.009241238491948467
1682382204.9365804 0.14524995235120727 -0.0011168172955512978 0.0075030330578260696
1682382204.9766178 0.1720200038050771 0.0005228617787361167 0.005187299434306958
1682382205.016876 0.2062328008415758 0.0027680718898773216 0.0038897427646347182
1682382205.0670369 0.2203252643893298 0.0045798668265342735 0.0036957071042036382
1682382205.1178 0.26081488026364463 0.008438619375228884 0.0037251290345472476
1682382205.1701114 0.29940282040811983 0.009739751517772677 0.0037983211060075295
1682382205.209936 0.33408026589852663 0.00995685398578644 0.002256414579197674
1682382205.2466762 0.3722418456747336 0.010203721523284914 0.000864152883754965
1682382205.2820837 0.39621131886320304 0.01038775831460953 0.0005905042003371275
1682382205.3191204 0.4229119078785871 0.011492575109004977 -0.0014860497001234485
1682382205.3561857 0.4463987202498396 0.012416685521602633 -0.004448887173050808
1682382205.400569 0.4722813828998971 0.01347691059112549 -0.004279344120373452
1682382205.4544582 0.5074304579153353 0.01487473636865616 -0.004268787030195176
1682382205.5131006 0.5460191463570305 0.015560085475444796 -0.004152707826765578
1682382205.5545106 0.5926414884449298 0.016303504407405855 -0.00591841557784023
1682382205.5930164 0.6177350454018243 0.01651331275701523 -0.004840177143375035
1682382205.626213 0.642288812706715 0.016714940369129183 -0.0036464367081494586
1682382205.662326 0.6680710977644405 0.01691954076290131 -0.004106042090928463
1682382205.7005808 0.704527434930465 0.018323788940906527 -0.0028329020503328195
1682382205.74486 0.7285518377763326 0.018421786427497866 -0.004133865439803763
1682382205.8137534 0.7648119187208136 0.017849678695201876 -0.0030807366377822998
1682382205.8664508 0.8110504500255612 0.01600885629653931 -0.0023846660584752044
1682382205.9050395 0.8492287435878542 0.012860121726989748 -0.0020042150801558023
1682382205.9413555 0.8725596713165352 0.009014310836791994 -0.002423804995253631
1682382205.9768791 0.8980434507879227 0.006569745540618899 -0.003958131843161183
1682382206.0087798 0.9209307401933651 0.005286450088024142 -0.004357788642695759
1682382206.0437276 0.9442627048104113 0.004076103270053866 -0.004945980169220876
1682382206.0832853 0.979883457638439 0.0017006905376911186 -0.007405337031098469
1682382206.1354923 1.004490280878688 0.0002841898798942588 -0.00913465607296371
1682382206.1921341 1.0558751842753324 -0.006679953485727308 -0.01066502108131906
1682382206.2380385 1.096209743645616 -0.012909123152494428 -0.01046933381369497
1682382206.2743392 1.120729541987631 -0.015605007708072667 -0.01154128444707525
1682382206.315767 1.14819937062553 -0.01886721089482308 -0.010357382106804147
1682382206.350869 1.1819133514488918 -0.02062948182225228 -0.012117468493626937
1682382206.3856862 1.2099826685143849 -0.020931520909070973 -0.012523499700463736
1682382206.4226289 1.2315090737591217 -0.021602129042148595 -0.012394465185595616
1682382206.4639773 1.2558793727042514 -0.021749069392681127 -0.011438954698627768
1682382206.5339487 1.2959462767503007 -0.022079584598541264 -0.010641129800301519
1682382206.5743005 1.3305246154453558 -0.02221145242452622 -0.010590144142746505
1682382206.6125972 1.37018455020989 -0.022266761809587483 -0.01059221476219352
1682382206.6484745 1.4068195954685472 -0.022128840386867528 -0.010563515015480363
1682382206.6870267 1.4340406882588466 -0.022450779974460607 -0.010083384022243624
1682382206.724596 1.459708996806312 -0.023329181075096135 -0.010976115617184368
1682382206.7740035 1.4981520185284016 -0.025560592710971837 -0.009951488388217244
1682382206.8268397 1.5328228919135884 -0.025780984610319142 -0.01063577520878245
1682382206.8858695 1.5743692945738914 -0.026153778135776524 -0.01037562576203288
1682382206.926867 1.6096460147395062 -0.026822307556867604 -0.012089975502602934
1682382206.964468 1.6486910431239723 -0.02816179528832436 -0.011942347101509654
1682382207.0025256 1.671067744222764 -0.028368288129568105 -0.011123720136570592
1682382207.0370781 1.6998308327591454 -0.029050617888569837 -0.011521412052677427
1682382207.071593 1.7232289127416731 -0.028978106975555425 -0.012706906806678964
1682382207.1146238 1.7486449227574448 -0.028791024759411817 -0.01280587811877476
1682382207.1752295 1.7829716666756867 -0.028729391694068913 -0.014567885652135848
1682382207.2406256 1.8346230364222615 -0.030116501674056058 -0.015308728186229192
1682382207.283325 1.8850311976878278 -0.033546808585524564 -0.016288672229173073
1682382207.3256495 1.9008709117963571 -0.03437309473752976 -0.017262053597984606
1682382207.3601937 1.9355053733817942 -0.03551408968865872 -0.018015361338246993
1682382207.4049006 1.9724279023229692 -0.0358229460567236 -0.01870358468015776
1682382207.4413598 1.9962674614926752 -0.03678803652524949 -0.017949374098631177
1682382207.5183651 2.0333214164301454 -0.037651990950107586 -0.018375474203707887
1682382207.569663 2.0895705849025905 -0.03995707765221597 -0.019438148537837874
1682382207.631945 2.130507226191138 -0.04262571543455125 -0.01820805000910486
1682382207.6701374 2.166498371547579 -0.04303842917084695 -0.01754567128447837
1682382207.709489 2.1924101195992254 -0.04329851031303407 -0.018208391567556603
1682382207.7461026 2.226945636017555 -0.04334917426109315 -0.019965919691178557
1682382207.7816563 2.2514070450020673 -0.043436141163110745 -0.01998673769804471
1682382207.8182173 2.2742867547588945 -0.04525318875908853 -0.019636247821414266
1682382207.8532805 2.298620733468883 -0.04552140872925521 -0.020235169663748165
1682382207.8894749 2.3119839368462585 -0.04664641659706832 -0.021123841278323008
1682382207.954347 2.3461687925491375 -0.04888570535928012 -0.022366458988576587
1682382208.0130122 2.3921252015689123 -0.05116070475429298 -0.02232951938952854
1682382208.0647614 2.441282392991889 -0.052566846776753676 -0.02358189626712126
1682382208.0986247 2.476768877145522 -0.054221298024058354 -0.022508993926402487
1682382208.1353998 2.502592726521604 -0.05544180976226927 -0.023976888694304144
1682382208.1747456 2.5262370771329508 -0.05575815862044693 -0.02372718748489011
1682382208.2107563 2.550691279933665 -0.056717670001089585 -0.022816892706657432
1682382208.250915 2.588380953752981 -0.056944701299071324 -0.021263608417458668
1682382208.286596 2.612896223686597 -0.057136773075908434 -0.022952272088166525
1682382208.3313298 2.6383655464079467 -0.05752663215622307 -0.023274640458085694
1682382208.415977 2.662729415311794 -0.05762298935092987 -0.023731462282249982
1682382208.4640055 2.7302648211714917 -0.0591514013381675 -0.024342147757821397
1682382208.5005012 2.7708413442632347 -0.06283536454662682 -0.025217888280690604
1682382208.5379524 2.792859912774954 -0.06287590036168696 -0.02844338233827859
1682382208.576192 2.816160559216326 -0.06301419245079161 -0.028762316741925975
1682382208.6157966 2.8399220826563343 -0.06438690977171065 -0.029642447717979303
1682382208.653014 2.8742420989282063 -0.06683298939839007 -0.03224555288213393
1682382208.6929479 2.901806396936601 -0.0679453904181719 -0.03537280556324429
1682382208.7309268 2.9367358643530403 -0.06841578282415868 -0.036783458176525397
1682382208.7675323 2.9610985331134794 -0.06967577658593656 -0.036152507085000396
1682382208.8238168 2.9858310796730767 -0.07090553589165212 -0.03819983164360519
1682382208.860879 3.0205667806546113 -0.07118306536227466 -0.03929230298019637
1682382208.8989155 3.0578724006897593 -0.0713420318812132 -0.04031107606696693
1682382208.935581 3.081766996015655 -0.07142951939255 -0.040568419545848444
1682382208.9766212 3.1072047996326586 -0.07164070609956981 -0.04122931410841124
1682382209.0125768 3.143993950745261 -0.07244106795638801 -0.04248412242435773
1682382209.048618 3.1642914074162225 -0.07299247425049545 -0.0393610101081745
1682382209.0840695 3.1796946076152715 -0.07339552178978921 -0.04171262487887928
1682382209.1202197 3.210142538734305 -0.07496107503771783 -0.0409363810440424
1682382209.1643596 3.2214710516633733 -0.07553033199161292 -0.03998634225822051
1682382209.2207048 3.2575116299841342 -0.07626065373420716 -0.039014261156472774
1682382209.2787633 3.2935954888734345 -0.07835736632347108 -0.03966555704076913
1682382209.315705 3.3231165343995435 -0.0789217869192362 -0.039624991230996054
1682382209.3566473 3.3385719104271945 -0.0808941660821438 -0.04291907529299421
1682382209.393546 3.3528003841481957 -0.0818936037272215 -0.04303815109331466
1682382209.4308364 3.372868435156599 -0.08230348624289037 -0.042638939553293564
1682382209.4670618 3.391733396738516 -0.08391073480248454 -0.04251728441286384
1682382209.5029032 3.4043089751613316 -0.08420561015605929 -0.04346124480044411
1682382209.550858 3.41889445067853 -0.08473830804228785 -0.044407990927126884
1682382209.620755 3.4431284717509363 -0.08485426142811778 -0.044426222874163424
1682382209.6612747 3.4577185283498943 -0.08503334917128089 -0.044019095500055894
1682382209.699745 3.47385147846409 -0.08515908516943457 -0.044605523812234926
1682382209.7424662 3.4822108125874576 -0.08564770355820658 -0.04482386645900993
1682382209.7801955 3.491290803572651 -0.08643110975623133 -0.04564268485400058
1682382209.815986 3.502331379828892 -0.08705647982656958 -0.04610856190789647
1682382209.8523703 3.507649813564036 -0.08736799605190756 -0.04607636097272838
1682382209.9012716 3.5136288151431048 -0.08755993977189067 -0.0459495151305771
1682382209.958942 3.5295013155150077 -0.087929712086916 -0.04599193087612896
1682382209.99416 3.5314009770687864 -0.08854876779019835 -0.04691642850241684
1682382210.0352833 3.5350825150610743 -0.08868288941681388 -0.046941194709236855
1682382210.0714734 3.5390212392113587 -0.08884551696479323 -0.047335037942271674
1682382210.1164896 3.5403945304712723 -0.0889177689701319 -0.04817367908815395
1682382210.1610234 3.5437412849756273 -0.08961980365216735 -0.048267954870437
1682382210.2071958 3.545256641496006 -0.08974582463502886 -0.04873031112190329
1682382210.2485998 3.5469763432378274 -0.09004503063857558 -0.048801568754567315
1682382210.2974145 3.5473463711683797 -0.09027701377868655 -0.05008035898892116
1682382210.3416972 3.5474059555356328 -0.09060129843652251 -0.04937722057932126
1682382210.3756247 3.5459802640430653 -0.09069387748837474 -0.04949976939508183
1682382210.409574 3.5454391993870447 -0.09072636574506762 -0.049931231645572005
1682382210.4449604 3.5445753520038057 -0.09061288408935073 -0.05013296807469181
1682382210.48203 3.5444086586347576 -0.09080361522734168 -0.05021268605266527
1682382210.5188909 3.5423969544843597 -0.0908745335787535 -0.05013085608504597
1682382210.5573838 3.5413904178387035 -0.09051051124930384 -0.05030523833468359
1682382210.618344 3.540114354073507 -0.09048278018832209 -0.05038866953236276
1682382210.667036 3.5398471074683764 -0.0903945988416672 -0.05002367670180563
1682382210.7200065 3.5393156995032187 -0.09035995177924636 -0.049903935796507204
1682382210.755672 3.5391956960465003 -0.09026164509356024 -0.049991224083396846
1682382210.7925155 3.539125702288475 -0.09012786619365218 -0.050037934451891974
1682382210.8293111 3.5390720582212123 -0.09003806062042716 -0.05000588558180841
1682382210.8657353 3.5390052841566573 -0.0901290359348059 -0.05017418045701394
1682382210.929819 3.53901043344252 -0.09011491522192958 -0.050458353979889736
