1682381761.3575165 0.0009842187956843607 -0.0007143220305442788 -0.00036056765775160926
1682381761.3933787 0.00096218436945264 -0.0007384581863880135 -1.9827678549466654e-05
1682381761.4459991 0.0009039367883669769 -0.0008537000417709328 -5.1269158129141346e-05
1682381761.5045388 0.0008349423791537136 -0.0010389326512813546 0.00034954533607023386
1682381761.5468152 0.0008643888538722999 -0.0010244859755039193 0.00028226841700318417
1682381761.586065 0.0008660375392166575 -0.0010318210721015908 0.00021801671195875727
1682381761.624097 0.0008548035693994593 -0.0008764392137527444 8.950227950510481e-05
1682381761.6579547 0.0008940472227693397 -0.0008407174050807931 5.840380650079524e-05
1682381761.6939962 0.0008375646129377967 -0.0009940019249916054 -6.369718733578722e-06
1682381761.7306638 0.0008209635880274402 -0.0009878104925155617 -1.7942723469666078e-05
1682381761.767612 0.0007974334502771352 -0.0010357326269149758 1.1707258511517438e-06
1682381761.8091245 0.0008268244841874162 -0.0010597719252109505 1.4457990596516979e-05
1682381761.8685598 0.0008021334662152435 -0.0010175941884517647 -0.00014433075275865903
1682381761.904059 0.0007978849235325269 -0.0010511329770088174 -0.00015468882589875221
1682381761.939335 0.0008024326941296622 -0.0010136416554450967 -0.0002537674835307868
1682381761.9755101 0.0008231759799377791 -0.0009975931048393227 -0.00021704127556598785
1682381762.0119345 0.0008517716044796064 -0.0011289133131504037 -0.0001516341689558054
1682381762.0488055 0.0008624861632707259 -0.0010031661391258218 -0.00013021026423465365
1682381762.0847714 0.0009230082118965588 -0.0007201074063777901 -0.0004305908340545006
1682381762.1212656 0.0009250477255167422 -0.0007902508974075295 -8.733321075293787e-05
1682381762.18563 0.0008850617522748183 -0.0008043958246707894 -0.00020702161531471752
1682381762.2261934 0.0008799880137932148 -0.0010396516323089577 0.00022874092788849332
1682381762.2727008 0.0009226421262751305 -0.001363297402858732 0.0002842286426203433
1682381762.3102663 0.0009427648847100956 -0.0012286803126335122 -3.858387276634012e-05
1682381762.3463514 0.0010566938160358752 -0.0011026500165462472 -0.00021466560372163102
1682381762.3810894 0.001079502374124519 -0.0012743858993053414 -0.0002391862926656163
1682381762.4210794 0.0010381596168933527 -0.0012135444581508614 5.82152125951918e-05
1682381762.4836204 0.0010942596213371625 -0.0011165155470371224 -0.00023176374123790033
1682381762.5181525 0.0010729998468832491 -0.0011196522414684273 -0.00026696413524196494
1682381762.5643644 0.0010869403108793585 -0.0011498494446277596 -0.0002660278136950023
1682381762.5991197 0.0009896761575451662 -0.00099239259958267 -0.0004660461545362704
1682381762.6334531 0.0010096042988547715 -0.0010010091960430123 -0.00047519438510645884
1682381762.6676183 0.0010849392376099387 -0.0010282783210277535 -0.0004600854426992651
1682381762.7192113 0.0010930641979337574 -0.0010337246954441048 -0.0005094513321819427
1682381762.7902794 0.0011115365265345345 -0.0009442320466041543 -0.0006903098746131597
1682381762.8383377 0.001188470790959073 -0.0010006329417228677 -0.0005188806796050383
1682381762.8805506 0.0011732916756692358 -0.0009172199666500069 -0.0005812292320408474
1682381762.9184253 0.001213369837225059 -0.0008818632364273049 -0.0006026179098501672
1682381762.9529476 0.0011949265298229206 -0.0009432746469974496 -0.0005469649360601014
1682381762.9896872 0.0011188219666780908 -0.0009937523305416085 -0.0002354282962335752
1682381763.0295212 0.0010793217486713136 -0.0008030323684215523 -0.000333369153682872
1682381763.092647 0.001094003707718172 -0.0008509768545627572 -0.0002691357444899456
1682381763.1306148 0.0010803299247112153 -0.0008562295138835885 -0.00016955890045711186
1682381763.1713517 0.001070769160921553 -0.0007715424895286538 -0.0003435845332211418
1682381763.2077794 0.001056465110100907 -0.0008982098102569558 -0.00019056664033612059
1682381763.2431571 0.0010370554124772557 -0.0009070573747158028 -0.0001941638208080576
1682381763.286422 0.0009387653591269862 -0.0008735074102878548 -0.0007043267695325817
1682381763.3243632 0.0009659195385438857 -0.0008799149096012093 -0.0008340235132870966
1682381763.360462 0.000918255291190162 -0.0014088800549507119 0.0001280076151990439
1682381763.415353 0.0009759539176475984 -0.0013933977484703042 0.00033320753687515747
1682381763.4767578 0.0010648698040508497 -0.0013507878780364968 -0.00027429376695398133
1682381763.5239286 0.0009161006099611402 -0.0013308277726173379 -0.00041613605364498873
1682381763.5620089 0.0009502776150359937 -0.0012446022033691384 -0.00039652200944284566
1682381763.6002302 0.0009502600996237343 -0.0012162490189075448 -0.00019015211458439651
1682381763.6374547 0.001061744713768381 -0.0013248561322689034 -0.00038760196861131746
1682381763.675037 0.0010392622436713184 -0.0013425028324127175 -0.0004026919692388109
1682381763.713029 0.001071208121323719 -0.0011407448351383187 -0.00034177219004472015
1682381763.753135 0.0009446398050013127 -0.0012140101194381692 4.001561976663126e-06
1682381763.8003652 0.0009150656940164481 -0.0011033242940902688 -8.031314590017935e-05
1682381763.8654923 0.0009214609234677873 -0.0010788156092166878 -0.0002994933192721483
1682381763.9046085 0.0009860579497145139 -0.0009326910972595193 -0.0003525979652101441
1682381763.9388118 0.0010026013692191749 -0.0008783577382564522 -0.0004588346397531584
1682381763.9751403 0.000983255855708992 -0.000834321081638334 -0.0003596609772607007
1682381764.013297 0.0009068601122450004 -0.0008323913812637307 -0.0005613802717214789
1682381764.0507991 0.0008931547839172715 -0.0008322721719741799 -0.0005978736467271428
1682381764.0859919 0.0008828882893514578 -0.0007945498824119546 -0.000514359046249302
1682381764.1330163 0.0008953351309459179 -0.0007529570162296273 -0.0004917742290284632
1682381764.181516 0.001065062446769266 -0.0002355961501598336 -0.0004689577694017011
1682381764.2184646 0.0010958209664899687 -0.0003650499880313851 -0.0003072395118495219
1682381764.2576141 0.001038620078268604 -0.0003748437762260415 -0.00031368269571308005
1682381764.2949026 0.0010309375946382648 -0.0009321621060371377 0.00011801047236037476
1682381764.331916 0.0012454376935938372 -0.0011360807716846444 0.00013936732639097116
1682381764.3689501 0.0011784561231487356 -0.0011097727715969063 5.7955023598399436e-05
1682381764.4057634 0.001171276099248858 -0.0008782497048377969 2.571474470691726e-06
1682381764.447441 0.0011704560202228653 -0.0008600814640521981 3.953155784297557e-05
1682381764.522877 0.0011822272069783313 -0.0013036145269870736 0.00024064281512692354
1682381764.5628223 0.0012144669569169042 -0.0013406811654567696 0.00014199504379708294
1682381764.5986388 0.0012658434104530492 -0.0012617571651935555 0.0001339431066700314
1682381764.6335943 0.0012111580124101462 -0.0012452429533004739 0.00015519760569349117
1682381764.6678276 0.001254873739028467 -0.001251639276742933 2.0122990314064282e-05
1682381764.7051094 0.0012241401923763218 -0.0012297941744327523 -2.641310698070498e-05
1682381764.7441795 0.0012114403520943895 -0.0012991441786289193 0.00020128409867847807
1682381764.8056946 0.0012703893427064572 -0.0011496706306934334 0.00022213777535706747
1682381764.8574839 0.0013589504590842683 -0.001425204277038572 9.324612895977857e-05
1682381764.8980827 0.0013906469337938432 -0.0012262625992298104 6.761854661241351e-05
1682381764.9363184 0.0012764661920996456 -0.0010816691815853097 7.19308575838351e-05
1682381764.9741488 0.001260109177756874 -0.0007543949782848336 2.6114186526093874e-05
1682381765.0130472 0.0013744127592396072 -0.0008375918865203835 3.827948967027872e-05
1682381765.0480013 0.0014407039119832543 -0.0010014972090721108 4.493884898693068e-05
1682381765.083002 0.0014595887987568223 -0.0010126134753227212 -3.078416979107601e-07
1682381765.1446252 0.001285720705323734 -0.0009801550209522225 -4.815807187075194e-05
1682381765.2130592 0.001199650423371279 -0.001019386053085325 -0.00012169308061382722
1682381765.2525153 0.0014456420549948945 -0.0008718571066856362 -0.00013647760875623582
1682381765.286629 0.0014611689007749118 -0.0006323656439781167 -0.0003119930591788389
1682381765.322292 0.0014230122373373177 -0.0005931420624256112 -0.0002586395184247525
1682381765.3555315 0.0012926062923246384 -0.000872557461261747 0.00014459232661012678
1682381765.3920763 0.0012721385082776482 -0.0006737685203552224 -3.94084301478248e-05
1682381765.4272394 0.0013569793485313508 -0.0009968741238117196 3.7526450472169515e-05
1682381765.4838538 0.0014554297121981141 -0.0010306550562381722 5.701480655817548e-05
1682381765.5422676 0.0014749804408694944 -0.0009718811511993386 -3.820975755131073e-05
1682381765.5773234 0.0014697738549986628 -0.0010175979137420632 -5.804509087581344e-05
1682381765.6132097 0.0015540767379113862 -0.0008616870641708352 0.00021449137971063514
1682381765.6491764 0.0014161523201081105 -0.0009221336245536782 0.00032670914584498334
1682381765.6836545 0.0014146678045093009 -0.0009060440957546212 2.215143551209664e-05
1682381765.71836 0.0015207252807113714 -0.0009123286604881264 -9.303671807403546e-06
1682381765.752794 0.0014417046110000997 -0.0009187473356723763 -5.022267615562015e-06
1682381765.786998 0.0010539890901825888 -0.000931737422943113 -2.2275762423085155e-05
1682381765.8218033 0.0010811588647320625 -0.0009488812088966347 9.75898284250043e-06
1682381765.8631988 0.0011375475511951616 -0.0009291557967662789 -0.00017194740476633719
1682381765.9179535 0.0011397870321065706 -0.000921906381845472 -0.0001994071407767084
1682381765.9727025 0.0012011968050427146 -0.0009961774945259072 -0.00015945232775682605
1682381766.009067 0.0012632788451409638 -0.0008218525350093819 -0.0004312281618250591
1682381766.0438588 0.0012735824154524733 -0.0007987408339977242 -0.00047583005013684954
1682381766.0802252 0.001374196325316046 -0.0016210912168025948 -0.00026836321590728573
1682381766.1178412 0.001377052165298237 -0.0012250593304634072 -0.0002653557018386099
1682381766.154656 0.0013081960028020478 -0.0011509931087493874 -0.0002899278286498941
1682381766.2631652 0.0013827187184457523 -0.0011058202385902383 -6.896619374141544e-05
1682381766.3091156 0.0012994189658113164 -0.0010389587283134438 -0.0001637277241852697
1682381766.3459554 0.001270380712621949 -0.0009985505044460274 -0.00017854899511582367
1682381766.383571 0.0012105520189754915 -0.001146835684776304 -5.2874509004263714e-05
1682381766.4223413 0.0012010418488650476 -0.0009878216683864571 -0.0002982739669858958
1682381766.4604545 0.0012791404968915954 -0.0014279125630855538 0.0005034261463039424
1682381766.4983246 0.001287548549220252 -0.0012946775555610635 0.00030320533416094975
1682381766.5346255 0.0013125589781532165 -0.0011865100264549233 0.0002966985990766613
1682381766.5715616 0.0013007796181677966 -0.001057290881872175 4.163691043390649e-05
1682381766.6121988 0.0012426123580983606 -0.0008554360270500161 1.1273676363998675e-05
1682381766.655459 0.0012939222742226475 -0.000905768424272535 6.432993934035736e-05
1682381766.6969254 0.0014336503454659144 -0.0009739822149276711 9.793910654209981e-05
1682381766.7512426 0.0014720892741005576 -0.0009577362239360787 9.246243189342529e-05
1682381766.7895133 0.0014023151852252114 -0.0008820569515228249 9.577424930862222e-05
1682381766.8356047 0.0013978985721518067 -0.0008571347594261147 1.1405522583718408e-05
1682381766.874694 0.0013790299896289104 -0.0007453685998916604 -1.3291026371931025e-05
1682381766.9195325 0.001331967007760726 -0.0008306740224361397 8.998609565291638e-05
1682381766.9629195 0.0012945137714589772 -0.0008983252942562081 4.848486415265363e-05
1682381767.0037541 0.0012800346991040101 -0.0009263469278812386 0.00015148280537058412
1682381767.0449347 0.001836915650638482 -0.0006573586165904977 0.000783423228101654
1682381767.0965228 0.014288949779232535 -0.0007712332904338814 0.004731035378686688
1682381767.136188 0.02991539547405614 -0.00036048650741576926 0.009545534871334915
1682381767.1967978 0.04867691514695102 -0.00030435383319854514 0.012185848165481517
1682381767.2346735 0.07277496967188488 -0.0012751756608486153 0.016025280967559175
1682381767.271328 0.09160584956159118 -0.0018056234717369057 0.017257054624566948
1682381767.3126378 0.10106440347173318 -0.0012188343703746773 0.018180954994435172
1682381767.3486845 0.15379801149197495 -0.0005038915574550606 0.015604108994640375
1682381767.384659 0.18465425765986096 0.0022181743383407615 0.013271923032308397
1682381767.4257166 0.2135111557185747 0.0026003444194793723 0.01061529237665848
1682381767.4706888 0.2641052706583309 0.005066523849964144 0.009159939081236246
1682381767.5211809 0.3041147665744498 0.0061450624465942405 0.00953104929948867
1682381767.5864768 0.3825816657872527 0.00625996530056 0.012308722484363877
1682381767.6230268 0.45160745122435464 0.002581188976764681 0.014336437795476886
1682381767.656406 0.5012130504492792 -0.001074453294277189 0.014325388568540598
1682381767.6893299 0.5453518267884969 -0.003536899983882902 0.012517636921095754
1682381767.7230828 0.5933374968383361 -0.006114700287580488 0.008575736013513469
1682381767.75732 0.6381144024526371 -0.00900812581181526 0.006185818186254188
1682381767.8647368 0.7158277198272388 -0.010498927384614942 0.00023397868476426886
1682381767.9061856 0.8554759359159345 -0.01800169557332993 -0.0026142357725709164
1682381767.944214 0.9450053860407128 -0.018389881998300557 -0.005359273946664356
1682381767.9781153 1.032964251882073 -0.01880040898919106 -0.005459027504723046
1682381768.0128205 1.0940800290850274 -0.019439866244792943 -0.0037204360587634877
1682381768.0488968 1.156865512704158 -0.019638226777315144 -0.005587062750656013
1682381768.0885558 1.218427893627569 -0.02134749054908753 -0.005461333346171493
1682381768.1461174 1.3095926687482762 -0.024167512953281407 -0.0045927203346676215
1682381768.1914742 1.398242497038716 -0.026370046138763432 -0.007136017226057723
1682381768.2341833 1.4877537363042637 -0.02927876770496369 -0.010726427782686399
1682381768.2733555 1.548376323381821 -0.031159892156720166 -0.0127170448288223
1682381768.3114986 1.6091998134742813 -0.033593944683671 -0.016716437278811114
1682381768.3487782 1.6992350422952922 -0.03618671692907811 -0.0162545464053252
1682381768.3882947 1.7618324626431137 -0.03650573402643204 -0.015803690994327768
1682381768.4257982 1.8261531116570442 -0.03713553346693517 -0.015203581011902889
1682381768.4674377 1.8920338163434114 -0.038392047807574284 -0.015014534133373614
1682381768.5325794 1.98568933154886 -0.04271108604967595 -0.015414193420744793
1682381768.593221 2.1016466978586643 -0.045609733499586594 -0.017079627979195156
1682381768.6456478 2.1955195923552773 -0.04584890086203815 -0.0162991737951943
1682381768.6836987 2.321583000590442 -0.047965943291783344 -0.021763428127483664
1682381768.7236633 2.386116660332656 -0.05179256707429887 -0.023869615270558642
1682381768.7684076 2.4498735450004583 -0.052602508515119564 -0.026114337876592453
1682381768.8154356 2.5437695711721076 -0.056057107113301766 -0.02743713509133161
1682381768.8514893 2.639221252254985 -0.058770006466656935 -0.02942174903185535
1682381768.887466 2.704506334501708 -0.05970218824455516 -0.03528581326864377
1682381768.9381115 2.766369489397369 -0.06073161232285203 -0.03895710300576272
1682381769.0257208 2.9155065739832344 -0.06397173268720509 -0.040185591957806466
1682381769.06013 3.0109717981305715 -0.06548078399151565 -0.03916360481071646
1682381769.0976148 3.1076424732340406 -0.06722132110968233 -0.03567395412844121
1682381769.1337173 3.1744036236475157 -0.06991705060005189 -0.036172993014018884
1682381769.16844 3.243515919457193 -0.07342065352946521 -0.03774581268052457
1682381769.2089689 3.3063098407874625 -0.07635533012449743 -0.04238566894803952
1682381769.2493358 3.3646171450606843 -0.07837111450731755 -0.0459153769368732
1682381769.291058 3.429731995049441 -0.08127178758382798 -0.045067004557297174
1682381769.3610506 3.5542235601618835 -0.08365124039351943 -0.052541733223863796
1682381769.4023454 3.6746831020981086 -0.08341445162892343 -0.0551106441460707
1682381769.4373083 3.74057316382434 -0.08342116460204126 -0.059473460557759594
1682381769.47237 3.800324447784928 -0.08357809804379943 -0.059315302970634365
1682381769.5071328 3.8623799051921215 -0.08359702810645106 -0.05644913621486136
1682381769.5425415 3.9305685819647125 -0.08363399975001815 -0.057859298056924136
1682381769.579873 3.996897547832463 -0.08481285296380522 -0.05934366437361627
1682381769.6210833 4.0934806617012 -0.08534432336688044 -0.0596187835784423
1682381769.6684422 4.154551307063019 -0.08584022842347624 -0.059264502175204736
1682381769.7315848 4.248959396415296 -0.08787163853645327 -0.05833599773446707
1682381769.7708921 4.378080206232398 -0.09349138423800471 -0.05988686629507822
1682381769.8058658 4.44056125431097 -0.09675984218716624 -0.0590902043382715
1682381769.8445492 4.506300650398506 -0.10138901829719546 -0.05900634143471284
1682381769.8818905 4.605474551346374 -0.10513329267501834 -0.059271768476885534
1682381769.9336123 4.672982530257581 -0.10598555341362956 -0.06256867556525081
1682381769.971671 4.770211525995349 -0.10608608782291415 -0.06990697590394124
1682381770.0229294 4.82908063740842 -0.1061012311279774 -0.06919318749405678
1682381770.0752234 4.962311792403547 -0.1083490936458111 -0.07274041152467348
1682381770.115812 5.025513462977545 -0.11031237006187442 -0.07128893414839266
1682381770.1540375 5.125159931085141 -0.11409190803766253 -0.07322214181021458
1682381770.1900258 5.188714146073939 -0.1143729551136494 -0.0700572969170592
1682381770.2374487 5.257924549528784 -0.11371672287583354 -0.06652096207387181
1682381770.2769337 5.355649862441242 -0.11459030717611315 -0.06344606258818875
1682381770.3135304 5.430427550593306 -0.11623812228441241 -0.06294225425064659
1682381770.361382 5.5272908252045925 -0.11747341364622119 -0.06592031027954093
1682381770.4067705 5.617394689603257 -0.11768067017197612 -0.07125687997850116
1682381770.449139 5.685267581337847 -0.11761849135160449 -0.07837313930048606
1682381770.4847085 5.775611669083869 -0.11805719271302226 -0.07786273030628377
1682381770.521769 5.836669579672408 -0.11897026881575587 -0.07933861259471908
1682381770.5562031 5.896584857225118 -0.12271559000015261 -0.07659482197753253
1682381770.5920534 5.959018197779287 -0.1278919777274132 -0.07737309505167866
1682381770.6324408 6.015013672761867 -0.13126481831073764 -0.0781674948347475
1682381770.6738987 6.101882775566863 -0.13261772453784945 -0.07736643691071521
1682381770.7506838 6.208965182177587 -0.13314000278711322 -0.07828646323638289
1682381770.8026965 6.315047194610783 -0.1333306333422661 -0.07778151918980769
1682381770.8381457 6.372845371370277 -0.13502499967813494 -0.0794328180489221
1682381770.8727176 6.42333303026882 -0.13627834379673007 -0.08072054818298535
1682381770.9077175 6.473447550759421 -0.1377430757880211 -0.0786542388939604
1682381770.944323 6.525227156387182 -0.13921337336301806 -0.07714675439627228
1682381771.0050855 6.599946818590795 -0.14064877986907962 -0.07874631989453129
1682381771.0578792 6.6925324781143 -0.14095635473728182 -0.07882783435427321
1682381771.1014016 6.763740672651437 -0.14104897290468218 -0.07649778558073672
1682381771.1377718 6.810740048399745 -0.1419153264164925 -0.07794467812204164
1682381771.1762385 6.851610913985346 -0.14378942310810092 -0.07727014270026933
1682381771.2113495 6.897772575030516 -0.14653105050325396 -0.07674573682997132
1682381771.245805 6.936499712805149 -0.1472640982270241 -0.0791995591036645
1682381771.286478 6.995716214593881 -0.1475268876552582 -0.07837719682511102
1682381771.3243163 7.038042959976516 -0.1472931405901909 -0.07930918017463928
1682381771.3884196 7.057966440985756 -0.14727751672267916 -0.07874962389137252
1682381771.4338233 7.158518376334573 -0.14632770180702212 -0.07881790075559625
1682381771.4704747 7.217278707726267 -0.14724926412105563 -0.07680807127369427
1682381771.5069106 7.2548906338786665 -0.14791793137788775 -0.07608630914822623
1682381771.5429547 7.290045116718018 -0.14891838788986209 -0.07441818927222754
1682381771.577648 7.329432998864238 -0.14936972171068194 -0.07286442952440386
1682381771.6215637 7.364310200873791 -0.1503740003705025 -0.07189494472000435
1682381771.6578667 7.417550250907754 -0.15057471156120303 -0.0722473872929259
1682381771.692653 7.452003545783327 -0.15074242413043978 -0.07075424417159315
1682381771.7326417 7.488846849967863 -0.15267771244049075 -0.07125462301601027
1682381771.7947376 7.539855911582407 -0.15314838051795962 -0.07084500415892458
1682381771.8399587 7.603732427118079 -0.15477652609348302 -0.07062889485627455
1682381771.889118 7.625814772038228 -0.1567023596167565 -0.07403644175798241
1682381771.9356081 7.67981926748228 -0.15774268418550497 -0.07122284182296323
1682381771.9785879 7.724806550197518 -0.15825184196233755 -0.06896420111641377
1682381772.021985 7.754472112889531 -0.15849917888641363 -0.06824334108433394
1682381772.0599673 7.797909778123822 -0.1583698964118958 -0.06677923213230219
1682381772.1148827 7.820203186858115 -0.15860523790121084 -0.06644757821628611
1682381772.1700826 7.873163427478744 -0.1585689908266068 -0.0651011097204488
1682381772.2196355 7.919659458331898 -0.15863381087780004 -0.06486624521321493
1682381772.258093 7.9460350488618285 -0.1587608134746552 -0.06525259473993872
1682381772.298047 7.980208516466016 -0.15884191304445272 -0.06434995599840976
1682381772.335695 7.713742982696441 -0.12937626004219058 -0.09795857395951302
1682381772.3712206 7.737475180143254 -0.13177421450614932 -0.0960869309413317
1682381772.4058344 7.755184993782356 -0.12995865702629092 -0.09599873225225264
1682381772.4629285 7.7838162856255675 -0.1293890526890755 -0.09504591384917149
1682381772.5125432 7.812341257315026 -0.12922425329685214 -0.09511690159788433
1682381772.5484731 7.838871300931319 -0.1292725330591202 -0.09411514147840472
1682381772.5846224 7.857814252481985 -0.12929253786802294 -0.0946933210464691
1682381772.6181479 7.872508049038497 -0.1295295408368111 -0.09420306127553757
1682381772.6539009 7.888811590227321 -0.12963532418012622 -0.09395761828568783
1682381772.6899807 7.903181509778361 -0.12991256028413775 -0.09383591203712283
1682381772.7371743 7.918496204557081 -0.13020895928144458 -0.09356976983850962
1682381772.8018885 7.9454136023077195 -0.1309468722343445 -0.09377324362051298
1682381772.8386426 7.964394505787848 -0.13111927121877673 -0.09309673764933524
1682381772.8764784 7.977048752579846 -0.13119741290807727 -0.09258834646719993
1682381772.9116137 7.986540347657408 -0.1312534934282303 -0.09240174086531328
1682381772.9457145 7.998339528141358 -0.1318701630830765 -0.09281915252349826
1682381772.9809985 8.006534473240023 -0.13195506989955905 -0.09255742603219774
1682381773.0175269 8.020471432706668 -0.13226782292127612 -0.0922368114182266
1682381773.0627956 8.031664872861308 -0.13243800908327105 -0.09189342750736773
1682381773.1088922 8.041678669037273 -0.1332897445559502 -0.09188586725719561
1682381773.1671467 8.049237367760712 -0.13344990223646166 -0.09165621833837245
1682381773.2040803 8.058296731218636 -0.13381227612495425 -0.09160964593403498
1682381773.2378964 8.062387953255193 -0.1339150866866112 -0.09212667478068615
1682381773.2731905 8.065735994682509 -0.13396116107702258 -0.09210355680036608
1682381773.3111508 8.068670752852947 -0.13438283413648608 -0.09207438392599765
1682381773.348271 8.071231270014492 -0.1344661167263985 -0.09195114496962731
1682381773.383307 8.075323081488962 -0.134541449546814 -0.09175485818350859
1682381773.4242823 8.077970118061852 -0.1345939612388611 -0.09201532399020196
1682381773.4625745 8.078241417481689 -0.1346647268533707 -0.09206536576108859
1682381773.5004296 8.078500253998508 -0.13466233521699908 -0.0921812009142049
1682381773.5372021 8.078724850000992 -0.1345954364538193 -0.0921852396289835
1682381773.5756567 8.078755082780264 -0.13456725090742114 -0.09226465176259468
