1682381994.4561696 2.305450711170831e-06 5.568802356720193e-05 -0.00021514999484884
1682381994.5218627 -1.322774286627304e-05 5.495414137840493e-05 -0.000209004511912525
1682381994.5792706 -1.0742830668458714e-05 4.7935694456102684e-05 -0.00019754110928960067
1682381994.6220908 3.0176262351133687e-05 3.420427441597207e-05 -0.00018475118688088266
1682381994.6597905 1.6786030190035772e-05 6.395071744919045e-05 -0.0001755145050810203
1682381994.6937163 2.3393771566626587e-05 4.4378042221071556e-05 -0.00013686977786431243
1682381994.7308736 7.264240079324358e-06 2.669036388397439e-05 -0.0001416157562410536
1682381994.7686095 1.527272777876454e-05 -3.654271364211814e-05 -0.0001458699776402117
1682381994.8079367 -1.0189762858214824e-05 -4.4920891523358986e-05 -0.0001482183902801193
1682381994.8557107 -2.149154282493626e-05 -6.556645035743491e-05 -0.0001492613844833457
1682381994.915939 -3.714404500196333e-05 -6.39347732067086e-05 -0.00013715394912616752
1682381994.9535375 -4.854879257065736e-05 -6.19976222515084e-05 -0.00013151802243793753
1682381994.9913383 -5.778785765009342e-05 -5.557522177696006e-05 -0.00013233843640803045
1682381995.0274217 -6.389530885975159e-05 -4.683196544646995e-05 -0.00014087979720178723
1682381995.061504 -6.900281237995354e-05 -2.3329108953473732e-05 -0.00014555164829532785
1682381995.0990167 -6.913093976509965e-05 -1.2130886316297218e-05 -0.00017802356018781218
1682381995.1552715 -6.769365748029998e-05 6.4024329185508044e-06 -0.00020480728884875177
1682381995.2164056 -5.382997685596247e-05 8.4960460662864e-06 -0.00021843654137065904
1682381995.2545857 -5.818418705264006e-05 8.507221937181786e-06 -0.00019299236533121267
1682381995.2906423 -5.872633851833342e-05 3.065779805183633e-05 -0.00018275466825423692
1682381995.324269 -5.450014447261342e-05 4.407256841659768e-05 -0.00017180092119573054
1682381995.3580565 -4.553549413804925e-05 5.2003711462023094e-05 -0.00015714865844951298
1682381995.3925045 -3.754859183027759e-05 5.900725722313149e-05 -0.0001433808330808528
1682381995.427705 -3.1680694868502224e-05 5.477532744407876e-05 -0.000136164403012895
1682381995.4739718 -1.3396112198915677e-05 5.5918991565706566e-05 -0.0001327428836717104
1682381995.5337865 1.101033892239589e-05 4.566699266433938e-05 -0.00014536712412116515
1682381995.5705943 1.9829769546841902e-05 -9.736418724037854e-07 -0.00011007311543576037
1682381995.6079576 -6.901574633397245e-05 -1.6075968742368385e-05 -0.00012084509502852114
1682381995.6414459 -9.24679337466483e-05 -3.676995635032432e-05 -0.0001152152505290438
1682381995.6739478 -6.58977487207335e-05 -8.195027709007041e-05 -0.00015900312965100305
1682381995.7085562 -0.00020881296104716118 -9.134918451308982e-05 -0.00017379379224724545
1682381995.742688 -0.00031168324005234616 -0.00012482464313506858 -0.00019827766670932334
1682381995.779281 -0.0004951493607285862 -0.00018063321709632651 -0.00023992412499618254
1682381995.8330638 -0.0005657561581796089 -0.00010266661643981712 -0.00021803405852049984
1682381995.924173 -0.00038918033854987155 0.00037165224552154763 0.0001376577718601446
1682381995.973162 -0.00039097964889073245 0.00044263392686844094 0.00017361398517223847
1682381996.0078297 -0.0003380278247623325 0.00043836846947670205 0.00018223170774023245
1682381996.0425596 -0.00022867829129044615 0.00034853681921959145 0.00014998647293817946
1682381996.077 -0.0001884823357077292 0.00036773696541786416 0.00015904009616130033
1682381996.1152294 4.402384015722571e-06 0.0004260973632335685 0.00017883784586181228
1682381996.1541538 0.000123825558784596 0.0004930631816387199 0.0001912593422002118
1682381996.1959276 0.00030732537944752614 0.0005552904307842277 0.00020987130477956306
1682381996.2540128 0.0005474594161829771 0.0005933181941509269 0.0002264236435653988
1682381996.316366 0.0006482977137114987 0.0006019571423530601 0.00022741157672090395
1682381996.359423 0.0007110379289902435 0.0005087131261825584 0.00019725019490235418
1682381996.3973815 0.0007408458726144429 0.0005469085276126884 0.00020578398426041034
1682381996.4345603 0.0007642654773481472 0.0005101361870765708 0.00019633303865873586
1682381996.4751842 0.0007856349470861668 0.000523275285959246 0.0002062349292155652
1682381996.511924 0.0007874694277906213 0.0005212785303592704 0.00021921744307040747
1682381996.5498397 0.0007692754994954865 0.0005232678353786491 0.00021890378009903344
1682381996.611924 0.0007512920987872429 0.0005291128158569358 0.00023793672224758922
1682381996.6603792 0.0007354155952855879 0.0005041347444057487 0.0002326066135407423
1682381996.717803 0.0007404831925472422 0.0004504719376564048 0.00026639993105326276
1682381996.758918 0.0008368468043136179 0.00042909622192383035 0.0003268431715592879
1682381996.7959843 0.0008172617494666967 0.0004766793549060844 0.00035283811313457925
1682381996.830921 0.0008206210761090293 0.0004597367346286796 0.00034488984453395766
1682381996.8672032 0.0008007677944156244 0.0004618676006793998 0.00034329956011847074
1682381996.909038 0.0007736789799823729 0.00046188250184059365 0.0003327533884125433
1682381996.947931 0.0007582283852391736 0.0004292564094066642 0.00032099923625450444
1682381997.0307024 0.0059141388709338105 0.00015977635979652627 0.0022403601617857483
1682381997.0825324 0.022797716666728335 0.002455728650093081 0.005553456760992281
1682381997.1226106 0.0379178222179494 0.00248370558023453 0.007724490383606231
1682381997.1612117 0.0565305457793228 0.0016091303527355216 0.009027704460264463
1682381997.1989114 0.0782478331856109 0.0017845579981803916 0.010332781240371514
1682381997.2399287 0.10898307265998163 0.0019345791637897514 0.011011205526991086
1682381997.2769864 0.1340380259041007 0.0026333653926849387 0.012684185089968603
1682381997.323719 0.1609833247672685 0.0025264644622802757 0.009529179312474545
1682381997.3632615 0.2010872263618811 0.0027443864941597007 0.0070127196332547825
1682381997.4250395 0.2417607805872221 0.0040269294381141685 0.0064290111605143085
1682381997.4653344 0.29272363877812346 0.005073892474174502 0.007601524984233166
1682381997.5047932 0.34876708234678455 0.005495625138282778 0.006185161544993489
1682381997.5438216 0.38929442186424057 0.00566322594881058 0.003369533325467522
1682381997.5810187 0.4210685116932741 0.0058282488584518455 0.0010761163205683655
1682381997.6186645 0.47236588625611575 0.005267689526081087 -0.0012775471504911096
1682381997.655877 0.5064050960799087 0.0052467533946037315 0.00017685132050004881
1682381997.700592 0.5432506895842316 0.0030098655819892906 -0.0025505224030446527
1682381997.7626092 0.6133610639834972 -0.0043510808050632455 -0.006410196373996424
1682381997.8149288 0.6697424155975443 -0.013422028571367269 -0.012245487996265014
1682381997.8506413 0.7261150633468342 -0.01916908979415894 -0.018067847027663175
1682381997.8874202 0.7677126987595105 -0.021893811821937566 -0.021981128125464044
1682381997.9220781 0.8071131879652796 -0.022227247655391698 -0.02368343298556752
1682381997.956474 0.848431998562986 -0.024221559464931493 -0.02480956269534018
1682381997.9906468 0.8827805086999783 -0.024500941336154942 -0.023470503176644453
1682381998.0268326 0.9273389837130364 -0.024615251868963246 -0.023520467484317464
1682381998.0821004 0.9657580181625985 -0.023438443839550023 -0.02300753673807332
1682381998.1463864 1.0501250299492937 -0.02260229125618935 -0.022691076035753266
1682381998.187696 1.1336217455486433 -0.022377954274415975 -0.024682396362025516
1682381998.227551 1.175823235210666 -0.02209849044680596 -0.02480244550220756
1682381998.269491 1.2102810613380635 -0.021950149387121205 -0.024621063783592412
1682381998.307823 1.2721858276398947 -0.02169020235538483 -0.024995142305128226
1682381998.345181 1.2998329740632366 -0.021506746709346776 -0.030414825172326188
1682381998.3866742 1.375678534692955 -0.021487665772438054 -0.031496608996897546
1682381998.4395895 1.4206324408249784 -0.021706183850765233 -0.03257809454104699
1682381998.4853332 1.493906370261598 -0.020480973124504094 -0.03164333764441962
1682381998.5495098 1.5540116071200447 -0.01989131554961205 -0.03214697534268951
1682381998.58804 1.6147860130746297 -0.019781099110841756 -0.03453820103422589
1682381998.6204224 1.6550499597659554 -0.01965364202857018 -0.036397103062892455
1682381998.6588962 1.6919965733383748 -0.018805453032255177 -0.035908917805606455
1682381998.6949427 1.7329101926983193 -0.01866862311959267 -0.03549960585457845
1682381998.7351713 1.7898859432375052 -0.016280339509248738 -0.03620783049413179
1682381998.7869132 1.8319816541225735 -0.014913910478353505 -0.03662786901422255
1682381998.837258 1.902773050626912 -0.014811308532953267 -0.03938305683733412
1682381998.8947244 1.9438580325341501 -0.016680301576852803 -0.040086900386261615
1682381998.9316316 1.9985892968419086 -0.017233563065528874 -0.0389762231244255
1682381998.971257 2.0592024287740265 -0.017095645368099217 -0.036775563686924695
1682381999.0072763 2.1033030425866723 -0.01717646181583405 -0.038782524581057576
1682381999.0529907 2.138991112234562 -0.015815706402063374 -0.03866586062197963
1682381999.0901895 2.1814880141425523 -0.014456456005573277 -0.03676327887276365
1682381999.1337376 2.23402713240196 -0.013002210706472395 -0.03672337463626496
1682381999.1885865 2.31476859414776 -0.012058184891939161 -0.038521830289301784
1682381999.2356522 2.376322031149128 -0.010279999524354932 -0.03833663050877201
1682381999.2724686 2.4192998217468533 -0.008149137198925016 -0.040801181884130955
1682381999.3093226 2.454747299998278 -0.006870196610689161 -0.04011754965687153
1682381999.3439379 2.490682590869457 -0.003562839180231092 -0.03837717516212824
1682381999.3791604 2.5321868855036533 -0.00331381097435951 -0.0382057871123902
1682381999.4162922 2.5742453060851815 -0.0022498121857643105 -0.03875600204375762
1682381999.4519308 2.625574631386707 0.0006386177241802238 -0.03769572773121577
1682381999.4865932 2.6666801049556015 0.003645586371421816 -0.035856210718060666
1682381999.5380661 2.7230974726795902 0.004488954842090609 -0.03726281423800537
1682381999.6076007 2.784521580393513 0.006282443702220919 -0.03679726794489402
1682381999.6787767 2.8675055878525697 0.006564224660396578 -0.03984633763611556
1682381999.7202778 2.9445730152608878 0.006726416349411013 -0.038111109756600925
1682381999.7614121 2.9849267501887717 0.00780911982059479 -0.03736362363437795
1682381999.8041928 3.0202277459518925 0.007817367613315584 -0.03977297645958133
1682381999.847368 3.0809740581090184 0.009722011685371401 -0.03740726378426906
1682381999.8847387 3.1393272082247106 0.012335951030254366 -0.03768383064646974
1682381999.9240017 3.174012138270418 0.01392096519470215 -0.03797639574409972
1682381999.972734 3.208342546240867 0.013714219033718111 -0.038807462677921345
1682382000.03021 3.277293107505625 0.010938967168331148 -0.04002958429699577
1682382000.065505 3.3348130275042824 0.009146461784839632 -0.04038508725616352
1682382000.1007216 3.373326228675973 0.008080261349678042 -0.03948442295923149
1682382000.1399717 3.410801702429209 0.0055412599444389365 -0.04584374550566506
1682382000.1752205 3.4466222882975606 0.0053410404920578025 -0.0473447994435956
1682382000.2100554 3.4803289685876875 0.005395578742027285 -0.04604907788183832
1682382000.2446027 3.5272024146831864 0.005395116806030276 -0.0488005340899027
1682382000.281042 3.559268747389249 0.00610815227031708 -0.04958698797984096
1682382000.3177223 3.614435767561379 0.00825181841850281 -0.04833753346270697
1682382000.3618076 3.655439528281742 0.00891848146915436 -0.047370603596397
1682382000.414907 3.6760853796797393 0.009138221442699435 -0.049105849962588266
1682382000.466682 3.7761183572539365 0.014268810451030733 -0.04868303552669273
1682382000.5052981 3.815979959237082 0.016351918280124667 -0.04974554037071455
1682382000.5418932 3.848175494109774 0.017352777123451235 -0.048329213804696014
1682382000.5823905 3.929171134013658 0.020172911286354067 -0.04845216729039614
1682382000.6195831 3.969149953880275 0.024601156413555147 -0.04671939922191104
1682382000.6569216 4.006622942724291 0.02547097444534302 -0.04815375812519096
1682382000.6933858 4.043646642249312 0.0260852524638176 -0.04953039135075277
1682382000.7531314 4.099208637028345 0.026482323706150057 -0.051932995828098516
1682382000.8111057 4.173322588088712 0.026108975112438204 -0.05161315175914871
1682382000.8527744 4.231652043915779 0.02422280102968216 -0.052432314282901515
1682382000.8875666 4.273897440640138 0.022838669419288637 -0.05592705569113576
1682382000.9261181 4.308520581650009 0.02364030718803406 -0.05444104913688852
1682382000.959547 4.351291459905074 0.023599261939525606 -0.053543600928245505
1682382000.9962797 4.390225798754537 0.023742700517177584 -0.0548524330182969
1682382001.0467556 4.447723531221047 0.02354957401752472 -0.05333344749339086
1682382001.1068683 4.4888428211597855 0.022743607461452486 -0.05319636490187052
1682382001.152366 4.5641020909012 0.02383850008249283 -0.055112918588837045
1682382001.1927114 4.627280065413779 0.023973444998264315 -0.05630772975935905
1682382001.2308824 4.695788977084552 0.023311602473258974 -0.05823539880077422
1682382001.2685149 4.739283051287669 0.02331936597824097 -0.05701124214817943
1682382001.3046842 4.782125492041495 0.024026731550693514 -0.05671380854457109
1682382001.371258 4.849448584467268 0.024430523216724398 -0.05635423075123236
1682382001.417489 4.917818130608815 0.025052601993083956 -0.05458100342936878
1682382001.4556339 4.988701292721162 0.0252118656039238 -0.05718550439387937
1682382001.4952 5.034303485497127 0.026712583899497988 -0.05602355251788116
1682382001.529477 5.086017167682085 0.026873658001422884 -0.05767329479753558
1682382001.5673807 5.1608449000958885 0.028012903928756716 -0.058102752458923934
1682382001.6053197 5.208581103654368 0.029319661259651186 -0.05963845733256701
1682382001.641819 5.251910793604931 0.029987389743328097 -0.058764369368333735
1682382001.6930225 5.308144285137941 0.030681478381156924 -0.05933487777778046
1682382001.7677155 5.408278755121323 0.034619899988174455 -0.05889373569966616
1682382001.808039 5.509581370993941 0.036833296120166795 -0.060768296664681865
1682382001.8545697 5.588393322490401 0.03796439111232759 -0.0604924166993539
1682382001.8895879 5.65089760115504 0.038185129463672654 -0.063031735330767
1682382001.923521 5.689938458350767 0.038245650529861466 -0.061927776992363404
1682382001.9621212 5.748767303346858 0.03703549742698671 -0.06092453023190125
1682382002.0095894 5.809148566092967 0.036929110586643235 -0.06175870427031804
1682382002.0574744 5.9048306277415135 0.03956537932157518 -0.05798109913760818
1682382002.1145442 5.986937987465535 0.04130717605352403 -0.05719321692315682
1682382002.1495605 6.065282039296111 0.045367779731750504 -0.056974291182745995
1682382002.1876364 6.117040509199376 0.0481887260079384 -0.05726743180209004
1682382002.223017 6.165270843400104 0.04938785225152971 -0.05507244881708928
1682382002.2611241 6.218721328892235 0.04965751856565477 -0.05346678890479972
1682382002.2987924 6.27315181042634 0.05081350594758989 -0.05378484488608026
1682382002.335257 6.347834512070233 0.055733966231346146 -0.05113483109035233
1682382002.3726966 6.395536233200871 0.05742312461137773 -0.04974893420598847
1682382002.4291964 6.4468618681343655 0.0587962591648102 -0.04941633435838533
1682382002.4980116 6.54135399996585 0.061920183300972 -0.048717089429406224
1682382002.5390112 6.626535082176754 0.066717746257782 -0.04553455722753608
1682382002.5781956 6.681457078808272 0.06644949555397035 -0.0433576549786181
1682382002.6128542 6.724874824968829 0.06614296376705171 -0.04818353988621671
1682382002.6515136 6.791482046976687 0.06609192728996278 -0.04737160938431262
1682382002.6932435 6.81041629032148 0.06606754899024965 -0.04482768814430371
1682382002.7443268 6.869350245998149 0.0669659847021103 -0.042347133621295274
1682382002.8037584 6.951898820395441 0.07125583529472353 -0.04256234205406462
1682382002.8495793 7.016638944392251 0.0728476667404175 -0.04112363539956898
1682382002.8901727 7.078285167391578 0.07436527550220491 -0.03884275164904416
1682382002.9264157 7.116710176749861 0.07488091528415682 -0.037997227965149705
1682382002.9670043 7.152759583208798 0.07509683310985567 -0.037020288825393655
1682382003.00178 7.207654384865763 0.07509875535964967 -0.03895581077810739
1682382003.0366247 7.245219192526462 0.07547345995903017 -0.03794123307943398
1682382003.074019 7.283356721397232 0.0772165083885193 -0.0388880589788958
1682382003.1117399 7.318796123611514 0.07847003877162935 -0.03897326063354356
1682382003.1511827 7.35258551120708 0.07890801370143892 -0.03929691398279922
1682382003.202744 7.404376937479595 0.07911697268486025 -0.039456753031559044
1682382003.276292 7.474268530355599 0.0798548185825348 -0.03783593133515217
1682382003.310479 7.522816505949935 0.08243482053279878 -0.03677924930691723
1682382003.348129 7.55673238584567 0.08281107485294344 -0.03801825876678633
1682382003.3832827 7.605869272051379 0.08506205916404726 -0.035993113667868615
1682382003.4191132 7.6312702688601375 0.08533327519893648 -0.03753086695089891
1682382003.4628081 7.660930894766295 0.08569714665412904 -0.036339265494505835
1682382003.502569 7.690493420939807 0.08689959585666658 -0.035725135632353355
1682382003.5383673 7.733651493249313 0.08857955276966097 -0.03476080690604988
1682382003.5766745 7.762262988318792 0.08880166947841646 -0.03473854282688893
1682382003.6337366 7.802207766869658 0.08964142441749574 -0.03338930594647427
1682382003.6958969 7.84978766319695 0.09039134025573732 -0.03324212016409245
1682382003.747062 7.887042593916344 0.0907941633462906 -0.032847241743959366
1682382003.782222 7.92187530054395 0.09230485796928407 -0.03296351963296762
1682382003.8272069 7.9436917292486715 0.09310654044151308 -0.03206849100630982
1682382003.8643944 7.966424327736143 0.09492814779281618 -0.03257543375640504
1682382003.9059563 7.997095737341393 0.09510836243629457 -0.03212913314512744
1682382003.9638393 8.027064641079198 0.09536864101886751 -0.032089072568986854
1682382004.004339 8.056267640088839 0.09563449263572694 -0.03376432548829933
1682382004.0547276 8.080715232117543 0.09651124715805055 -0.033499493981996586
1682382004.0879915 8.10138494501696 0.09672077238559725 -0.03356014071718594
1682382004.1207037 8.114675834989313 0.09769368410110475 -0.033542800220786706
1682382004.1575508 8.131385351776833 0.09797424316406252 -0.033796608879743006
1682382004.2026765 8.145891083491847 0.09851292014122011 -0.03366977737686616
1682382004.2744205 8.166653235248177 0.09869390964508058 -0.03316385870034
1682382004.3267016 8.197898119133857 0.10003015637397768 -0.03203215022847106
1682382004.36529 8.209147479710804 0.10025699675083162 -0.03306384198645751
1682382004.4016 8.22470461861953 0.10079144179821016 -0.03339692148379658
1682382004.4369485 8.238352711761689 0.10091829538345339 -0.03332398865827613
1682382004.4731598 8.245012447758466 0.10228243708610536 -0.033333760295766623
1682382004.5080316 8.253597785951241 0.10299648582935335 -0.033202650805427725
1682382004.5444822 8.261428515338144 0.10320060193538667 -0.03314260423826476
1682382004.580926 8.268078009172832 0.10331806778907777 -0.033653716494689956
1682382004.6244342 8.280619984978602 0.10339766979217531 -0.03393572539626466
1682382004.6783166 8.290217137198 0.10356801986694338 -0.033702300791792705
1682382004.729475 8.298105286820492 0.1043519550561905 -0.03372114136067639
1682382004.7654555 8.304219296831963 0.10482397913932802 -0.03358742010746596
1682382004.8011506 8.308201121211365 0.10510906815528871 -0.03398865520792782
1682382004.8393433 8.311044001762955 0.10570654511451723 -0.03399344222687728
1682382004.8841987 8.312501577192117 0.10589632630348207 -0.034288604142288515
1682382004.9230254 8.314317270144068 0.10585861146450044 -0.034756341341700026
1682382004.9640899 8.315246005695636 0.10585537791252138 -0.03484474088396183
1682382004.9995358 8.316485717240896 0.10585950553417207 -0.034831521209069516
1682382005.033441 8.316815050569382 0.10588823497295381 -0.035115824117170735
1682382005.0689147 8.317021467582224 0.10591522097587587 -0.0351572962273492
1682382005.1038532 8.316951004533113 0.10615198552608492 -0.03508491034034389
1682382005.141346 8.317042804700193 0.10589185595512392 -0.03533562424169534
1682382005.1812642 8.317023029369832 0.1060110652446747 -0.03549380892027498
1682382005.231749 8.316629751820251 0.10592800617218019 -0.035572690995166356
1682382005.2883968 8.316196581221178 0.106006475687027 -0.035464983025071284
