1682382625.1571004 1.7530895363715437e-06 -0.0004598027467727639 -0.001032663704795711
1682382625.1914122 7.299217042408546e-05 -0.0002597434818744637 -0.0009060402107909926
1682382625.2247164 0.0004124797442744965 -0.00013484194874763267 -0.0007936842658469168
1682382625.268624 0.00046436207352296144 0.00017376482486725076 -0.0007628000312567274
1682382625.3073337 0.0002283203192702532 -0.0002386657893657662 -0.0008049290118488095
1682382625.3575552 0.0004470708662905887 0.00030701473355293496 -0.0007832400996792277
1682382625.4341211 0.0005779253333763612 0.0002736361324787162 -0.0008779078897445114
1682382625.4900677 0.0005950917770646547 0.0002072514593601249 -0.0008992495244921628
1682382625.5464034 0.000603175074722212 7.058918476104958e-05 -0.0009130486787964909
1682382625.5814774 0.0007211611722943434 0.00022364646196365578 -0.0009145446772149679
1682382625.6219065 0.0007346480416402512 0.00021221727132797463 -0.0009213893539943285
1682382625.6574836 0.00046601349105718226 4.932522773742898e-05 -0.001035809540067989
1682382625.694952 0.0005908194833996461 0.0003746213018894218 -0.000946848624612695
1682382625.7301054 0.0006487853390720333 0.0002752007544040702 -0.0009404865189277523
1682382625.7657983 0.0005367545844250365 1.8602758646013573e-05 -0.0009588640841307061
1682382625.828304 0.0005155601243034269 -0.00010387361049651878 -0.0009900030221716705
1682382625.894595 0.0007699520735068022 1.1450201272966698e-05 -0.0009475525587578915
1682382625.95157 0.0008037591677955425 8.98861885070823e-05 -0.000800840269306935
1682382626.0007987 0.0007385524788755815 6.592884659767373e-05 -0.0007602987698673846
1682382626.0362458 0.0006075612220423077 1.2016445398332909e-05 -0.0009191551866880587
1682382626.0727572 0.00030670766272430927 -1.188129186630027e-05 -0.0009326587528322161
1682382626.1241257 0.00043121727057640613 0.0002500736713409446 -0.000874149075381192
1682382626.1706855 0.0004217144707239495 0.000423649847507479 -0.0007243523149349507
1682382626.211976 0.00046250243849768613 0.00040927022695541604 -0.0007077494836482678
1682382626.2599761 0.000471596904593502 0.00045220047235489114 -0.0007012070997445274
1682382626.3252513 0.0005164050631774053 0.00046026945114135964 -0.0006944292015911291
1682382626.3622134 0.00024731385751414203 0.00011714786291122659 -0.0007072981929487909
1682382626.3989286 0.00036068957652443667 9.140610694885476e-05 -0.0006788272130817674
1682382626.4329026 0.0003627905212120752 7.092446088791116e-05 -0.0005958873093809824
1682382626.469907 0.000764908168134043 0.00027605757117271645 -0.000477652004084117
1682382626.5112913 0.0006863540702295168 0.0001975880563259147 -0.0004555628418172475
1682382626.5603256 0.001041480877607276 0.0001678341627120994 -0.00039410649459203917
1682382626.6037664 0.0014017948878017605 0.00016295775771141274 -0.0001688694854149464
1682382626.6688285 0.0014875158521906184 0.00012199446558952554 -0.00010549742592536049
1682382626.7305782 0.0013197375714028847 -0.00010092318058013694 -7.856323458810266e-05
1682382626.7899423 0.0016078058695338238 7.007136940956338e-05 -7.357712288769136e-05
1682382626.8372595 0.001645738114021883 0.0001434372365474723 0.00011607192356821727
1682382626.8725712 0.0015652654229992014 -1.6154199838636085e-05 3.637167118486495e-05
1682382626.9350927 0.0018230159604286644 7.603183388710244e-05 5.285070210869769e-05
1682382626.971766 0.0018587874450369801 0.00010873615741729958 9.486456816398814e-05
1682382627.009296 0.0016850030419235662 0.0001501874625682853 0.0001459666864702669
1682382627.0612402 0.001649186337637748 0.00017294153571129067 0.00026078756944003523
1682382627.1272178 0.0016287101117102298 0.00018723547458648904 0.0002796957663560029
1682382627.1913552 0.00159825742145428 0.00028220057487488015 0.0002791267293633659
1682382627.2269952 0.0015840580901742285 3.323942422867043e-05 0.00016872574900705928
1682382627.266671 0.0018202059921351155 -1.6926229000069348e-06 -0.00015843502312629099
1682382627.310716 0.0025724069914610515 0.00027363985776901467 0.0008738204182787701
1682382627.3461313 0.00924840330530799 0.0003520832955837272 0.001517037081373962
1682382627.3829074 0.01372581140002807 0.0006441311538219474 0.0018288226970859522
1682382627.4245052 0.019836224223454768 0.0006896206736564658 0.0021788801810267433
1682382627.4768057 0.029012827942291847 0.00045893952250480874 0.0026585034042712063
1682382627.547721 0.043165969270508725 0.00048573926091194375 0.0032143300262126306
1682382627.5946214 0.050741320107629356 0.0014615492522716544 0.0026926152521304925
1682382627.6332543 0.06752282760581192 0.001682410538196566 0.002635531114006495
1682382627.6711762 0.0805371848059882 0.0018536509573459647 0.00298660526351191
1682382627.7079594 0.08987808210171444 0.0019061738252639793 0.003192167268299295
1682382627.745089 0.09930263881116913 0.001454601585865023 0.0035061156656317483
1682382627.789728 0.10774081259451063 0.0013862052559852622 0.003773687737642417
1682382627.8360856 0.11882710609203764 0.001267424374818804 0.004263891878822701
1682382627.8812103 0.1366647281861403 0.00025659292936325295 0.0050425296357721194
1682382627.922896 0.14949693341763673 7.457152009010537e-05 0.005136819792257885
1682382627.9621174 0.1576958745809652 -0.0003000958263874032 0.005306840241924071
1682382627.9996753 0.1677221286988529 -0.0005725039541721322 0.0052669224508068435
1682382628.0350437 0.17967651668476167 -0.0011537609994411446 0.005525326922433349
1682382628.072159 0.19387960931173606 -0.0021109743416309334 0.00602301909677716
1682382628.1113653 0.2015182520340695 -0.002802213132381437 0.005732923642576937
1682382628.1499393 0.21237423328165642 -0.004290392100811002 0.0051728259180330305
1682382628.2000241 0.22065268441229346 -0.0047360672056674935 0.0051141955504976355
1682382628.256918 0.24315440361361867 -0.00575313478708267 0.006038862304533765
1682382628.2938886 0.2546246347604274 -0.007315305471420286 0.005976791051674812
1682382628.3307755 0.26544521144427635 -0.008462206870317457 0.00592756619312107
1682382628.3671737 0.2759568726643645 -0.009586812406778333 0.0058294623091856845
1682382628.404726 0.2887390867645873 -0.010467146933078764 0.005669404480757256
1682382628.440566 0.3029948749296352 -0.011836600899696348 0.006147294240020473
1682382628.4774199 0.3119289656342142 -0.012090054750442503 0.005626613036024075
1682382628.51743 0.32305620687656583 -0.012249620109796522 0.004568996714123141
1682382628.5704126 0.33167916123840413 -0.012553026378154752 0.004652932256186126
1682382628.6325479 0.35269507500485936 -0.013982785344123845 0.00438831942539708
1682382628.6679559 0.368478561441394 -0.015349009484052663 0.0035898490696106844
1682382628.7052329 0.37815999354653673 -0.016268750131130223 0.0027526682823941773
1682382628.7419333 0.39227748113948024 -0.016482589244842534 0.002582562974677405
1682382628.7782805 0.4046020840500482 -0.017231931388378148 0.0023975764067858396
1682382628.8126616 0.4155695910828301 -0.01885604247450829 0.0026894304383937584
1682382628.846761 0.42456542045402057 -0.019823273122310643 0.0021016559703015414
1682382628.8839238 0.43496726285054466 -0.02052329614758492 0.002011782787325389
1682382628.9363015 0.44737919081586774 -0.021924303323030477 0.001395388389526131
1682382629.0108776 0.469622717924725 -0.024443288743495946 0.0014698351975299673
1682382629.0479772 0.4858157449372593 -0.024854400604963307 0.0009088526258076435
1682382629.0825284 0.4945993661149798 -0.025371247380971913 0.00019265210057661797
1682382629.118232 0.5042625108923519 -0.025900585055351262 -0.00036733861202242757
1682382629.1528928 0.5167018010331079 -0.02614708378911019 -0.0011763212516975319
1682382629.1901407 0.5322941947987526 -0.02733757853507996 -0.0011048017449417635
1682382629.2375789 0.5419023039423392 -0.02739047393202782 -0.0008088817983202823
1682382629.2839282 0.5576164058395773 -0.027871919274330144 -0.0002715030341400304
1682382629.3401985 0.5757745182790674 -0.028108166009187703 0.000386984608297114
1682382629.3768907 0.5894130356125186 -0.028384437263011937 -0.0004614122482240468
1682382629.4100406 0.5981687262935107 -0.02850146353244782 -0.0003457690781134559
1682382629.4451473 0.6091456397134151 -0.028804053962230687 -0.00035458572067725846
1682382629.478773 0.6220326753816607 -0.02943760477006436 -0.0006019009025866051
1682382629.5163832 0.630991882359966 -0.030184084028005605 -0.0007756631551945059
1682382629.571187 0.6395580871956041 -0.03039134986698628 -0.000922900183735198
1682382629.6294289 0.6596565074199572 -0.030913814380764966 -0.0004484053901236962
1682382629.6855395 0.6766878390601914 -0.031066577360033994 -0.0008481986680521914
1682382629.7230775 0.6946000440018247 -0.031779741346836095 -0.00048012186065116147
1682382629.7602825 0.7041444571722113 -0.032149027511477475 -0.00036153335743871473
1682382629.7950559 0.7144915230162608 -0.032269332036376004 -0.0008147295498901475
1682382629.8312776 0.7271206325430527 -0.03235004045069218 -0.00036333667865440233
1682382629.8674626 0.7362314294595533 -0.032602698951959615 -0.00044297823079020304
1682382629.9063678 0.7461647529295983 -0.03316716052591801 -0.00015704286412354662
1682382629.942207 0.7608622326666267 -0.03324268519878388 -0.000626479488050391
1682382629.9884222 0.7656841925616661 -0.033258048295974736 -0.000946045764470993
1682382630.0411375 0.7775220286663952 -0.03342908568680287 -0.0007107807242916486
1682382630.0774195 0.8023710204201765 -0.03483200207352639 -0.001565735749972097
1682382630.1134262 0.8131886539596054 -0.035190469995141034 -0.0014154211907073666
1682382630.1496081 0.8222766264467855 -0.03513133846223355 -0.0011963764734477245
1682382630.1827815 0.835473530864732 -0.034901806563138967 -0.000913272912231422
1682382630.2181735 0.8462608838617238 -0.034940566346049313 -0.0006802065727224971
1682382630.2581744 0.8599144198685541 -0.03526925243437291 -0.0007935586445293463
1682382630.311063 0.8686394178417324 -0.035668285042047505 -0.000990618886155037
1682382630.3576713 0.8818227327052859 -0.03680439613759519 -0.0011658156918352702
1682382630.4075284 0.8999167512809223 -0.037198518812656414 -0.0011370479542263112
1682382630.4470956 0.9146409549911954 -0.037609047666192066 -0.0013402908498125754
1682382630.4871175 0.9244463737798516 -0.03780810296535493 -0.0012473133194856878
1682382630.5260649 0.9375906737491042 -0.038513970971107495 -0.0010232987246940883
1682382630.5635915 0.95048686018036 -0.03902164235711099 -0.0012936696027281425
1682382630.5992854 0.9614995182312511 -0.039253727942705166 -0.0013662253155330983
1682382630.6356103 0.969129499228708 -0.039568740352988255 -0.001583110049557801
1682382630.6736026 0.9830018194810559 -0.03983037307858468 -0.002377434756521968
1682382630.720585 0.9920622666986529 -0.03999601811170579 -0.0027675407114831074
1682382630.7753258 1.0103390705111273 -0.04051181435585023 -0.0038237850594693423
1682382630.8290818 1.025321287192063 -0.04119362629950048 -0.0035217629119883576
1682382630.8654358 1.0402338720134217 -0.04178459517657758 -0.00337982355670019
1682382630.9029305 1.0539281310158377 -0.04197587020695211 -0.0035961732219937925
1682382630.9400513 1.0608626776727166 -0.042091818004846585 -0.004203188803606928
1682382630.9749813 1.0759672856727254 -0.042258839532732975 -0.0042599207870754885
1682382631.0136428 1.0849440140757909 -0.042337020337581646 -0.004044413820070369
1682382631.074426 1.101784493677461 -0.04298061825335027 -0.004206924371928711
1682382631.132943 1.119105058756715 -0.043037449419498455 -0.00488395598223601
1682382631.180036 1.138673247028452 -0.042976563274860394 -0.005226744675953521
1682382631.2154095 1.1465784421353953 -0.043148159459233296 -0.005292833717660983
1682382631.250098 1.1546528552073745 -0.043201324939727795 -0.005434602515171916
1682382631.2856696 1.167782916650193 -0.044297532588243496 -0.005809763741665197
1682382631.321527 1.1799822955726815 -0.04446418996900321 -0.006088625838950978
1682382631.356683 1.1927871761039908 -0.04457756359130145 -0.006541529278905944
1682382631.3980074 1.2023341141673207 -0.04522725421935321 -0.006442389212609978
1682382631.4663258 1.2224708896890821 -0.04537804558873178 -0.00653877628733146
1682382631.5238605 1.2346019435898457 -0.04608477506786586 -0.007625175407147022
1682382631.5645905 1.251443352187683 -0.047217222340405 -0.00750929554979618
1682382631.6016128 1.2616847835374394 -0.04743572272360326 -0.008296371703663041
1682382631.643068 1.2746442876582538 -0.04764191009104253 -0.008168378206733662
1682382631.677982 1.2852319031839599 -0.04975225165486337 -0.007899712141115733
1682382631.713653 1.298142343739266 -0.04994127940386535 -0.00866124591783679
1682382631.7508073 1.3080570094458681 -0.05139223247766496 -0.00835189509239287
1682382631.807678 1.322522206337792 -0.052631702683866036 -0.008066196821894911
1682382631.855915 1.3358245750617226 -0.05286628467962147 -0.009082045501259461
1682382631.91208 1.353679592824252 -0.05302994739264251 -0.008656435058987944
1682382631.95177 1.3691059774928613 -0.05388549802824856 -0.008370619409604485
1682382631.9878457 1.3782417455959655 -0.05405476264655591 -0.008407832693395845
1682382632.0231411 1.391101197157701 -0.05403454735875131 -0.008994790096956473
1682382632.0565948 1.4046181638890196 -0.05401300819590689 -0.00894429373576755
1682382632.09456 1.4116709596765744 -0.05385676393285395 -0.009650785445993515
1682382632.1355116 1.4215959882999074 -0.05380244780331851 -0.00973933457042686
1682382632.1978323 1.4375380719230395 -0.05377285409718753 -0.009454926192443036
1682382632.2534986 1.4556188431324304 -0.053774864822626126 -0.010096422316868026
1682382632.2899408 1.4725507046934032 -0.05500399967655541 -0.009472084635197442
1682382632.3254995 1.4821176915712484 -0.055523080695420515 -0.011066353941029838
1682382632.361351 1.4911012761696665 -0.055339570567011845 -0.010810160719985529
1682382632.3978677 1.4989842262612156 -0.05567783623933793 -0.010624919804681943
1682382632.4367917 1.5090098355249617 -0.0556166152842343 -0.010815261520643826
1682382632.4742787 1.5255322935782654 -0.0554056446440518 -0.0118628546946149
1682382632.5263705 1.5349342756647604 -0.05559220438823105 -0.011626664099080752
1682382632.5824764 1.548368707097431 -0.05521027319133283 -0.01280336404941429
1682382632.6444008 1.566395076378185 -0.055070735923945915 -0.01251037993852644
1682382632.6858313 1.583019546664855 -0.05503951380029322 -0.012154703286141988
1682382632.7258475 1.5959824914250007 -0.05520714208483697 -0.01273707850553163
1682382632.7620742 1.60758394798406 -0.0554848187044263 -0.012723832543611646
1682382632.8009179 1.6161060656533204 -0.0558032025024295 -0.013180265719499262
1682382632.8385344 1.6251396192377254 -0.0567540001962334 -0.012906532799505932
1682382632.8765812 1.6424762031337008 -0.057735839569941175 -0.012420092075691391
1682382632.9326081 1.6512389985926372 -0.05831696995534004 -0.013802996867598116
1682382632.9778488 1.670018023355255 -0.060735609442926955 -0.013421382529636539
1682382633.0353522 1.679958086353866 -0.06119116343557836 -0.014583166700203654
1682382633.0712233 1.7019077311387456 -0.06251647434197367 -0.014671072676494035
1682382633.1080656 1.7119321824655065 -0.0652183410152793 -0.014358853877106226
1682382633.1423743 1.7212616843393973 -0.0654658278822899 -0.015503090111435913
1682382633.1814258 1.728927653127765 -0.06561609957367183 -0.01576173979156037
1682382633.220768 1.7384213380722817 -0.06579870818182827 -0.01644216879593219
1682382633.2605362 1.7541026430822886 -0.06612048478797079 -0.017009661457827674
1682382633.3074865 1.7635121855510416 -0.06733439251780511 -0.017203618480593263
1682382633.3552926 1.7775437523900814 -0.06765642058104278 -0.017642999183141272
1682382633.4123182 1.7917604475873397 -0.06798558816313745 -0.018681127723995772
1682382633.4522276 1.8080369118449187 -0.06853833463042976 -0.019089572391953524
1682382633.4896228 1.8233635160402286 -0.06970179680734874 -0.020191995080771408
1682382633.5249004 1.8319659082616329 -0.069935574606061 -0.020742762549120553
1682382633.5581439 1.8397537630281786 -0.07006203331053258 -0.02066075109298504
1682382633.595381 1.8517820755197103 -0.07019135769456626 -0.02050499569758446
1682382633.6572473 1.8670438499357018 -0.07097923889756204 -0.021432937837523536
1682382633.7045527 1.8816423261613038 -0.07108385995030404 -0.022076579057672463
1682382633.7650454 1.9006776639421974 -0.07138328481465579 -0.022397214891535233
1682382633.801611 1.9103411868760862 -0.07103300414979459 -0.022745922212458414
1682382633.8387127 1.9216284160780217 -0.07084441132843496 -0.023668535065782814
1682382633.8756618 1.9363258896048052 -0.07078584324568511 -0.023559441561626038
1682382633.9105809 1.9452417199509386 -0.07050669141113759 -0.02337801523612737
1682382633.9439092 1.9553232068316928 -0.0704319676756859 -0.023914564867600463
1682382633.9808054 1.967547372244359 -0.0708195533975959 -0.024290418616306653
1682382634.025966 1.979470224018203 -0.07185047626495362 -0.02478208915157709
1682382634.0690582 1.9951844036740989 -0.07183013990521432 -0.02525519518929764
1682382634.130532 2.009868856235938 -0.07207628566771747 -0.025534668260229987
1682382634.165494 2.024281710290064 -0.07233724225312473 -0.02615883294292587
1682382634.201943 2.0374002719352022 -0.07242190692573787 -0.026282723295639077
1682382634.239093 2.0521234683553367 -0.0731830694153905 -0.027314961078422906
1682382634.2761996 2.0607077191167185 -0.07312181819230319 -0.02708818052286266
1682382634.3119867 2.072046359237408 -0.07317192241549493 -0.02831067501485851
1682382634.3458157 2.0809288933163765 -0.07355266198515893 -0.028964156276564568
1682382634.391997 2.091248171830045 -0.07386159844696523 -0.028735654547714873
1682382634.4458816 2.102071363029813 -0.07530889980494977 -0.029527635604937208
1682382634.503536 2.1152761962316933 -0.07548489090055228 -0.029658189759568687
1682382634.5390663 2.1226591369252903 -0.07593520678579808 -0.030839320503351475
1682382634.5775979 2.1279981461559236 -0.0762995606660843 -0.031852744240647546
1682382634.6128187 2.1312238887156667 -0.07563823595643045 -0.03197599249102878
1682382634.645325 2.135591590837881 -0.07557701639831067 -0.03300913734890454
1682382634.6800542 2.13970577453 -0.07555635314434768 -0.032973700444320686
1682382634.720177 2.142915159452688 -0.07550298184156419 -0.03284162401106805
1682382634.7706208 2.1472339596545194 -0.07579025760293008 -0.03263994624407718
1682382634.8165169 2.1486512218013565 -0.07585758663713933 -0.0332362377970985
1682382634.8717198 2.149309062282278 -0.07588495261967183 -0.03340670514554045
1682382634.9060178 2.1516344185531153 -0.07630266010761262 -0.03346424561634653
1682382634.9414268 2.1519091573171987 -0.07615607365965844 -0.033621179812088675
1682382634.9753213 2.15124832831526 -0.07614657603204252 -0.033734457707085275
1682382635.009401 2.151027438775004 -0.07613553985953332 -0.03410501906814378
1682382635.043201 2.1509586908309593 -0.07587469503283502 -0.03419093602618117
1682382635.0794415 2.150470485573387 -0.07573640666902066 -0.03425236777283569
1682382635.115187 2.1493353171243372 -0.07571425981819631 -0.03459921459071502
1682382635.1510987 2.1482642341032205 -0.07571592316031457 -0.03497209728615114
1682382635.1901484 2.147339636767399 -0.07561420597136022 -0.03504748917979117
1682382635.2534811 2.145671892786504 -0.07556371990591289 -0.03511292281079048
1682382635.3190908 2.143748571899444 -0.07549676060676576 -0.03499885947330794
1682382635.3590667 2.1435188093350366 -0.07545716729015113 -0.03501083461837773
1682382635.3951838 2.1431659604553763 -0.07560995541512967 -0.0349864776024118
1682382635.4295697 2.142676274439338 -0.07565351523458959 -0.034798882349948546
1682382635.4636045 2.142459417456254 -0.07568200998008252 -0.03479684353054879
1682382635.4980876 2.1421422769372898 -0.07570064947009088 -0.03467986782178256
1682382635.5313914 2.142012941495217 -0.07570335216820241 -0.03468084949925654
1682382635.5653453 2.1419001928723564 -0.07567499898374082 -0.034722299169923865
1682382635.6030202 2.14180854880657 -0.07565552316606046 -0.0347895483852223
1682382635.6386492 2.141728916823549 -0.07563784293830396 -0.0348296989180259
1682382635.6756384 2.1415673012416097 -0.07561857573688031 -0.03476282932713848
1682382635.7235305 2.141526339133237 -0.07564101688563825 -0.03477908279734865
1682382635.7755406 2.1413767276907496 -0.07564995571970941 -0.03478036296978293
1682382635.8195977 2.1413298723453726 -0.07565281301736833 -0.034802879270467546
1682382635.8554459 2.1413028981845867 -0.07566299237310888 -0.034779044469225084
1682382635.8927884 2.1413421932500016 -0.0757017968595028 -0.034758100082431076
1682382635.9280539 2.1413089649975774 -0.07571489311754705 -0.03479533170099791
1682382635.962955 2.1412704470509554 -0.07571606658399106 -0.03475070940679892
1682382635.9978492 2.1412522376755088 -0.07572578586637975 -0.03477322451568865
1682382636.0360172 2.141256090900325 -0.07570602506399156 -0.03481206190902508
1682382636.0769506 2.14126793814594 -0.07573990844190122 -0.034829372821096216
1682382636.1231492 2.1412256726300987 -0.07569229550659658 -0.034852972381891556
1682382636.1727188 2.1412958065998127 -0.07571459323167802 -0.034885389653650956
1682382636.2077935 2.141273747375309 -0.07569753140211107 -0.034807120161330696
1682382636.2428675 2.1413680087825617 -0.07564769074320794 -0.03483510737657003
1682382636.276812 2.141373314364378 -0.07562611013650895 -0.03486957518704559
1682382636.3140702 2.1413763741845235 -0.07571802981197835 -0.03486870591767888
1682382636.351038 2.1413418957491968 -0.07572989858686925 -0.03490480651296868
1682382636.3900099 2.1413802895703813 -0.07574064046144487 -0.03482768939294445
1682382636.4528348 2.141499855115974 -0.07575103029608728 -0.034803205568016304
1682382636.5050848 2.1414150877513647 -0.07573609933257104 -0.03489338556046562
1682382636.5481846 2.141398675898567 -0.0757332867383957 -0.03490888792777169
1682382636.5850942 2.141388858735502 -0.07565014570951463 -0.03489398195448912
1682382636.6199827 2.1414253370662073 -0.07563258655369283 -0.03485014233979933
1682382636.6547198 2.141523375436314 -0.07563997380435468 -0.03494406513428894
1682382636.6888752 2.141465345104042 -0.07549764163792134 -0.034938852696208667
1682382636.722684 2.1414682823888036 -0.07560143660753967 -0.034997549428535946
1682382636.7587626 2.141422728465564 -0.07563415490090848 -0.03510808714476088
1682382636.8050425 2.1414085071635447 -0.07565488427877427 -0.035119660422554544
1682382636.8840978 2.14132381228688 -0.07568503305315973 -0.035092029990976936
