1682382249.6553493 0.00036622531379565393 -0.0006857676804065682 0.0005513193408679395
1682382249.7158978 0.0003386477710956015 -0.0006670853495597817 0.0005547136517802809
1682382249.769164 0.000356669993032549 -0.0006670443713664986 0.00035378036454369877
1682382249.8069813 0.00037758881632299346 -0.0006398907303810097 0.00032081001808403897
1682382249.848778 0.0003514578399898549 -0.0006149834394454934 0.0003604423299803372
1682382249.8912027 0.0003195205879528429 -0.0007355375587940194 0.0004499146376686358
1682382249.9290516 0.0003310835323881989 -0.0007004490494728066 0.0004336637247897013
1682382249.971889 1.6910269344139195e-05 -0.000814215689897535 0.00030813217796321624
1682382250.0087993 0.0002761050262976572 -0.0007524056732654549 0.0004888013578434602
1682382250.0499933 0.0003495105603687487 -0.0007736025750637032 0.00044735719959998477
1682382250.107994 0.00035231199888724474 -0.0007366663217544533 0.00011245820085847846
1682382250.166011 0.00038913237869744877 -0.0007306611537933327 0.00030539364448944895
1682382250.2034528 0.0003590945686280378 -0.0007222568988800027 0.0003130811023113189
1682382250.2409828 0.00042426948131688014 -0.0007335445284843423 0.0003208781876342659
1682382250.2813191 0.00042654422098348244 -0.0007219327986240365 0.00012560222613533512
1682382250.3199012 0.0003782272499178452 -0.0007249316573142983 0.0005003570850297123
1682382250.3536155 0.00034354219609128434 -0.0006982026994228341 0.0005655814798006809
1682382250.3921251 0.00020107757062287623 -0.000998256206512449 0.0002373780584634666
1682382250.4297962 0.0001816744805089865 -0.0009697353839874245 -0.0003542979067354679
1682382250.496066 0.00022713413724259612 -0.0008682174980640389 -0.00023159034520037203
1682382250.5471435 0.0002507407768029546 -0.0008226236701011636 9.257495477243971e-05
1682382250.5804696 0.0002547238228425841 -0.0007947584986686684 0.00015281157684099433
1682382250.6141136 0.00026024909218266834 -0.000744720399379728 0.00020369605633141497
1682382250.6482432 0.0002900499550555491 -0.0007625645399093606 0.00013202060856087883
1682382250.6894577 0.0003253145697959259 -0.0007408460974693276 0.0003020807338507403
1682382250.729472 0.00026197113448847564 -0.0007263398170471169 0.00023636708890606428
1682382250.7793696 0.00026932335685861397 -0.0007955333590507485 0.00023076708384683897
1682382250.8290598 0.00027094981671804685 -0.0006839013099670388 0.0003072378868629322
1682382250.8636522 0.0003773086238558765 -0.0006664520502090432 0.0002946564947918784
1682382250.8963778 0.0004156929126676867 -0.0007064877450466134 0.0003147197955730707
1682382250.9306877 0.00039988615399577654 -0.0007031275331974007 0.00042159012616527214
1682382250.9676878 0.0004390704693880698 -0.0006978003680706002 0.0004216412409443482
1682382251.014537 0.0003918278701267319 -0.0007376162707805611 4.878849146550124e-05
1682382251.1005101 0.00044358400766353334 -0.0006816698610782601 0.00014376190236964348
1682382251.1422117 0.00044412487348041707 -0.000644167363643644 0.000271741233631273
1682382251.1763096 0.00046446824804574627 -0.0007353699207305886 0.0003696783175599627
1682382251.2129796 0.0005000144660406158 -0.0007273344695568063 0.0002815801932591899
1682382251.24831 0.00044663757535534643 -0.0007089278101921059 0.0005453171974614257
1682382251.288289 0.0008461960711898253 -0.0007074414193630196 0.0006479078391152804
1682382251.3633928 0.000901771684891084 -0.000806835889816282 0.0005851611451279659
1682382251.4249399 0.0007453244039012097 -0.0007665804028511025 0.0004831584337054995
1682382251.4633157 0.0007236462612743855 -0.0007654628157615639 0.0004519952913657477
1682382251.5001416 0.0006801585399150156 -0.0007222568988800027 0.0004724971982383863
1682382251.5363264 0.0004688881762953123 -0.0007368376851081826 0.0003028200457444452
1682382251.570659 0.00043473258280873894 -0.0007151415944099404 0.0002693614920556975
1682382251.6068506 0.0004135773337320403 -0.0007225474715232827 0.00022581123672216208
1682382251.6434066 0.0003964673230212601 -0.0007123550772666909 0.00028582783539188306
1682382251.705284 0.00039017386490788897 -0.00063453748822212 0.0002766803742122459
1682382251.7564628 0.0002606332573321102 -0.0006552352011203744 0.0002705560162747922
1682382251.8019295 0.0002469553353208753 -0.0006272247433662392 0.0002907592795851066
1682382251.838084 0.0002567386687917228 -0.0006726211309432961 0.0001946878629637272
1682382251.874561 0.0004222356947675976 -0.0007042786478996255 0.00016191030782453097
1682382251.911258 0.0003771491681559269 -0.0006734518706798531 0.00015667013959475007
1682382251.9493349 0.00029009955457912073 -0.0006464323401451089 0.0002276292142953107
1682382251.9881709 0.00029995457600198727 -0.0008054985105991341 0.00016128164074036277
1682382252.0379472 0.0003346320018446647 -0.0007613053917884804 0.0001720882010687319
1682382252.0955684 0.000327847307729362 -0.0007214187085628487 0.0002371571175687759
1682382252.1453738 0.00020356999212162163 -0.0007206922769546487 0.00028297835543544814
1682382252.1783738 0.00032917182784447663 -0.0006022168695926644 0.0003809309804936323
1682382252.2177875 0.0003736654171343501 -0.0005692368745803811 0.00043663010424399573
1682382252.2562451 0.0005175525123670144 -0.000549146384000776 0.0004859639954615247
1682382252.2928808 0.0005626603100346295 -0.0005851066112518288 0.00015879192666456987
1682382252.3305225 0.0005407818415850696 -0.000565817058086393 0.00029233342970491627
1682382252.3677428 0.0006506299078229416 -0.0007962188124656655 0.00043974761942866536
1682382252.4140797 0.0008882410995157131 -0.000820571035146711 0.0004980685289845965
1682382252.4675212 0.0005332508494856891 -0.0008164843916892983 0.00019491814082672754
1682382252.5305939 0.0005297316808031416 -0.0008285394310951211 0.0002887964993680825
1682382252.572913 0.0005051638179484341 -0.0007338052988052346 0.0003177647710446152
1682382252.608941 0.0005215659332857003 -0.0007135285437107064 0.00031691454252547047
1682382252.64307 0.0005033998170141107 -0.0008024884760379769 4.160038744460692e-05
1682382252.6816888 0.00048112748270129346 -0.0007308138906955697 0.00016258954282766247
1682382252.718621 0.0003696842302945147 -0.00054313004016876 0.0007609665221883777
1682382252.7549605 0.00038628976118273983 -0.0005163340270519234 0.0007357773477965068
1682382252.7983649 0.000377097323588399 -0.0005125603079795815 0.000723142779948116
1682382252.8492541 0.00041284484020848167 -0.0005097402632236459 0.0006973598432888917
1682382252.9070363 0.0003807780033205921 -0.0005260682106018044 0.0006105332260184504
1682382252.943573 0.00036485304789449224 -0.0004857791960239388 0.0005893260179745674
1682382252.9794939 0.00013596613392266588 -0.00048174843192100303 0.00042091575542313464
1682382253.0139287 0.0002706350661718093 -0.0004897540807723977 0.0005393743341803869
1682382253.0478406 0.0002944228491197354 -0.0005534230172634103 0.0005517844103923863
1682382253.0984821 0.00029537101232829377 -0.000571978688240049 0.0005125629258972975
1682382253.152913 0.0003013490698707544 -0.0005770525336265542 0.000519068717849569
1682382253.2047832 0.0003007282296512148 -0.0005782110989093758 0.0005247668558583385
1682382253.247786 0.0003137856029360453 -0.0005884481966495492 0.0005390271331700003
1682382253.2818718 0.00033184676826056303 -0.0007162815332412698 0.000439431124330536
1682382253.3196008 0.00037559916044843655 -0.0007468996942043282 0.0004246716679523477
1682382253.3546865 0.000375670699426095 -0.0008297948539257027 0.00045797625725985114
1682382253.3905003 0.0004320831974543027 -0.0008206082880496957 0.0005266851030456543
1682382253.4272895 0.00042657764586404023 -0.0007406449317932107 0.000395354010556348
1682382253.4922347 0.00041628664998177856 -0.0007378323376178719 0.00035234742101297734
1682382253.55388 0.00039854762035915203 -0.0008008456230163552 0.00025692783208519643
1682382253.590188 0.0006363655214258468 -0.0006941905617713906 0.0005336850612016608
1682382253.6254292 0.0005300709306793605 -0.000671458840370176 0.0004694028207581358
1682382253.6585395 0.0003999089982207604 -0.0008120438456535317 0.0005521694207852867
1682382253.6903923 0.00041921790674417925 -0.0008033639192581155 0.0005458548057055701
1682382253.7271147 0.0004971493270786997 -0.0007048188149929024 0.0005736263184235035
1682382253.7746706 0.0004968665220979052 -0.0006751990318298318 0.0005029519601067456
1682382253.860928 0.0005001115521349742 -0.0006787566840648629 -1.2991619130264809e-05
1682382253.904818 0.00047317778773334207 -0.0006620748341083504 5.712789985068412e-06
1682382253.9388683 0.000430157469457626 -0.0007025538384914376 9.558534975684374e-05
1682382253.9749038 0.00043500757507755616 -0.0007730698585510232 0.00020587655425874374
1682382254.0126762 0.00027179177908445706 -0.0006766630709171273 0.00024509426424024205
1682382254.0566978 0.0003169315615471624 -0.000664216876029966 0.00022228786019673485
1682382254.119877 0.00020401630192565245 -0.0007956153154373147 0.00010814055070773598
1682382254.1790075 0.0002080521256085932 -0.0007356381416320779 0.0001875965253628209
1682382254.2119162 0.0001040137272206032 -0.0009105889499187447 0.0003738412304628014
1682382254.248747 0.00019392401499757073 -0.0009338459372520425 0.0003685531014274712
1682382254.2841587 0.0001901744842817965 -0.0009616030752658822 0.00034747773861010245
1682382254.3262749 0.00021919030789138705 -0.0010302974283695199 0.0004006119516757334
1682382254.365757 0.0003562627333811019 -0.0011762058734893777 0.00044853059906846404
1682382254.439289 0.00044794232557987534 -0.0011840923130512215 0.00023421499318887484
1682382254.4759076 0.00047930796994732905 -0.0011331936717033364 0.00036218518909447717
1682382254.5125394 0.0004558146909367511 -0.0011171264946460702 0.00038965557484726965
1682382254.5472925 0.00041015129041208076 -0.0011037825047969796 0.00019186134846038705
1682382254.5828402 0.0004095565966825421 -0.0010839565098285653 0.0002487655727403393
1682382254.6212962 0.0003865646010013102 -0.0011236457526683785 0.00028246768330753014
1682382254.660477 0.0004413822286866431 -0.0011352984607219674 0.0003023984687879899
1682382254.7449512 0.0005153496741825692 -0.0012330836057662942 0.0003481141028272017
1682382254.7998762 0.0005381601679446679 -0.001152844578027723 0.00042015450208920946
1682382254.836898 0.0005582974776984218 -0.0011400146782398202 0.0004272494887551659
1682382254.8717837 0.000555173540477405 -0.001114746034145353 0.000500856687742024
1682382254.9097342 0.0005851776580089174 -0.0013619525730609872 0.00033716604118883
1682382254.9450727 0.0005207162565303292 -0.0012120021879672982 0.0003856224942166975
1682382254.978613 0.0005265001210279507 -0.0012054978311061837 0.0004094255446158712
1682382255.0131068 0.0005262897195728311 -0.0015460824966430642 0.0001008734056087146
1682382255.0500996 0.0005104970737386527 -0.0015060281753540017 0.00022624500319556873
1682382255.099031 0.0005425303596142128 -0.0012839002907276131 0.0003325253699322239
1682382255.1440551 0.0005548643913673712 -0.0013812011480331399 0.00024063978213284543
1682382255.183322 0.0005729822434223097 -0.001329602152109144 0.0002809347210603885
1682382255.2197812 0.0004970857408491403 -0.0014334893226623513 0.00017031091180763624
1682382255.2580452 0.0004114298727934118 -0.0013066990673542 0.00022355532189055616
1682382255.2940376 0.00042316806669376317 -0.001426865756511686 0.0005022479249072731
1682382255.3317645 0.00032620518172604696 -0.0013630738854408242 0.0003941506715863241
1682382255.3696208 0.00031631723001732115 -0.0013663670420646645 0.00046503221860216826
1682382255.4053159 0.00034104444379337573 -0.00126005098223686 0.00046925357203631
1682382255.4463518 0.00038978684342327874 -0.0012234425544738747 0.00042156217323685574
1682382255.4982638 0.00036423496022477964 -0.0013508065044879891 0.00013537487758585875
1682382255.5608885 0.0003896642971144004 -0.0012997327744960763 0.00014762838304838155
1682382255.597329 0.0004304105515705037 -0.0012409849464893319 0.00034410232093673443
1682382255.6327102 0.00037638871860068424 -0.0013415193557739236 0.00019124603779663296
1682382255.6675587 0.0003503715149798803 -0.001248059272766111 0.00021489000989749485
1682382255.7008371 0.00038722437914603947 -0.0011998763680458047 0.0002709229294484139
1682382255.7378476 0.00044072429981029115 -0.0011539211869239785 0.00034103768482229846
1682382255.7757554 0.000438887268168181 -0.0010878829658031441 0.00035359775301380125
1682382255.8201926 0.0004891597755102839 -0.0010497397184371926 0.0004446774499191619
1682382255.8815823 0.00046171840381770135 -0.0010460218787193276 0.0004302941650364822
1682382255.920309 0.0004646081607925512 -0.0010398490726947762 0.0004408229591312818
1682382255.9561846 0.0004432529464110657 -0.0009437999129295327 0.0004817684844233838
1682382255.9897995 0.00026533630589145596 -0.0009236758947372414 0.0004456515036921349
1682382256.023576 0.00033480170896685313 -0.000910559147596357 0.0004929322246856049
1682382256.0571063 0.00024271521813168384 -0.0008851414918899514 -0.0002440594299704113
1682382256.0929728 0.00034102067096172806 -0.0008999234437942483 3.276968066678876e-06
1682382256.1397262 0.0003493306375780547 -0.0009162066876888253 0.00015742650501771038
1682382256.2138042 0.00036838418418413954 -0.0009635178744792916 0.0002077943780485203
1682382256.2553296 0.00034358814326032605 -0.0009678131341934182 0.0002124021061702397
1682382256.2918026 0.0003607977363788428 -0.0009745819866657235 0.0005490186418606324
1682382256.3272986 0.00041080588375230764 -0.0009771300852298714 0.0005553406055971433
1682382256.3639774 0.00042490427149544097 -0.0009507177770137765 0.0005522266423958477
1682382256.3998687 0.0002475492951032887 -0.0010430938005447365 0.00046612657500610943
1682382256.4427862 0.00023784810162566505 -0.001066920757293699 0.0004837835961055692
1682382256.4796555 0.0002290372509314298 -0.001375475376844404 2.763209901046615e-05
1682382256.542212 0.0003113316818747214 -0.0012528686225414254 3.306319594664764e-05
1682382256.5943675 0.0003212051656900361 -0.001191490739583967 0.00013107314093852018
1682382256.6577904 0.0003477283443393542 -0.0011422424018383004 0.0001439781763941106
1682382256.7022293 0.0003565678264161043 -0.001115584224462507 0.00030543507705238504
1682382256.736887 0.0003071208714179319 -0.0011651007831096627 0.00026046905642163054
1682382256.769546 0.0004078563622367526 -0.001180814057588575 0.0003358121633789679
1682382256.8116493 0.00036484612356632584 -0.0012362501025199868 0.00032649835016584916
1682382256.8513694 0.00034159529089256013 -0.0012028342485427834 0.0003573229051307969
1682382256.8954191 0.0003668979211158274 -0.0011894977092742898 0.0004102713036557848
1682382256.962571 0.0003924943297713701 -0.001179845482110975 0.0004132232100648725
1682382257.0003004 0.00039915740519125276 -0.0010716667771339394 0.000552728602068786
1682382257.037343 0.0003270588723471579 -0.0010666823387145974 0.000550911045162028
1682382257.0758555 0.000340307167696452 -0.001057622432708738 0.0005907235862399052
1682382257.110977 0.00029905319570849853 -0.0012185885012149789 0.00014918133001984302
1682382257.148772 0.0004105496364308625 -0.001224727779626844 0.00031135909737334266
1682382257.1854982 0.00041254794920544957 -0.0012824697792530038 0.00032136584825148695
1682382257.222149 0.0004189110970281573 -0.0012767253816127755 0.00033672343656321324
1682382257.2620158 0.00043626323030471204 -0.0012577003240585305 0.00043093007997163646
1682382257.308194 0.0002913259919615774 -0.0012425309419631936 0.00029644105828485756
1682382257.3664358 0.0004583725519063664 -0.001214654594659803 0.00029322258323816186
1682382257.408489 0.0004966130978405203 -0.00119833782315254 0.00036997395773719077
1682382257.4432006 0.0003348194672073701 -0.0013721524178981759 0.00017341052517760858
1682382257.4797862 0.00033983403207954455 -0.001393468528985975 0.00022987929560147613
1682382257.5162451 0.00035615640938688187 -0.0013516148924827553 0.00028548162679897793
1682382257.5503752 0.0003728181994491764 -0.0013230530917644479 0.00030314495361061233
1682382257.5912957 0.0003970688124645405 -0.0013153976202011086 0.0002444405505315217
1682382257.6297019 0.0003843049747837002 -0.0013065761327743508 0.00029333558575306284
1682382257.6793582 0.00044944201719693266 -0.0016728280484676339 0.00028131727219671276
1682382257.7491417 0.00044672894530348173 -0.001515821963548658 0.0002808234300746282
1682382257.787245 0.00046704524278565196 -0.0014440207183361031 0.00027837869706881513
1682382257.8258283 0.0004663042746075319 -0.001346459090709684 0.00030973289182556485
1682382257.859093 0.00047256187260596993 -0.0012456490099430062 0.0003938356692116951
1682382257.894492 0.00041069727101542 -0.001200975328683851 0.0001969017254372929
1682382257.9290524 0.0003876649782662278 -0.0011764815449714638 0.0002333470639708235
1682382257.9797513 0.0003846181159101181 -0.0011324188113212563 0.0003502852396402023
1682382258.0459044 0.000394653936589634 -0.001106375306844709 0.0003739429898208524
1682382258.0830026 -0.00020261872333410258 -0.0011255344748496987 3.813872143743069e-05
1682382258.1199617 0.00024320134381627945 -0.0011025457084178902 5.495783022468892e-05
1682382258.155269 0.0002689669952906648 -0.0010968646407127358 0.0002110551055758414
1682382258.1895053 0.0002908536424325592 -0.001115569323301313 0.00023864792814154434
1682382258.2236993 0.00033415252637533643 -0.0010848282277584054 0.0002855740994676115
1682382258.2571905 0.00037000115487340057 -0.0011970414221286751 0.0002619446748373111
1682382258.295387 0.0005048629091067569 -0.0011781020462512948 0.0002887456081126505
1682382258.3349676 0.00046108100013222963 -0.001175628453493116 0.00029753566459334024
1682382258.3823493 0.00045824453575538104 -0.0011808662116527535 0.00032962050633633666
1682382258.4776452 0.0002973446440245331 -0.0012291161715984322 -0.0005296957111744494
1682382258.5188904 0.0002385668373671157 -0.0012477314472198464 -0.00019365903645751636
1682382258.5581896 0.00014355406054691877 -0.001257495433092115 -0.00017048375929640258
1682382258.5958009 -0.0002744691229933094 -0.001438760608434675 -0.00024010060381018938
1682382258.631022 -0.0003671938557434917 -0.001354490816593168 -0.00015963812833175162
1682382258.665657 -0.00044288133437778154 -0.0012966631352901437 -1.4329051700734396e-07
1682382258.7085059 -0.0004736084890366865 -0.0012480816245079018 1.4313103346763612e-05
1682382258.749789 -0.0004946164337554237 -0.0011324337124824502 4.31014440389621e-05
1682382258.7855067 -0.000452085508668848 -0.0010455040633678414 9.046661921807697e-05
1682382258.8269517 -0.00044692562477030573 -0.0009920647740364053 0.0001239064795417466
1682382258.870361 -0.00042078857922175916 -0.0009529492259025552 0.0001530249423269403
1682382258.9268072 -0.0004455347097621354 -0.0008653452992439248 0.0001742259935089141
1682382258.96357 -0.0004435439624021209 -0.000833538770675657 0.00018721632721407921
1682382259.0020049 -0.0004394844105795048 -0.0008152662217617013 1.828854120389245e-05
1682382259.039582 -0.0002758221394209559 -0.000835975110530851 0.0001222039629951155
1682382259.0780725 -0.00022370131513216318 -0.0008913627266883828 -0.00014207333074134354
1682382259.116033 -0.00017609938574034145 -0.0008953338861465432 -3.5491316312308285e-05
1682382259.1548395 -3.6255313624888874e-05 -0.0010411268472671487 -3.565478742983963e-05
1682382259.191094 3.904540373331211e-05 -0.0009633204340934731 1.5021262529169022e-05
1682382259.2518857 -0.00014168525320992775 -0.0009277923405170418 8.00628546127058e-06
1682382259.307937 -0.00012638442090165403 -0.0009142024815082528 6.504154575148746e-06
1682382259.3434772 9.811359717315504e-05 -0.0009117512404918648 6.822704604347862e-05
1682382259.3782654 7.527256217734757e-05 -0.0011377273499965646 5.061257462846136e-05
1682382259.4134939 0.00013732934665208751 -0.0011281384527683236 0.00013547854487061528
1682382259.4514883 8.533760914358757e-05 -0.001210009157657621 -9.163646724963392e-05
1682382259.486961 -0.00011855067516131079 -0.0010876147449016549 -9.02616150295632e-05
1682382259.52361 -0.00011619506377003042 -0.0011042742431163766 -4.729405031289602e-05
1682382259.5922928 -3.9505083032798094e-05 -0.001149577498435972 0.0001649435124593257
1682382259.6434057 -0.00010408349493301605 -0.0011608539521694161 -5.050743732648577e-05
1682382259.6852453 -7.947842026945207e-05 -0.0011987364292144753 2.7710047113327363e-05
1682382259.7235265 0.001374690442481341 -0.0012366971373558022 0.001233668327673243
1682382259.7663682 0.007031120681995989 -0.0012404410541057564 0.004665282485263766
1682382259.8029964 0.017360079934962303 -0.0015054395794868447 0.004652329063437488
1682382259.8387764 0.03191700414500709 -0.003218749016523359 0.005615560503617889
1682382259.8817694 0.04117273528585075 -0.0033538094162940957 0.0066908032673131945
1682382259.9458318 0.052616065031695886 -0.003487655371427534 0.007389847642776948
1682382259.9943357 0.09373518280247485 -0.0049403509497642495 0.004141915791212369
1682382260.0488875 0.10753904018615948 -0.005986382663249967 0.002984896131151382
1682382260.0844748 0.1344080248415171 -0.007494145482778547 -0.00011377187757810603
1682382260.1232338 0.16106416026424697 -0.008813568800687788 -0.0009895364282805907
1682382260.1579742 0.18416462681002943 -0.011171223074197767 -0.0016028000193666347
1682382260.1943498 0.2034565781863237 -0.012727772295475004 -0.0013009114745110573
1682382260.229469 0.22565048061923254 -0.01354339107871056 -0.0004695894695545544
1682382260.2679102 0.239496012351718 -0.013987561166286473 -0.0012664483043829389
1682382260.3047984 0.2700640988038515 -0.015678161233663564 -4.6981665097423075e-05
1682382260.394323 0.3210071377268866 -0.016438582390546803 -0.0011960267434736327
1682382260.4299796 0.3555393828003489 -0.017321632653474812 -0.004166042413869642
1682382260.4658463 0.3753674501392889 -0.018365999162197118 -0.0050724470186434
1682382260.4999259 0.40036911195596225 -0.01866550505161286 -0.004751720317847541
1682382260.5388377 0.43175475984483536 -0.019752932190895085 -0.0054490589117530686
1682382260.5759547 0.45710683568932375 -0.02094545722007752 -0.00887142378460748
1682382260.6229935 0.47946793133949117 -0.02122515574097634 -0.010423678614514431
1682382260.6720357 0.5082406678457764 -0.022247911840677266 -0.00920202898365785
1682382260.7300153 0.5423696587762176 -0.02264543384313584 -0.011551866060937277
1682382260.7729402 0.5874471211650998 -0.02387974545359612 -0.009942677592846616
1682382260.808216 0.6103807828953565 -0.02430464088916779 -0.010013807180299317
1682382260.843562 0.6323694817418822 -0.024827951043844228 -0.009582220557063703
1682382260.8784258 0.654393080649977 -0.02507829055190087 -0.009089566322223908
1682382260.9161217 0.6786348156147746 -0.025116303414106374 -0.00850584563193979
1682382260.9995728 0.7093957049018814 -0.024912727475166326 -0.00819591028323563
1682382261.041783 0.7658026308619752 -0.02424072608351708 -0.008740313403004851
1682382261.0799673 0.7903895264038657 -0.023856022804975514 -0.011687369766920419
1682382261.1187215 0.812923533726111 -0.02361107006669045 -0.010807756416660652
1682382261.154219 0.8418222298648073 -0.023488288223743443 -0.010576088587360699
1682382261.1887984 0.8676370637595084 -0.023378712534904485 -0.00997833962262562
1682382261.2242768 0.8890488577738245 -0.023359698653221135 -0.01076586483139197
1682382261.2626002 0.9108494570310801 -0.02311607584357262 -0.011722639281367853
1682382261.3036413 0.934199672435466 -0.022573893368244176 -0.01285443078605586
1682382261.365828 0.9664884262852002 -0.021915969848632817 -0.01402602441770262
1682382261.418445 1.012750134634628 -0.021748253554105763 -0.01394814505047659
1682382261.4556792 1.0465537570322692 -0.02241524443030358 -0.013583103922414796
1682382261.4897404 1.0729240403406721 -0.024385304600000386 -0.013752486640665751
1682382261.5228562 1.0943726564589282 -0.024657325297594075 -0.014173887199081525
1682382261.5596497 1.115085642470221 -0.02562200412154198 -0.014533987293505524
1682382261.6304185 1.1393082273997055 -0.027606876045465474 -0.014829345068476885
1682382261.678162 1.19184395863764 -0.02805374696850777 -0.01350770050106731
1682382261.715426 1.2164455504674268 -0.029477958977222447 -0.014409769152449847
1682382261.7547195 1.2368634411896078 -0.03033317014575005 -0.01568256998783335
1682382261.791139 1.2688519436999375 -0.03190152853727341 -0.015746144991850564
1682382261.8261552 1.292849624303642 -0.03249092906713486 -0.016353301957075406
1682382261.8611 1.3130659686651454 -0.03478279657661915 -0.018039739458229453
1682382261.899214 1.3357424860743727 -0.035763859227299695 -0.018747384922232824
1682382261.9487748 1.3621574151593063 -0.03598402574658394 -0.018584149281848594
1682382262.0432088 1.4145158897349885 -0.037476833388209355 -0.01842390019700013
1682382262.0849922 1.4615309388215225 -0.03795848175883294 -0.01655614023027674
1682382262.1243887 1.4954318603079795 -0.04019990511238576 -0.016973876544302158
1682382262.1595967 1.5202113905066934 -0.0409395056217909 -0.01879135274317245
1682382262.1967537 1.540770720102804 -0.041525521725416195 -0.019083826881037602
1682382262.2354064 1.5624977437608312 -0.04174387216567994 -0.019703276069355624
1682382262.2759323 1.5976168955796235 -0.04311826772987844 -0.018326129758183374
1682382262.3134427 1.620095888669742 -0.04439742624759675 -0.020539101778564106
1682382262.353133 1.6426423625279931 -0.045118117183446896 -0.02082571285269119
1682382262.406994 1.6757527391475242 -0.04522332590073348 -0.020512908620801795
1682382262.4550657 1.7119167841001832 -0.045343937762081635 -0.01941779710891267
1682382262.5070708 1.745970630756207 -0.04569356184452773 -0.019497377220037082
1682382262.5432222 1.7809584867673987 -0.046061920411884796 -0.019365264520450287
1682382262.5793765 1.8033733951198319 -0.04617149889469148 -0.020853356865685013
1682382262.6156642 1.8299999745210374 -0.047371687777340424 -0.022462864581077158
1682382262.6499677 1.8493619310662965 -0.04747041728347541 -0.021780419493758085
1682382262.685585 1.8701753098345173 -0.0477960179001093 -0.021017345742239568
1682382262.7227595 1.9059840839896234 -0.04874518927186729 -0.02006414538279855
1682382262.7610817 1.929079604223386 -0.04978799115866424 -0.021605310420026003
1682382262.8116372 1.9533996833524119 -0.05097752571105958 -0.020791126903407342
1682382262.8650675 1.9962139681973998 -0.05217189755290748 -0.022972148318176178
1682382262.9044168 2.022784906802165 -0.05204763397574426 -0.02291640596391553
1682382262.9402385 2.053543056967226 -0.05382196180522443 -0.024019811811004876
1682382262.9755068 2.078082593041453 -0.05536587391048671 -0.023028260605515216
1682382263.012042 2.101989196982985 -0.05565023509785534 -0.024462951760359397
1682382263.0494516 2.1244434459631503 -0.05578291876241566 -0.023591149124404076
1682382263.0857134 2.147607168672328 -0.05570955988019706 -0.022810124458021663
1682382263.1416957 2.1776683974804287 -0.0552860288321972 -0.023761132022103615
1682382263.1922557 2.215066596373626 -0.05529751529917122 -0.02257036353697406
1682382263.247286 2.246810818610197 -0.055692442636936915 -0.022973562989504703
1682382263.294664 2.293054470412009 -0.057016048058867466 -0.023729828587882196
1682382263.3338869 2.3148588475259655 -0.05834919325076045 -0.024774023094555897
1682382263.3730485 2.349572753212925 -0.05953149267821574 -0.024548435443229932
1682382263.411774 2.3718663726734373 -0.05980024814431091 -0.02599079572168428
1682382263.449895 2.3967910696546584 -0.06131121196318419 -0.02685950802156234
1682382263.4842353 2.4183416584386905 -0.06154395715799184 -0.026357461728947706
1682382263.519984 2.440590835519352 -0.06154111406300218 -0.025437674314391145
1682382263.5540662 2.4767182742398646 -0.06171502528246493 -0.023887729186169437
1682382263.5929446 2.499672851189722 -0.061767461304552865 -0.024298699892183695
1682382263.6575696 2.5238520294438715 -0.062202248899266135 -0.023516751930385604
1682382263.7066975 2.569078645643883 -0.06362499780021609 -0.02421374387236863
1682382263.7624512 2.6054688825434744 -0.06428402051329614 -0.023135481924777768
1682382263.8160498 2.6494149400732296 -0.06757855642586948 -0.023048513376570767
1682382263.8536127 2.685366993333878 -0.07079447939991952 -0.02256378653523039
1682382263.8881032 2.7068184401328295 -0.07250232849270107 -0.02219859257139878
1682382263.9228544 2.7321055759460453 -0.07353835780173541 -0.021222505994036744
1682382263.9681108 2.754903538443831 -0.07376910507678987 -0.0217237906482588
1682382264.0458274 2.797973203064163 -0.07399198453873397 -0.021063117644303908
1682382264.1004968 2.8446841444441135 -0.07483017299324275 -0.023124100819818194
1682382264.140759 2.877036807362953 -0.07505412999540569 -0.023946118091583868
1682382264.1757722 2.90105705807688 -0.07520674955099822 -0.023031757590514124
1682382264.2105865 2.9190116857519657 -0.07528083439916373 -0.02641896208897143
1682382264.245182 2.9349464378790335 -0.0752543429285288 -0.025768609488451055
1682382264.281127 2.958217619714514 -0.07529288943856956 -0.02472594477761425
1682382264.330707 2.9763304406957802 -0.07577966660261155 -0.026480167626969475
1682382264.3734984 3.0079353444859747 -0.07607107929885389 -0.025315762053874646
1682382264.4235768 3.029080426571092 -0.07668169163167478 -0.02528267644736948
1682382264.4798825 3.0519152697594683 -0.07745176874101163 -0.02539515541272208
1682382264.5214746 3.0754678754166123 -0.07761525124311448 -0.02522022804999735
1682382264.5585072 3.099078850416056 -0.07871169731020929 -0.025186087367342846
1682382264.5940711 3.1099056171911648 -0.08045980468392373 -0.0249237156084956
1682382264.6301389 3.1240481404915075 -0.08070211805403234 -0.02517134466796067
1682382264.664715 3.135312112211546 -0.08102103456854821 -0.024830160442988802
1682382264.7027082 3.149196706590573 -0.08143821306526662 -0.024455351642147738
1682382264.747813 3.1650487718832667 -0.08214313298463823 -0.02439470941987021
1682382264.803182 3.1781946473954252 -0.08348247170448306 -0.024837829754284835
1682382264.8628268 3.1919298688498485 -0.08377044223248961 -0.02447383786655899
1682382264.902594 3.211038585110076 -0.08429933287203314 -0.023684826257647895
1682382264.9425433 3.21740032179498 -0.08513496018946173 -0.02406030479357346
1682382264.9784124 3.222635179761766 -0.0860148271918297 -0.024142095912650596
1682382265.018219 3.2256753794937776 -0.08627817355096343 -0.02472210389668117
1682382265.056055 3.2309669105639105 -0.08687683142721656 -0.02466749688397818
1682382265.1064036 3.2340636638393985 -0.08702195942401889 -0.02466984450537657
1682382265.1662154 3.2369235526378097 -0.08715523540973666 -0.024685358172882976
1682382265.223328 3.2395471086099037 -0.08722086571156981 -0.024758054552249442
1682382265.271957 3.239843174163067 -0.08726094983518126 -0.02484505168960749
1682382265.3079417 3.2400722763867034 -0.08732740715146067 -0.025129954070535865
1682382265.34259 3.2393267608496705 -0.0873499842733145 -0.025273012534124728
1682382265.3791232 3.238542549023843 -0.08735969610512259 -0.025377425550888955
1682382265.4158268 3.2379245376436785 -0.08738359943032267 -0.025430433210608117
1682382265.454065 3.236083613046298 -0.0873954086005688 -0.025612910574053238
1682382265.4907804 3.2330495387208797 -0.08737478539347651 -0.026028284308678318
1682382265.5327106 3.2308382344823587 -0.08734825760126116 -0.026208169655305813
1682382265.5764968 3.2284273788107405 -0.08719585597515109 -0.02638837286157436
1682382265.6599252 3.2266091342597094 -0.08708443626761439 -0.026690147959404165
1682382265.6951482 3.223645607187683 -0.08698379382491114 -0.02691245015996091
1682382265.7328854 3.223222944284584 -0.0869331466406584 -0.027248468542054427
1682382265.769025 3.2225546026665337 -0.08673897892236712 -0.02736427083341364
1682382265.8051417 3.2214130716913814 -0.08661190181970599 -0.027884505804953275
1682382265.840364 3.221187685263714 -0.08655499055981639 -0.027912375352297625
1682382265.8768678 3.2207892034170045 -0.08652522362768653 -0.027815702852622914
1682382265.9353433 3.2204143302681847 -0.08636639028787615 -0.027980914971589943
1682382265.9904733 3.220103812841412 -0.08642832137644293 -0.02823003829355697
1682382266.031843 3.2197446101734917 -0.08634731493890288 -0.02830291829872178
1682382266.066477 3.219733846883201 -0.08610608749091628 -0.028297727706241504
1682382266.1050885 3.219317577686539 -0.08608419209718707 -0.028494373534471817
1682382266.1409323 3.2191989687927136 -0.08600694634020331 -0.028332849011620143
1682382266.1747565 3.219130143197274 -0.08615519985556605 -0.02855555464666204
1682382266.2102659 3.2190698873608645 -0.08612483687698844 -0.028572654249527263
1682382266.2652004 3.219025810221454 -0.08607194520533087 -0.028550510819749242
1682382266.335082 3.2190513302375474 -0.08608106471598151 -0.02853574624895705
1682382266.376241 3.218955047089316 -0.086130136102438 -0.02856276509509903
1682382266.4136848 3.2188547798393135 -0.08604222483932975 -0.028553101549428694
