0.0 0.0
0.10000892167219894 -3.2393837063691385e-05
0.20001730263699188 -6.282441127503784e-05
0.30002460218697286 -8.932845978169443e-05
0.4000302796147358 -0.00010994271973131622
0.5000337942128747 -0.00012270392827155827
0.6000346052739839 -0.00012564882255007565
0.7000321720906568 -0.00011681413971452349
0.8000259539554879 -9.423661691255675e-05
0.9000154101610709 -5.595299129183056e-05
1.0 0.0
1.0999797234722752 7.362235696293504e-05
1.1999567434075205 0.00015706102818759473
1.2999337633427657 0.00024049969941225427
1.3999134868150407 0.00031412205637518925
1.4998986173613758 0.0003681117848146749
1.599891858518801 0.00039265257046898646
1.699895913824346 0.00037792809907639946
1.7999134868150408 0.00031412205637518914
1.8999472810279159 0.00019141812810363084
2.0 0.0
2.1000721844387007 -0.00026209559078804875
2.200155723732927 -0.0005654197014753412
2.3002403444419652 -0.0008726703378673233
2.4003157731251017 -0.0011465455057694414
2.5003717363416222 -0.0013497432109871414
2.600397960650813 -0.0014449614593258701
2.7003841726119604 -0.0013948982565910747
2.8003200987843497 -0.0011622516085881985
2.900195465727268 -0.0007097195211226912
3.0 0.0
3.099731538772923 0.00097476000618926
3.1994203616607724 0.0021046177777137697
3.299104858889374 0.003250181652057039
3.398823420684554 0.004272059966702576
3.4986144372721357 0.00503086105913389
3.5985162988779473 0.005387193266834495
3.6985673957278147 0.005201664927287899
3.7988061180475614 0.0043348843779776065
3.899270856063015 0.002647459956387134
4.0 0.0
4.101001660469608 -0.003636944433969009
4.202162829623983 -0.007853051409379738
4.303340220000539 -0.012128056270360819
4.404390544136686 -0.015941694361040867
4.505170514569834 -0.01877370102554842
4.605536843837397 -0.02010381160801212
4.705346244476783 -0.01941176145256052
4.804455429025406 -0.016177285903322215
4.902721110020674 -0.009880120304425852
5.0 0.0
5.096183372041771 0.013870630796343144
5.191300741388281 0.0316884923930561
5.285416183822794 0.05329759622910821
5.37859377512858 0.07854195374346813
5.47089759108891 0.10726557637510507
5.56239170748705 0.13931247556298837
5.653140200106268 0.1745266627460865
5.743207144729834 0.21275214936336906
5.832656617141015 0.2538329468538044
5.921552693123079 0.2976130666563621
6.009959448459297 0.3439365202100113
6.0979409589329325 0.3926473189537205
6.185561300327258 0.44358947432645934
6.272884548425539 0.49660699776719625
6.359974779011046 0.5515439007149002
6.446896067867047 0.6082441946085413
6.53371249077681 0.6665518908870873
6.620488123523603 0.7263110009895083
6.707287041890693 0.7873655363547722
6.794173321661351 0.8495595084218488
6.8812110386188445 0.9127369286297073
6.968464268546439 0.9767418084173162
7.055993549843752 1.0414109698164948
7.14381393311042 1.1064887850865472
7.231908906479108 1.1716554786736506
7.320261322909226 1.2365899840927173
7.408854035360178 1.300971234858659
7.497669896791371 1.3644781644863897
7.586691760162214 1.4267897064908206
7.675902478432112 1.4875847943868645
7.765284904560475 1.5465423616894343
7.854821891506708 1.6033413419134441
7.944496292230218 1.6576606685738033
8.034290959690413 1.7091792751854258
8.124188746846698 1.7575760952632247
8.214172506658484 1.8025300623221119
8.304225092085174 1.843720109877001
8.394329356086175 1.8808251714428028
8.484468151620897 1.9135241805344319
8.574624331648748 1.941496070666799
8.66478074912913 1.9644197753548172
8.754920257021457 1.9819742281133996
8.845025708285128 1.9938383624574585
8.935079955879557 1.9996911119019063
9.025065930860011 1.9992138906656831
9.114973798316774 1.9923179010508902
9.204806715592657 1.9793270423967686
9.294569195066764 1.9606082565754985
9.384265749118205 1.936528485459261
9.473900890126078 1.907454670920237
9.56347913046949 1.8737537548306065
9.653004982527545 1.835792679062552
9.74248295867934 1.793938385488254
9.831917571303983 1.7485578159798925
9.921313332780576 1.7000179124096493
10.010674755488226 1.6486856166497037
10.100006351806034 1.5949278705722387
10.1893126341131 1.5391116160494343
10.278598114788535 1.481603794953471
10.367867306211433 1.4227713491565306
10.457124720760907 1.3629812205307916
10.546374870816052 1.3026003509484383
10.635622268755979 1.2419956822816496
10.724871426959783 1.1815341564026067
10.814126857806574 1.1215827151834907
10.903393073675455 1.0625083004964813
10.992674586945526 1.0046778542137613
11.081975211911699 0.948401550742883
11.171295187915074 0.8936988530479992
11.260633612978149 0.840496413276919
11.3499895846251 0.7887208430552054
11.439362200380105 0.7382987540084244
11.528750557767342 0.6891567577621386
11.618153754310997 0.6412214659419117
11.707570887535244 0.5944194901733075
11.797001054964264 0.5486774420818895
11.886443354122237 0.5039219332932228
11.97589688253334 0.46007957543287026
12.065360737721752 0.41707698012639605
12.154834017211655 0.3748407589993637
12.24431581852723 0.33329752367733656
12.33380523919265 0.2923738857858797
12.4233013767321 0.2519964569505564
12.512803328669756 0.21209184879693022
12.602310192529798 0.17258667295056535
12.691821065836407 0.13340754103702454
12.781335046113762 0.09448106468187331
12.87085123088604 0.05573385551067468
12.96036871767742 0.017092525148992288
