1683162181.9448283 0.0023357030049604433 -0.0013905292749404885 -0.0014587111241139983
1683162182.0032017 0.0023337629560582496 -0.0014709620177745797 -0.0014382785529503117
1683162182.0572753 0.0023670520858619926 -0.0013483180105686166 -0.0014691975666603074
1683162182.1194255 0.0024006764010248427 -0.0013449540734291054 -0.0014006742128234162
1683162182.1673489 0.0024317476104798175 -0.0013608647882938363 -0.0014215587462509394
1683162182.2226758 0.0023930487652851218 -0.001355701535940168 -0.001464554611626756
1683162182.2708678 0.002322600717395651 -0.001376976668834684 -0.0015023358293220213
1683162182.4185207 0.00233591000135841 -0.001386129707098005 -0.001461804085530538
1683162182.4961832 0.0021149896502247745 -0.0012188045680522896 -0.00137796934436607
1683162182.5628002 0.00217652508700672 -0.0012736147642135598 -0.0013536442007195948
1683162182.6179392 0.0022186848305560114 -0.0012840828299522378 -0.0013990391208309472
1683162182.6771967 0.002238402599708672 -0.0012973336875438668 -0.001467041597857932
1683162182.7172136 0.002329929356131355 -0.0011659538745880105 -0.0015134275035475486
1683162182.7684128 0.0025854278263022223 -0.0013117505609989144 -0.0014531372579096313
1683162182.8112867 0.0025451443567245657 -0.00130539149045944 -0.0014692374094182892
1683162182.8632913 0.0024301223488708557 -0.0013389638066291787 -0.0015626024142934014
1683162182.9124708 0.0024753778665349002 -0.0011855451762676217 -0.00179165443965279
1683162182.9631982 0.002505605369133662 -0.0012030503153800942 -0.0016726930825463615
1683162183.0140934 0.0025373597407420956 -0.0012525370717048623 -0.0015517455830014182
1683162183.0796475 0.002568631584893205 -0.0012585683166980721 -0.0015301284657971426
1683162183.1282263 0.0025881544593317485 -0.001249728202819822 -0.0015281966401554659
1683162183.1675177 0.0026174610386838215 -0.0012294067442417123 -0.0014881773073953664
1683162183.2098362 0.002618411348116273 -0.001079590469598768 -0.0013643550328548137
1683162183.2493916 0.0026016130394396764 -0.0010499706864356972 -0.0013558856893085558
1683162183.3049212 0.0025334593908664382 -0.0012943869829177834 -0.001346047425639041
1683162183.3957179 0.0025686762315158262 -0.0013236938416957833 -0.0013870154422110925
1683162183.4490478 0.002938065947464985 -0.0012103705108165719 -0.0013124320751942697
1683162183.504685 0.002875904394784773 -0.0013671903312206246 -0.0012757963794576277
1683162183.547269 0.0028784098679272563 -0.0013567446172237374 -0.0012219596958578105
1683162183.5864716 0.0028569468646369722 -0.0013231164216995217 -0.0013088524714623961
1683162183.6223688 0.003383590095421579 -0.0013492120802402474 -0.0013014763390795103
1683162183.6613762 0.00301253773672025 -0.0013442052900791146 -0.0013698169093832036
1683162183.707524 0.0028656559663396697 -0.0012588216364383675 -0.001161486393132627
1683162183.7532516 0.0028297915991969957 -0.001246058791875837 -0.0011888238170338905
1683162183.8102963 0.0025914530953093373 -0.0013216859102249123 -0.0015440256039525035
1683162183.8642569 0.0025640840809601773 -0.0012442333996295907 -0.0014016876145115376
1683162183.9107594 0.002538072661517232 -0.001159933805465696 -0.0013739851654381852
1683162183.9820743 0.0024013635800237687 -0.0014527527987956979 -0.0014627062226137966
1683162184.0316901 0.00240053818857211 -0.0013723051548004128 -0.001441143645978249
1683162184.0878396 0.0024639339987955478 -0.0013639493286609627 -0.0014538458860506864
1683162184.1471465 0.0024443749608309973 -0.0013572698831558205 -0.0014808447972507466
1683162184.2046943 0.0024274068189004128 -0.001402081400156019 -0.0015040139434339128
1683162184.26366 0.002419718876849719 -0.0014396770298480965 -0.001513469903885234
1683162184.320199 0.002452961993439279 -0.001395476460456846 -0.0015115676446262327
1683162184.3794296 0.002440193594660134 -0.0016454285383224465 -0.0015319007424436926
1683162184.4296992 0.0025586904950231915 -0.0016807182133197762 -0.001398257406613368
1683162184.5070415 0.0025118199254601514 -0.0015748305618762948 -0.0022710841135411552
1683162184.5988538 0.002446449043952026 -0.0015390752255916573 -0.002147357986370002
1683162184.7074454 0.0024179603273840056 -0.001687691956758497 -0.0021352961048275443
1683162184.7799697 0.002671905084855042 -0.0016256770491600014 -0.0018252663600866192
1683162184.8420687 0.002551876690821492 -0.0015901973843574502 -0.0018139658097791056
1683162184.8905182 0.0025773285685250225 -0.0015292441844940163 -0.0017711554114612227
1683162184.9463153 0.0026407430591400827 -0.0015176734328269936 -0.0017320551465962453
1683162185.0788424 0.0025640930571621257 -0.0015086694061756112 -0.0016889829702215753
1683162185.1513412 0.002530577698867137 -0.0015117129683494546 -0.0018008279913948044
1683162185.2159228 0.0025030704720652164 -0.0014031803607940652 -0.0016989594351086712
1683162185.27808 0.002466540821181945 -0.0013655065000057198 -0.001618191389318735
1683162185.337967 0.0024546951333418165 -0.0013658939301967599 -0.001602551417685616
1683162185.4018414 0.0024102962326521538 -0.0013201473653316476 -0.0016805658344296592
1683162185.4959211 0.0025077369047131204 -0.0013285814225673653 -0.0016453726887730724
1683162185.5692997 0.002485902645398358 -0.0013251392543315865 -0.0018232351865477003
1683162185.6447098 0.0024984052624968667 -0.001410575062036512 -0.0018177158375107805
1683162185.6881714 0.0024934560725398125 -0.0014227828383445718 -0.001656948945557346
1683162185.736039 0.002440169962360794 -0.00142721965909004 -0.0016793096188725265
1683162185.784354 0.0023505727754874473 -0.0014715059101581551 -0.00208113751699468
1683162185.836362 0.0023642624625003494 -0.0014900802075862862 -0.0018117765759955162
1683162185.8953073 0.0024071930937417108 -0.001435713320970533 -0.001784921053362476
1683162185.954567 0.002453890912636647 -0.0014208158850669839 -0.0017679031245729782
1683162186.0025673 0.0024779111248853514 -0.001392928361892698 -0.0017259998784360242
1683162186.0553997 0.002433431046080209 -0.0014484165608882882 -0.0017129478551307642
1683162186.1248105 0.002390316896303535 -0.0014237588644027688 -0.0016929046879241572
1683162186.1759903 0.002383573816189616 -0.0014702840149402596 -0.0018053197138649946
1683162186.2328587 0.0024265623517785995 -0.0014808861911296822 -0.0018109267937787
1683162186.2900372 0.0024188402315334923 -0.0014503201842308022 -0.0017500823336624727
1683162186.3304293 0.0023403402207568813 -0.0015107443928718545 -0.0017044768488445605
1683162186.3713152 0.0023701208692987197 -0.0013411244750022866 -0.0016837698628118236
1683162186.4237022 0.0023933517488431977 -0.001339917480945585 -0.0017000336845673925
1683162186.4622738 0.002411651785119817 -0.0013385987281799294 -0.0017103376144036453
1683162186.5080922 0.002426964806510279 -0.001337522119283674 -0.0017186425673501038
1683162186.5516233 0.0024184686701114733 -0.0012757903337478615 -0.001654852878910873
1683162186.5945837 0.0024280179971395977 -0.0012571489810943581 -0.0016709658397318083
1683162186.687373 0.0024524849899512924 -0.0012461891770362832 -0.001672128638743553
1683162186.7487981 0.0024633259261754026 -0.0011962628364562966 -0.001647714448466342
1683162186.7990394 0.0024613938151237247 -0.0012015862762927987 -0.0016392173257331333
1683162186.8495755 0.0025463077660347055 -0.001236268728971479 -0.0017456133757782766
1683162186.9039388 0.0025386218783404746 -0.0012405528128147103 -0.0017686760974715554
1683162186.9424412 0.002550427684751083 -0.0012340633571147896 -0.0017557913937262803
1683162186.9844162 0.002505117828192599 -0.0012779361009597756 -0.0019376932534491687
1683162187.0268679 0.0024275782054604955 -0.001286318004131315 -0.0017243410777325607
1683162187.0641463 0.002354713618149068 -0.0011730170249938943 -0.0015926348564441195
1683162187.1095045 0.0023981483632326828 -0.0011707930266857125 -0.0016275817875817111
1683162187.1680243 0.002435895124213716 -0.001163457930088041 -0.0017372930320425084
1683162187.2496636 0.0024242666807179347 -0.0010355277359485604 -0.0019352938263397235
1683162187.3052723 0.0024062271266074298 -0.0009771710634231545 -0.0019974274446512563
1683162187.3654323 0.002340593559602394 -0.0009567378461360909 -0.0017840762618488437
1683162187.4140995 0.0023466615256542978 -0.0008003427088260628 -0.0016134480929770323
1683162187.4630864 0.0023934854056600063 -0.0010236179828643777 -0.0016216084902045402
1683162187.5067573 0.0024258431418023862 -0.0010480596125125863 -0.001658661393728167
1683162187.5459106 0.0024091378398054253 -0.001074196249246595 -0.0016678524475368661
1683162187.5952923 0.0023877225480369024 -0.0010802833735942818 -0.0014706697090074439
1683162187.6398635 0.002378370884659753 -0.0010857334733009316 -0.0016625886465109208
1683162187.6855526 0.00246605869098962 -0.0011053806543350198 -0.0017270704283027793
1683162187.7716866 0.0024886385992569926 -0.0011450251936912514 -0.0017646126310373322
1683162187.832521 0.002267046958729868 -0.0012898793816566445 -0.0018575813564782884
1683162187.8878148 0.002430278728747015 -0.0012481337785720803 -0.001779946338138494
1683162187.925133 0.002499201874584883 -0.0011124214529991128 -0.0016841138608114647
1683162187.9695466 0.0025022709236924845 -0.0010538263618946053 -0.0017262131739665953
1683162188.007571 0.0025222712063328045 -0.0011760047078132607 -0.001752306695290029
1683162188.0514092 0.0025789162458891846 -0.0010782568156719186 -0.0017283456339318715
1683162188.103663 0.002553526449277782 -0.0010924762487411477 -0.0017966956353057117
1683162188.1582868 0.002542573669559234 -0.0009704208374023415 -0.0016726335024854766
1683162188.208061 0.0026666678574410185 -0.0009601278603076913 -0.0016451778120598615
1683162188.2836938 0.002374402919791213 -0.0010518184304237344 -0.0017275988521536778
1683162188.3391495 0.002380165850908278 -0.0010680197179317452 -0.001737217217128162
1683162188.39279 0.002419215874852859 -0.0010577975213527657 -0.0015857069411717717
1683162188.4303684 0.0023682924597961397 -0.0010041943192481972 -0.0019142231806714705
1683162188.4772365 0.00251547048307299 -0.0009882426261901833 -0.001910080819277793
1683162188.5162244 0.002531965896583055 -0.0009971423447132088 -0.0018998260425386881
1683162188.558605 0.002480577589653643 -0.0010752542316913583 -0.001964583357065841
1683162188.5979307 0.0024558227838397395 -0.0012929005920886971 -0.0020925808106859733
1683162188.6452625 0.0024172997363358373 -0.0012484355270862557 -0.0021399841417371057
1683162188.690675 0.0024988932856185586 -0.0014303638041019417 -0.0021724247488401627
1683162188.7487051 0.0024788014363840982 -0.001399339586496351 -0.0021632847104942066
1683162188.7995617 0.0024743243734877685 -0.000990038216114042 -0.002082464358378777
1683162188.856118 0.002395033259694812 -0.000942157059907911 -0.0018736160931591694
1683162188.8964515 0.002514710058346803 -0.0009981407225131966 -0.0018761017121160517
1683162188.9346123 0.002535506618379424 -0.0010109780728816964 -0.0018320919723688878
1683162188.9766228 0.002539913407586941 -0.0010248771309852578 -0.0018335424675000045
1683162189.0184808 0.002508217293395343 -0.0010476088523864724 -0.0018881237499073222
1683162189.061822 0.0024965216788500333 -0.0010939924418926217 -0.00193824277790422
1683162189.1002908 0.0024908361508380328 -0.0011296322941780068 -0.0017858678255229243
1683162189.1436417 0.002522389652370838 -0.0011093555390834786 -0.0017733078563992866
1683162189.1941257 0.0025718402820699426 -0.0011155246198177315 -0.001816666909720599
1683162189.2517688 0.0025958644108546314 -0.001142030060291288 -0.0018331297528419999
1683162189.322703 0.0025881074733151155 -0.001152401268482206 -0.0017223952002085596
1683162189.3655996 0.002715888105740194 -0.001082082688808439 -0.0016957099014527355
1683162189.405726 0.0027211731891812196 -0.0011278404295444466 -0.001845598365177059
1683162189.4460108 0.002707103971611141 -0.0011487728357315041 -0.001971270716858431
1683162189.4829607 0.002725216635385691 -0.0011402121186256386 -0.0019493572398685544
1683162189.5224373 0.002721231676515168 -0.0011239698529243447 -0.0018205301624973913
1683162189.5621996 0.002766164400010651 -0.0011332830786704995 -0.0017671962328520419
1683162189.601235 0.0027905270606152777 -0.0011081373691558816 -0.0018719673931033576
1683162189.6436474 0.002542757382257954 -0.001104583442211149 -0.001974601204237203
1683162189.6936123 0.0026454485493893898 -0.0011553218960762002 -0.0019375936549022033
1683162189.765491 0.002698568158870901 -0.001146876662969587 -0.0019196575764584
1683162189.8390808 0.0026989539627383097 -0.0011920607089996316 -0.001892185825169257
1683162189.880927 0.002896963382092277 -0.0011381594836711861 -0.0016729223627771628
1683162189.9203887 0.002891994414795873 -0.0011263801157474496 -0.0017879938535820816
1683162189.961102 0.0029056506650103064 -0.0011199949681758858 -0.0018596416961553786
1683162189.9985025 0.0028810944579096276 -0.0011302581429481484 -0.0018962006338461013
1683162190.0362165 0.0028411251787344716 -0.0011532990634441354 -0.0019163432502526945
1683162190.0770237 0.00280694193709638 -0.0011619156599044778 -0.0020364574269509106
1683162190.1230745 0.0029747182002746453 -0.001210702061653135 -0.0019791246489346825
1683162190.1704948 0.0029725731293814006 -0.0010922601819038369 -0.0020745993987232314
1683162190.227406 0.002873216096831277 -0.0010706162452697732 -0.001979071573963598
1683162190.286397 0.0028239252336919873 -0.0012269331514835335 -0.0018767414481191125
1683162190.329027 0.002799682019736599 -0.001258229315280912 -0.001995880775024661
1683162190.3721647 0.00283246305758611 -0.0012702322006225564 -0.0019766946627768345
1683162190.4100256 0.0027956824956429094 -0.0012724263966083504 -0.001981996620171067
1683162190.4512582 0.002783874187952756 -0.001213678568601606 -0.0019705323239502803
1683162190.489534 0.002756345065892535 -0.0011987811326980569 -0.0019147372275651886
1683162190.530151 0.002835244277800658 -0.0011863200366497018 -0.0016467680703426968
1683162190.5760224 0.002822430995032932 -0.0012261284887790658 -0.001589878492849639
1683162190.6414301 0.0027686416648578516 -0.0012365779280662514 -0.0015719211898423957
1683162190.7197616 0.002756225586965394 -0.001266454756259916 -0.0015111922649291287
1683162190.770783 0.0026691590503978846 -0.0012493854761123635 -0.001641591753268834
1683162190.8110268 0.002689259091235824 -0.0012454925477504708 -0.0015614512562001082
1683162190.849968 0.002707261451910914 -0.0012489123642444588 -0.001571173289949268
1683162190.8878748 0.002632067400691468 -0.0012743933498859383 -0.0015743393364493485
1683162190.929641 0.0026228654749202163 -0.0013165226578712441 -0.001752405199868523
1683162190.9669383 0.002704833129113793 -0.0012958063185214974 -0.0017265801593304708
1683162191.0087802 0.0027187833598688593 -0.0012853978574275948 -0.0014595933494081503
1683162191.0565856 0.002412598837476243 -0.001292416304349897 -0.0017586303971850459
1683162191.09908 0.002418432085484673 -0.0013125440478324868 -0.0018128853061285533
1683162191.1410944 0.002465160943187744 -0.001384475678205488 -0.0020053399153336926
1683162191.2018328 0.0024821703073170664 -0.0013079395890235879 -0.0020429221607005665
1683162191.2398531 0.0025553514343565065 -0.0012690475583076455 -0.0017701067325825992
1683162191.2801988 0.002517064193898827 -0.0014344578981399514 -0.002012291264521293
1683162191.3261356 0.002517958634966566 -0.001398356109857557 -0.0019049432527316057
1683162191.3701844 0.0024787832689606992 -0.0014162077009677865 -0.0019054713534942813
1683162191.409696 0.002518658808502272 -0.001371951252222059 -0.0017785076093748131
1683162191.4499784 0.002576406241939805 -0.0013235746324062325 -0.0017448233473635888
1683162191.4918392 0.0025820306497442436 -0.0013173384964466073 -0.0017158958628187282
1683162191.5367007 0.0026299755111620637 -0.0013149766623973824 -0.0016960702853905385
1683162191.5777485 0.0026732787521082935 -0.0013049109280109383 -0.0016823255469509135
1683162191.6219087 0.002707455118083152 -0.0012699081003665902 -0.0016831218307986617
1683162191.684837 0.0027281530372259277 -0.0012370324134826638 -0.0017722017062535844
1683162191.7501962 0.0027048234790513492 -0.0012794597446918465 -0.001816576918468149
1683162191.7943208 0.0026797681174649257 -0.0012957616150379159 -0.001874764715336097
1683162191.83742 0.00273752261328028 -0.0013025267422199227 -0.0017962013202519334
1683162191.879398 0.0027527902982967534 -0.001300924867391584 -0.0018237252534110127
1683162191.9214027 0.002758509500473183 -0.001304359585046766 -0.0018554271211166373
1683162191.9655502 0.00274638152260695 -0.0012932731211185433 -0.0018870672245487885
1683162192.0091205 0.0030298398200742926 -0.001211435943841932 -0.0017538821059188692
1683162192.0599103 0.003043340007728018 -0.0012606284022331216 -0.0017231282024170458
1683162192.1101658 0.0030438973828836036 -0.0012450529634952523 -0.0017057933342135012
1683162192.182092 0.002999899108017151 -0.0012160851061344125 -0.001969509461335006
1683162192.2658603 0.002985711257694451 -0.0012462264299392678 -0.0019981493244338733
1683162192.3251572 0.002965192916715237 -0.001380064934492109 -0.0020401160478631386
1683162192.3646157 0.0029176466193154005 -0.0013148388266563393 -0.002052998889987556
1683162192.410583 0.00288003733783318 -0.001122617572546003 -0.0018136574820142304
1683162192.4517176 0.00261405003432566 -0.0010987496376037575 -0.0017047448815896704
1683162192.4956498 0.0025538514750821084 -0.0010260915756225564 -0.0017034604159005262
1683162192.5381308 0.0026240359143303305 -0.0012003196775913216 -0.0018042675576761535
1683162192.5806 0.002708704234329201 -0.0011562457680702187 -0.0018017016286897558
1683162192.6207457 0.0027256326502602124 -0.0011134682595729806 -0.0017895154484650622
1683162192.6687999 0.00270311844067897 -0.00105517119169235 -0.0016856066562189742
1683162192.716159 0.0027531113708181287 -0.0011110021173953988 -0.0017427841528587784
1683162192.8095794 0.0027179126846809953 -0.0011225803196430184 -0.0018877757030948406
1683162192.8825557 0.0027524221017090345 -0.001249623894691465 -0.0018809163792805617
1683162192.9311457 0.0026834810561050526 -0.0012882067263126351 -0.0018326840952973544
1683162192.9740045 0.0025621293188536898 -0.0013561485707759835 -0.0016357280089673853
1683162193.017506 0.0026712587978282853 -0.0013865916430950143 -0.0016371897738847174
1683162193.0635948 0.002689694223493605 -0.0012764757871627785 -0.0017180277764206053
1683162193.1015897 0.0026253697637165785 -0.0012633441388607003 -0.0018489602307771857
1683162193.150457 0.002631704220567188 -0.0012564337253570534 -0.0018951930417856477
1683162193.1946034 0.0026754940857657006 -0.001201362758874891 -0.0018805884426413844
1683162193.2401068 0.0028237291655564545 -0.0011711581051349618 -0.0017428310714644457
1683162193.2923589 0.002843412899033504 -0.0011607980728149392 -0.0017081869790696036
1683162193.3551881 0.0028285491152897635 -0.0011400444805622079 -0.0016589195949101576
1683162193.4248557 0.0028479013058307356 -0.0011015585064887978 -0.0016324084685350737
1683162193.4880621 0.0028228123758517187 -0.000987844020128248 -0.0018495834093352759
1683162193.529474 0.0028804782716490562 -0.0009833215177059151 -0.0017877346318633247
1683162193.56765 0.0028160728269267243 -0.001088292747735975 -0.0019395588687396437
1683162193.6128824 0.0028889337633730416 -0.001098012030124662 -0.0018404260177731224
1683162193.656707 0.002920259837170869 -0.0010773962736129739 -0.0017629464291633035
1683162193.704414 0.002975038973854066 -0.001084124147891996 -0.001747911266556601
1683162193.751422 0.0029544321505465265 -0.0011134049296379067 -0.0017736496677032143
1683162193.7990386 0.002948739746871265 -0.0012046708166599251 -0.001742185175867883
1683162193.8418784 0.003018792768387235 -0.0011475025117397286 -0.001724834022035715
1683162193.8919423 0.003094046275274015 -0.0011631301045417763 -0.0017198746234243778
1683162193.9655159 0.0030956393460066234 -0.0011493055522441842 -0.001699384607374732
1683162194.0121005 0.003117417896855712 -0.0009915655851364114 -0.0013272093300980004
1683162194.053489 0.003085909813632881 -0.0010179704427719094 -0.0015013783765687183
1683162194.094023 0.003004942529222787 -0.0010247951745986916 -0.0015334793550902948
1683162194.135253 0.0029530668347957922 -0.0010403408110141732 -0.0016165229031712691
1683162194.1824336 0.002923837088473602 -0.0010180523991584756 -0.001643170243942782
1683162194.2270799 0.002702089274151609 -0.0009651756286621072 -0.001702607058299055
1683162194.281473 0.0027300086563989967 -0.0010896673798561074 -0.0017664990004426784
1683162194.3273957 0.0026126033482825606 -0.001113382577896116 -0.0014877042437826393
1683162194.3801732 0.0027278259173384722 -0.0013792714476585366 -0.0014931580044985626
1683162194.4602532 0.002571877294253122 -0.0011781020462512948 -0.0015615960359394165
1683162194.5246184 0.002599721214531281 -0.0011792829632759072 -0.0015644995830361719
1683162194.5600562 0.002673009860339526 -0.0011826133728027322 -0.0015866135206084042
1683162194.6095452 0.002737396929074515 -0.0012624649703502633 -0.001529680176248105
1683162194.6557994 0.002667962147182318 -0.0012804767489433266 -0.001525993303962192
1683162194.6934247 0.0026679013139987995 -0.0013487203419208504 -0.0015662201480128868
1683162194.7600749 0.0028278905592312997 -0.0013340538740158059 -0.0015694337077747367
1683162194.8183558 0.0028240983304775313 -0.0012727802991867043 -0.0017089147961635298
1683162194.870185 0.0028203808674860664 -0.0012784203886985757 -0.0017495633411299671
1683162194.961166 0.002849185758795003 -0.0012856549024581887 -0.0015271893921016133
1683162195.0120606 0.002859995048395625 -0.0012795081734657265 -0.0013502366780158148
1683162195.09173 0.002897865690992485 -0.0012709735333919503 -0.0013254247427072485
1683162195.1373398 0.0027732547165162102 -0.0013068071007728554 -0.0013441931266890972
1683162195.1782606 0.002769632364218927 -0.001298674792051313 -0.0014173024123329547
1683162195.2480712 0.0028673065461414238 -0.001216040402650831 -0.0014501319016724246
1683162195.3309157 0.0028457501021595666 -0.0012312172353267647 -0.0015804758313897604
1683162195.382619 0.0028118675146169836 -0.0012371776998043038 -0.0016296760396579124
1683162195.4279935 0.0028063549061112247 -0.001312562674283979 -0.0016987023709729154
1683162195.4826334 0.002753310466112574 -0.0013956366479396798 -0.0016632814577337562
1683162195.5311654 0.002714815190905495 -0.0014374344050884225 -0.0016270131209763505
1683162195.5714211 0.002738405802314575 -0.001454149782657621 -0.001668801650834606
1683162195.6679914 0.0027537308518949255 -0.001436149179935453 -0.0017515856787513329
1683162195.726829 0.0026506088166485253 -0.0014341524243354775 -0.0016987378716872836
1683162195.79964 0.0027733251908239887 -0.0014277225732803323 -0.0017145588906815057
1683162195.8434906 0.0027622543633255836 -0.0014406828582286813 -0.001722155042738427
1683162195.894191 0.0027065074966448055 -0.001444519907236097 -0.0019073244327787453
1683162195.9349532 0.002716923616589123 -0.0013198344409465768 -0.0019027450048196837
1683162195.9776514 0.00279914110227511 -0.0013200281560420968 -0.0018364449455194887
1683162196.0254898 0.002816192003932211 -0.0012658624351024605 -0.0017634991815205225
1683162196.072211 0.002830027546279368 -0.0012542991340160348 -0.0018877751313437496
1683162196.126246 0.0028753376402037567 -0.0013247369229793526 -0.001926208970517651
1683162196.1801949 0.0028906175823340263 -0.0012950649857521035 -0.0019263992037619193
1683162196.2600753 0.0028863745690829723 -0.00129008427262306 -0.0018908039944312005
1683162196.3391132 0.002892527207692258 -0.0012925876677036263 -0.001859462907183529
1683162196.403856 0.0028029588587788756 -0.0012415213882923104 -0.0019170595735402696
1683162196.4937367 0.0028282524035525003 -0.0013700513541698434 -0.0019319072329819775
1683162196.5642025 0.002882409216728138 -0.0013523748517036416 -0.0019112933650493602
1683162196.6094186 0.0028362478515261413 -0.0013396045565605141 -0.0018731408418575235
1683162196.6587708 0.0028785811710619336 -0.0013675293326377846 -0.0019410858242163709
1683162196.7030358 0.0028209254283638463 -0.001348087042570112 -0.001960800558451048
1683162196.8143315 0.002801045109810135 -0.0011840811371803261 -0.0015987069787564145
1683162196.8750536 0.0028177966107426344 -0.0012227720022201516 -0.0015552577360467001
1683162196.9414625 0.002824958078396167 -0.0012747845053672768 -0.0015546606470577817
1683162196.9965303 0.0028080560646945862 -0.0012923529744148232 -0.0017006463358524293
1683162197.0381896 0.0028549159959989356 -0.0012333741784095742 -0.0016094986931689537
1683162197.0990553 0.002848020632803816 -0.0012451758980751015 -0.0016030403169002838
1683162197.1837828 0.0028282623441148735 -0.001335465759038923 -0.0016700342818880554
1683162197.3284433 0.0028153225111040014 -0.001399388015270231 -0.0017550682420126584
1683162197.472705 0.0029325699679741135 -0.0014032772183418252 -0.0017453815083587898
1683162197.5347016 0.0031153225094084913 -0.0014699152112007119 -0.0017941251103978928
1683162197.617985 0.0031649555025950182 -0.001449657082557676 -0.0017850766755174163
1683162197.701616 0.0030929508573655784 -0.001462513059377668 -0.0017541853170353061
1683162197.7811692 0.0030190383615591454 -0.001454406827688215 -0.001761345419835303
1683162197.864146 0.003101312917336202 -0.001434446722269056 -0.0013497384898770726
1683162197.9260697 0.0031157236462134863 -0.0014168596267700173 -0.0013839893801517178
1683162197.9917235 0.003167746819795092 -0.0014194636046886422 -0.0013758955626697045
1683162198.0423265 0.0031344657778094587 -0.0013525834679603554 -0.0015036035329745179
1683162198.0940082 0.003095688124184731 -0.0013077570497989632 -0.0012978603186271087
1683162198.140764 0.00308303665687093 -0.0013136169314384438 -0.0013027903241005223
1683162198.2112474 0.003287711772600538 -0.0010327300429344155 -0.0012216491084620085
1683162198.2867723 0.0032208002156357274 -0.0010212598741054513 -0.001447720356988258
1683162198.3495708 0.0032085355140671346 -0.0010114251077175118 -0.0014125265666451448
1683162198.4098067 0.0031181572585937123 -0.0009509748220443703 -0.0014988097916797116
1683162198.4555418 0.003074684067697009 -0.0010163350403308846 -0.0017202467490866624
1683162198.513367 0.0030744474616517248 -0.0012860274314880349 -0.0017566629185024052
1683162198.5664933 0.0030745182686687522 -0.0013297623395919778 -0.0017773083881800211
1683162198.6250138 0.0030700157654207916 -0.001299222409725187 -0.0015500364829672542
1683162198.6883998 0.0030742989947970534 -0.0012873163819313027 -0.001550657652047649
1683162198.7467134 0.003081712280267823 -0.0012783198058605172 -0.0015573288275139152
1683162198.8497193 0.0031684386418282806 -0.001402509808540342 -0.0015495274969805628
1683162198.9033053 0.0031951697474687513 -0.0013945786654949166 -0.0014905396922781922
1683162198.991246 0.0032983809647262607 -0.0013562268018722512 -0.0013260312871605784
1683162199.0878174 0.0032494962384683745 -0.0013588643074035622 -0.0013987796932788399
1683162199.1454363 0.0031820348265736154 -0.0013094930350780465 -0.0013936811271650917
1683162199.2081428 0.0031601219207142983 -0.0013066394627094247 -0.0013982390816493773
1683162199.2590854 0.002987416216613442 -0.0013544200360774972 -0.001411775266846993
1683162199.3272543 0.0029353991370763277 -0.0013694404065608956 -0.001351715100687656
1683162199.3691971 0.0029072642882455035 -0.0013818046450614907 -0.0014746299253467487
1683162199.4159522 0.0029013703863192963 -0.0014204396307468392 -0.0013575955034883513
1683162199.4560032 0.002944603446437377 -0.0012204995751380898 -0.0012309411771294076
1683162199.493668 0.0029681593905196424 -0.0012256106734275796 -0.0013695311500547813
1683162199.5543048 0.0027827457439181524 -0.0012946365773677804 -0.0016045164070059847
1683162199.612051 0.0029222265778091616 -0.0012678033113479592 -0.0016021915275976628
1683162199.7328813 0.002941162392957636 -0.0012589818239212014 -0.0016553133278711663
1683162199.8168175 0.003043902285133182 -0.0012022605538368203 -0.0016089933806417989
1683162199.880831 0.003034048921795013 -0.0011503374576568581 -0.0016898147010286912
1683162199.9419818 0.003054078094039875 -0.00116164371371269 -0.001659092151353292
1683162199.9862487 0.0031486767658367443 -0.0011628358066081979 -0.001601840551328504
1683162200.0729823 0.0031626503210109846 -0.0011487653851509072 -0.0015377619503320616
1683162200.112331 0.0031639870192835817 -0.001169571131467817 -0.001615158697962249
1683162200.1822367 0.0031422786656496726 -0.001165070980787275 -0.0017786918804165719
1683162200.2422874 0.003125076213865291 -0.0014107166230678536 -0.0018219249725641706
1683162200.3062828 0.0034285677158167327 -0.0010201944410800912 -0.00139721887493649
1683162200.4010012 0.003231629737940861 -0.0010180784761905648 -0.0013278199726500794
1683162200.524725 0.0030855823967899376 -0.0008253803849220254 -0.0013582839716739237
1683162200.6206794 0.0030517703635046523 -0.0010113096237182595 -0.0016724564228078886
1683162200.7214053 0.003017724011923517 -0.0010537257790565469 -0.0016845443461239729
1683162200.8270624 0.002983869630689695 -0.0010221539437770821 -0.0015889613351158793
1683162200.887427 0.0029881486833214788 -0.001032886505126951 -0.0015965055036872844
1683162200.9465234 0.002940008655063109 -0.0011050379276275613 -0.0016829428663474033
1683162201.0219252 0.002952051651498533 -0.0011287903785705544 -0.0017192219773030093
1683162201.1069727 0.0029108634680777012 -0.0012007518112659432 -0.0016315255450474186
1683162201.1601658 0.002912252980740576 -0.001232074052095411 -0.0016190427319797696
1683162201.2083998 0.002960652652439333 -0.0012176758050918557 -0.001477568127852713
1683162201.2685187 0.002996713291812364 -0.0012780068814754464 -0.001481731514680451
1683162201.3236895 0.0030191967615273985 -0.0012907250225543954 -0.001526440050757305
1683162201.394293 0.0030857831685425774 -0.0012688538432121255 -0.0013906200664350887
1683162201.475134 0.0031178010330889794 -0.0012671588361263253 -0.0014502487260001917
1683162201.5532196 0.003163681057231471 -0.0012998892366886117 -0.0014511754895385476
1683162201.6374865 0.003169476049617259 -0.0012815012037754037 -0.0014444401415663055
1683162201.6983376 0.003172793080948866 -0.0012659928202629067 -0.0014731588981347077
1683162201.744809 0.0031914398719335157 -0.001277075558900831 -0.0015190142958221298
1683162201.7820566 0.0031476513907068293 -0.0012536583840846993 -0.0015311122981227498
1683162201.8290777 0.003175949203583911 -0.0012082619965076424 -0.001533396339375992
1683162201.885669 0.003062536072145766 -0.0011729946732521035 -0.0013780571683514875
1683162201.9461708 0.003012647357517162 -0.0011534667015075661 -0.0013933250397100139
1683162201.998474 0.002840108098993377 -0.0011551244556903817 -0.0015084269422029895
1683162202.070379 0.002896343012631669 -0.0011282092332839944 -0.0015354524651893797
1683162202.1112854 0.00292536378914221 -0.0011220550537109353 -0.001529822669975589
1683162202.1846528 0.0029451146430174158 -0.0011127828061580636 -0.0014987559724575217
1683162202.2292674 0.003003008966167675 -0.0011117769777774789 -0.001561625351175877
1683162202.281886 0.0030664629161182566 -0.0011079101264476754 -0.0015409043140055534
1683162202.3277836 0.0030939780623971957 -0.0010781972110271432 -0.0016900384227780396
1683162202.3729908 0.0031011856674102167 -0.0012540011107921578 -0.0017252465619590485
1683162202.44381 0.002908049528127732 -0.0015622726082801797 -0.0018904354931910117
1683162202.5071821 0.002854062099296506 -0.001429212689399717 -0.0015824470539838043
1683162202.563858 0.0028850214846237177 -0.0014921216666698434 -0.0015626359496010434
1683162202.6059518 0.002932683013194909 -0.001476400941610334 -0.0015650252235492879
1683162202.6608922 0.0029842261000159465 -0.00154948368668556 -0.0018937849947879837
1683162202.7249844 0.0030051617047714974 -0.0014812028408050515 -0.0019008537164049155
1683162202.790671 0.0032971668996646664 -0.0014725080132484414 -0.001871082753617248
1683162202.862002 0.0031247049642963987 -0.0017017214000225045 -0.0019488215898300076
1683162202.9239707 0.003152911178301465 -0.0015857568383216836 -0.0017884246385817537
1683162202.9751065 0.003151298371445538 -0.0015540918707847573 -0.0017637981456879448
1683162203.0248322 0.00315478464013369 -0.0015068738162517525 -0.0017465554275615247
1683162203.078762 0.0029647430508931982 -0.0014151534438133218 -0.0018871210186317544
1683162203.1377468 0.002939734750803835 -0.0015483511984348275 -0.0018960114179105148
1683162203.1970677 0.003259481215688642 -0.001414598375558851 -0.0019774072590981184
1683162203.2466023 0.0031626518137342907 -0.0013953460752963998 -0.0020029017807745575
1683162203.3028505 0.0031334275039830994 -0.0014115697145462014 -0.0020171355700104865
1683162203.390611 0.003080348737808908 -0.0014453208446502663 -0.002050944279305522
1683162203.4480236 0.0031165610698279944 -0.0014096698164939858 -0.002052474189130127
1683162203.489836 0.003089642851894031 -0.0014337277412414529 -0.002013955498257225
1683162203.5451756 0.003043585323311143 -0.0013559548556804635 -0.002003369582364689
1683162203.6022332 0.003071079770595758 -0.0013771107792854287 -0.001976928437378067
1683162203.6509836 0.0030325162015691076 -0.0013560740649700143 -0.0018731066317576595
1683162203.697928 0.0031160460192812822 -0.0014473436772823312 -0.0017993406768157527
1683162203.738107 0.0031528366111716333 -0.001666264086961744 -0.0018920315103259089
1683162203.790011 0.0031662170497582798 -0.0015079727768897988 -0.001880500310774913
1683162203.8887665 0.0035552432206814033 -0.001589880734682081 -0.0018511260246862893
1683162203.9351935 0.003512178912263325 -0.0016366443037986733 -0.0017055152670515383
1683162203.994099 0.0035341913905988787 -0.0014881803095340707 -0.0016618027560448834
1683162204.0390205 0.003523271361900393 -0.0012304162979125954 -0.0016452809536511293
1683162204.1193156 0.0034951164909154397 -0.0011656334996223428 -0.0016446607777331756
1683162204.162734 0.003319920530906434 -0.0011564208567142464 -0.0016485341861542935
1683162204.2056112 0.0032715804131979997 -0.0012818141281604745 -0.0016474918129878446
1683162204.2795622 0.003265704454240431 -0.0012617310881614663 -0.0016397888394241722
1683162204.3619077 0.0033396705341380006 -0.0012143938243389107 -0.0015612496981729507
1683162204.4101453 0.003360493905582962 -0.0012011094391345956 -0.0015893311244876696
1683162204.4542725 0.003354020057395851 -0.0011546811461448647 -0.0016267755668950556
1683162204.546934 0.0032210557275206553 -0.0012825889885425545 -0.0016510943806831158
1683162204.613692 0.0032886751550298965 -0.0012095136940479256 -0.0014835927112670788
1683162204.6680462 0.0032580053768527517 -0.001258881241083143 -0.0014531394130095077
1683162204.7102802 0.00333904438695512 -0.0012251189351081826 -0.001463765172653675
1683162204.7923636 0.0031035203066875072 -0.0012329569458961465 -0.0015001390420412708
1683162204.83052 0.0031689857700307467 -0.0012410855293273904 -0.0014647556136062612
1683162204.8839245 0.0031125536068905557 -0.001517878323793409 -0.0018835437965030177
1683162204.9291155 0.0030943011232298645 -0.0014143674075603463 -0.0019430621841292073
1683162204.994047 0.003140800510759434 -0.0014061978459358193 -0.00198573341345476
1683162205.0491943 0.003219415379278251 -0.001406276077032087 -0.00189454835939884
1683162205.104498 0.0033199399829854093 -0.0013700364530086495 -0.0019014537821495647
1683162205.178215 0.003143959847267924 -0.001319264471530912 -0.0019085891103896024
1683162205.2551665 0.0031567462376805855 -0.00129863381385803 -0.0018556702536043357
1683162205.307929 0.0030422726243114206 -0.0012551671266555764 -0.0018946997181561454
1683162205.346958 0.003017759301963324 -0.0012644281983375527 -0.0018888842577484688
1683162205.413259 0.0031288407080624636 -0.0012832073867320992 -0.0018385661332156467
1683162205.4707289 0.003012241243975422 -0.0012740953266620614 -0.0018984703504074663
1683162205.523835 0.0029101830316585198 -0.0013179606199264504 -0.001946188486690703
1683162205.5687015 0.0028499699796925015 -0.0012829428911209084 -0.0017754157379537006
1683162205.6275027 0.0029521168729702008 -0.0012759840488433816 -0.001748700252274915
1683162205.7328877 0.0030001468528752795 -0.0012190355360507943 -0.001735793205851488
1683162205.8012576 0.0029573950355589185 -0.0011478862166404702 -0.00176801091087464
1683162205.8426778 0.0029712773717458507 -0.0011130174994468667 -0.0017292408674189907
1683162205.894774 0.0028669119135570353 -0.0011370269954204537 -0.0018735160951124374
1683162205.9468832 0.0028296665491259476 -0.001144037991762159 -0.001974924869532879
1683162206.0036073 0.002825585823080956 -0.0011750435829162575 -0.0020124882729330995
1683162206.0428793 0.002910602969524556 -0.0011864653229713418 -0.0018806396796413605
1683162206.0865757 0.002932519015763385 -0.0012610009312629678 -0.0018800203970728013
1683162206.1694129 0.0029630631732972257 -0.0012833452224731423 -0.001860110712941676
1683162206.222916 0.0028214858887785077 -0.001324006766080854 -0.002053394674330189
1683162206.293513 0.0030898315155072076 -0.0018217912316322304 -0.002077206039174495
1683162206.3444881 0.0033640499414472613 -0.0013090832531452157 -0.001997001020378919
1683162206.399631 0.00337924942649806 -0.0017500160634517647 -0.0020665425430834716
1683162206.455701 0.0033533949311841393 -0.00155006483197212 -0.001983091842053808
1683162206.497379 0.0033237067907542772 -0.0015566511452198006 -0.0017233018259510402
1683162206.5384402 0.003294137178298462 -0.0018530166149139382 -0.001665341028516787
1683162206.5833094 0.0029436198427252314 -0.0019077932834625222 -0.0016634260863879202
1683162206.6474347 0.0031997807045477944 -0.00213154539465904 -0.001713270548927337
1683162206.6987247 0.002795142507781345 -0.0021977698802947976 -0.0016302742706595375
1683162206.7694492 0.002946722201010138 -0.0019624023139476754 -0.0017549381337029768
1683162206.8484876 0.0029702550828682173 -0.0018572150170803048 -0.0019115523876391816
1683162206.89822 0.002975432666907113 -0.0018502785265445687 -0.0018742921709606897
1683162206.937973 0.0026629083946049237 -0.0020508518815040566 -0.0022502745997532436
1683162206.9967496 0.0028852580082368295 -0.00184119254350662 -0.0021681295635884723
1683162207.0487523 0.0030087588302472323 -0.0018064579367637612 -0.0020441425748631836
1683162207.0921752 0.0030494767229646003 -0.001751848906278608 -0.0019529442149139875
1683162207.1399171 0.0030042002297106796 -0.001809713840484617 -0.0019351577072868054
1683162207.1774938 0.003049014637768993 -0.001747114062309263 -0.0018997334668291455
1683162207.2288742 0.0030394889485025334 -0.0018265521526336648 -0.0016290277353321336
1683162207.302097 0.0029601548829186475 -0.0018519474565982796 -0.0016398011795293321
1683162207.3762326 0.00311999533404958 -0.0018650604784488656 -0.0016795458729035317
1683162207.4278347 0.0031519962184983763 -0.001918566823005674 -0.0017603018289895633
1683162207.47399 0.0030801903716078938 -0.001797390580177305 -0.0017858570722428802
1683162207.5150154 0.0031120044665409463 -0.0017959861457347848 -0.001776864816276591
1683162207.5928447 0.0031557920474659107 -0.001785488277673719 -0.00170735544143219
1683162207.6493711 0.003186684182787336 -0.001753268241882322 -0.0017881668812187446
1683162207.697156 0.0032083242877906926 -0.0017335465550422646 -0.0018085684955722048
1683162207.7595484 0.003223556100774294 -0.0017211636900901772 -0.0018323941116764608
1683162207.8459158 0.0030883824990083075 -0.0017601116001605965 -0.0014106615706535042
1683162207.8853943 0.0030266132802383994 -0.002224208265542982 -0.0015035101672047357
1683162207.92426 0.003146088717695894 -0.0022480128705501534 -0.0014952636015310716
1683162207.9622436 0.003224846841946405 -0.002263226956129072 -0.0019140900635137292
1683162208.0158172 0.0032128367887079567 -0.0021160966157913186 -0.001954198716210609
1683162208.0772483 0.0031959297188162705 -0.0019611357152461983 -0.0014778496656202567
1683162208.1298466 0.0031767160818793327 -0.001906139254570005 -0.0014363195383080285
1683162208.2140179 0.003092992150078605 -0.001706717014312742 -0.0012442839243336223
1683162208.2997699 0.0031374726574333323 -0.0016683539748191811 -0.0013034082904184174
1683162208.3586128 0.0033884865251155583 -0.0016425079107284524 -0.0013030216902207847
1683162208.4096491 0.003393828326571674 -0.0016499510407447793 -0.0013495428923142594
1683162208.4591303 0.003369217014351583 -0.001554177552461622 -0.0013851497199068863
1683162208.5116644 0.0032269864603778065 -0.0020278333127498605 -0.001329842707039841
1683162208.5532436 0.003332121671570737 -0.0017299143970012643 -0.001264902333190987
1683162208.6073585 0.003246397877662205 -0.0017669922113418557 -0.001403351003438802
1683162208.6780505 0.003188478698139846 -0.001808149218559263 -0.0012796100557395107
1683162208.727256 0.0032257033839365457 -0.0017992644011974313 -0.0012535175021908262
1683162208.8131561 0.0034461863816042937 -0.0017787566781043984 -0.0003761804787443257
1683162208.855781 0.00325431209388935 -0.0017311735451221444 -0.0006798814328121683
1683162208.9102972 0.0033729907583665286 -0.001746026277542112 -0.0008729130967479737
1683162208.9614456 0.003359354139496812 -0.0017461119592189767 -0.0009511784932043632
1683162209.0220313 0.0033795663595181102 -0.0016863396763801553 -0.0010991263929478468
1683162209.067025 0.0033840784254302037 -0.0017002722620964028 -0.001162757375710921
1683162209.146843 0.003410327940662039 -0.001731847822666166 -0.0011898511177814708
1683162209.2247403 0.003368409967602626 -0.0016666366159915902 -0.0012321725646191606
1683162209.3300636 0.0033830846353477273 -0.0019617317616939522 -0.001314631063384697
1683162209.3829255 0.003262857902809474 -0.0018058693408966042 -0.0013294799402572277
1683162209.4319313 0.0031282559106994845 -0.0017367503046989419 -0.0014114114815140244
1683162209.4747243 0.0030987040112951947 -0.0017220279574394204 -0.0014214841179169824
1683162209.5119514 0.0032835659383045057 -0.0016516572237014748 -0.0014470859805859604
1683162209.574764 0.0033743037647502305 -0.001489811986684797 -0.0014540037165642339
1683162209.6383703 0.0032549388776896004 -0.001434882581233976 -0.001293471892557907
1683162209.703445 0.0032215886480382316 -0.0014454698562622048 -0.0013321419165521764
1683162209.7481728 0.003222817457092575 -0.00155832380056381 -0.0013918790115747814
1683162209.7916973 0.0032708997612622692 -0.0015402300655841805 -0.0013130834787453693
1683162209.8619258 0.003072049017648626 -0.001549427807331083 -0.0013066822011214008
1683162209.9022753 0.0032151688601635142 -0.0016127949953079201 -0.0010592516666820817
1683162209.9420238 0.0032665564480434117 -0.0015960721671581246 -0.0011202982013318596
1683162210.0309098 0.003248044445087639 -0.0014865747094154336 -0.001237837785625695
1683162210.0846193 0.003392382677886746 -0.0014660297334194161 -0.0012647513724433068
1683162210.125724 0.0033404174409306653 -0.001605720669031141 -0.0014849422679512614
1683162210.1685033 0.0035104044975241833 -0.001266946494579313 -0.001123254152332498
1683162210.222053 0.003411968185119102 -0.0012672407925128915 -0.0011943046584952377
1683162210.3157604 0.0034312918217444532 -0.001323675215244291 -0.0013042216768330839
1683162210.3638098 0.0034882167751859594 -0.0013270726799964883 -0.0013547262849875619
1683162210.4089782 0.0034828189509284735 -0.0013328170776367165 -0.001428282493651123
1683162210.4450765 0.0034699635099064985 -0.0014189122617244698 -0.0014670011495183655
1683162210.519414 0.002922782881839281 -0.0014726197719573952 -0.0019526001175982355
1683162210.5847135 0.0032236215759988973 -0.0014824508130550362 -0.0017606564028032068
1683162210.6274352 0.0032047659274299645 -0.0014817839860916115 -0.001810059505025663
1683162210.6917477 0.0031399759550537476 -0.001058695316314695 -0.0016623132584046019
1683162210.777189 0.003104674623099213 -0.0010772696137428261 -0.0016652733819289
1683162210.8237326 0.0030844179431698537 -0.0014153285324573495 -0.0017364698332447137
1683162210.8790808 0.003150913491715701 -0.0014720647037029244 -0.0017061672712177511
1683162210.9222684 0.00316394261995831 -0.0014217248558998086 -0.0016211288426073445
1683162211.0049734 0.003120213693715179 -0.0014200447499752022 -0.0016338206569574965
1683162211.045953 0.003106721915664107 -0.0014143189787864663 -0.0016878490386542655
1683162211.0830991 0.003096925400941891 -0.0013322284817695595 -0.001704213947707034
1683162211.1303215 0.003040719023838956 -0.0013844496011733987 -0.0017192011734059598
1683162211.1928937 0.0031929840760964723 -0.0013205049932003 -0.0016832936158648337
1683162211.2510657 0.0029260007031990942 -0.0019650882482528664 -0.0023869038741297643
1683162211.2958245 0.0031114795280696717 -0.0018727867305278756 -0.002216130205165756
1683162211.3710744 0.003122149302188487 -0.001822569817304609 -0.0021198707892948754
1683162211.4511056 0.0031402213709463833 -0.0018184421956539132 -0.002088052591856071
1683162211.4950209 0.003181213951528261 -0.0017206682264804818 -0.002017250782125446
1683162211.5457003 0.0034701370079299465 -0.001528588533401487 -0.0018811663115785304
1683162211.5974 0.0033591961601331655 -0.001579155623912809 -0.001875856361585715
1683162211.6505497 0.0036600499483750437 -0.0016727460920810677 -0.001760540020556256
1683162211.7099447 0.003551587074543533 -0.0016904076933860757 -0.0017916297562146077
1683162211.7694685 0.003252176910921556 -0.0017062029242515542 -0.0018715437526655165
1683162211.8168974 0.003446892660110029 -0.0017779333889484383 -0.0017558095345200364
1683162211.9042397 0.003709912950525557 -0.002007523030042646 -0.001735366684001205
1683162211.9627688 0.0031664062655692993 -0.0016705332696437813 -0.0010269585193669606
1683162211.9994483 0.003133452403060677 -0.001869121044874189 -0.001077425195669779
1683162212.0950222 0.00311431198155962 -0.0018408386409282662 -0.0011144292689362345
1683162212.1417542 0.0031049700730234886 -0.0018217130005359627 -0.0011115547172155793
1683162212.1824577 0.0031495586185708857 -0.0020040585100650765 -0.0011919194821490287
1683162212.221132 0.0030441707756640457 -0.002035943269729612 -0.0011227135929683385
1683162212.2660913 0.0030387055385220074 -0.002105840891599653 -0.0010783470200252943
1683162212.3368511 0.0031887388490861035 -0.001941108554601667 -0.0010221408465826975
1683162212.4203873 0.0031283928235990854 -0.0016923113167285897 -0.0010177604404861817
1683162212.4975686 0.0032044469777928186 -0.0016414126753807046 -0.0010477330038822785
1683162212.5620172 0.0032365817618866533 -0.0015452368557453133 -0.001163215570254783
1683162212.609756 0.0031738255790394465 -0.0016422843933105447 -0.0012858338118533208
1683162212.6563096 0.0033998274848425214 -0.0016348487138748147 -0.001277866327173971
1683162212.7194781 0.0033222555167973233 -0.001662006080150602 -0.00128867095145635
1683162212.7748575 0.003246493087672664 -0.001668611019849775 -0.0014381989082772328
1683162212.8293257 0.003595661931169558 -0.0016918270289897896 -0.0010792413586728777
1683162212.867499 0.003462921938307939 -0.0018126121163368203 -0.001165734702111454
1683162212.930188 0.003443966108454155 -0.0017252950370311715 -0.001168115585699514
1683162213.0030668 0.003394155617282818 -0.0017224004864692666 -0.0012034317633216052
1683162213.083848 0.003341024818337146 -0.0016589774191379525 -0.0012743635564096412
1683162213.1330612 0.0033165115953052715 -0.001606108099222181 -0.0012709352601629753
1683162213.1701016 0.0032688219781150385 -0.0015854997932910897 -0.001380386265596334
1683162213.2281177 0.003120974737181398 -0.0019007636606693246 -0.001396497961438703
1683162213.2817616 0.0026242587650761595 -0.0019506229460239388 -0.0014372291519801905
1683162213.3220909 0.002847184795766511 -0.0019146180152893044 -0.0015092663967721798
1683162213.3621197 0.002907401470788884 -0.0018126232922077157 -0.0014809490586946694
1683162213.4136915 0.002836403333583204 -0.0018005645275115945 -0.001496557130882703
1683162213.4662726 0.0030447249141035693 -0.0017124912142753579 -0.0015283852567173906
1683162213.5344026 0.0030876792844093115 -0.0016929967701435067 -0.001535545706255359
1683162213.5997915 0.0031346994182718524 -0.0017088329792022683 -0.0016105370182675216
1683162213.6768818 0.0030950243892811646 -0.0016983425617217995 -0.0016920151565544828
1683162213.7263124 0.003089048559898555 -0.0017060688138008095 -0.0017163052470303697
1683162213.792065 0.003114470530006047 -0.0017077004909515359 -0.0017058424870624034
1683162213.8281553 0.003137712251407909 -0.0017384900152683236 -0.001660755519610646
1683162213.8823981 0.0031915389056192955 -0.0017167939245700814 -0.0016457680208539216
1683162213.9385977 0.003162173118890499 -0.0017318031191825844 -0.0016935486161275826
1683162213.9813752 0.0036465539677571768 -0.0017456053197383858 -0.0016777838213604124
1683162214.0796669 0.0035998553046742154 -0.0017685046792030312 -0.0016745108547824294
1683162214.1589115 0.00358792843325631 -0.0017671039700508095 -0.0016749883373472496
1683162214.1992192 0.0035119573009840532 -0.0018404065072536446 -0.0018161716460722843
1683162214.2452123 0.003477019448095725 -0.00186330586671829 -0.0016485503460859086
1683162214.294763 0.0036403227700017027 -0.001802229732275007 -0.0016094645286302
1683162214.3533814 0.0036189839527315526 -0.001819053143262861 -0.0016049225120435828
1683162214.397627 0.0036858234751306618 -0.0018171048164367654 -0.0015433308213637087
1683162214.4363277 0.0033939059635667568 -0.001958464682102201 -0.0018205274767375546
1683162214.4801943 0.003388324260255926 -0.0018892711400985696 -0.0017669761308067855
1683162214.5858328 0.00333575201534958 -0.00157411530613899 -0.0017773652354302616
1683162214.6400619 0.00334421416573083 -0.0017646676301956155 -0.0017397019365279487
1683162214.6852572 0.0033485526611187755 -0.001646061837673185 -0.0016735989627960635
1683162214.7223485 0.0032037429974658693 -0.0016869245469570138 -0.0017265597746098926
1683162214.7771535 0.003043345028660549 -0.0019026114046573617 -0.0017364960982935163
1683162214.846062 0.0028293725452456786 -0.0019274032115936257 -0.0016333356793687415
1683162214.8903534 0.002716190188996548 -0.002390516400337217 -0.0018737776018498131
1683162214.9329545 0.0029061297670505137 -0.002212089896202085 -0.0018210649396079859
1683162214.9832528 0.0029784564327746954 -0.0022247707843780495 -0.0015433985734756295
1683162215.0514774 0.0030097845177264326 -0.002090131342411039 -0.0015142590591235017
1683162215.1069915 0.00342179065167178 -0.0021867765486240365 -0.0016944024922218581
1683162215.1546028 0.0033875083083163005 -0.002157197743654249 -0.0017218994658634301
1683162215.209379 0.0033779549848027 -0.002135486751794813 -0.0017528139369105133
1683162215.3344867 0.0033711693784677366 -0.0020744962990283944 -0.0017015906470181363
1683162215.40666 0.003549347890587612 -0.001996820271015165 -0.0016282207233437873
1683162215.4499996 0.003601001699622436 -0.001954158246517179 -0.0015061580634978533
1683162215.5088108 0.0034468880786517886 -0.001874008625745771 -0.001574146192928394
1683162215.5491264 0.0035106915631719082 -0.0018299533426761605 -0.0015127064307707272
1683162215.5994995 0.0035698168416004317 -0.0020370534062385537 -0.0014722691454760461
1683162215.6630135 0.003444827950455892 -0.0018581426143646218 -0.0013861403577539733
1683162215.7460754 0.0034005908145687824 -0.0015498338639736153 -0.0013816699860411674
1683162215.7924876 0.0034904682713761404 -0.0015569975972175576 -0.001384811305776612
1683162215.8366926 0.0035209089562847906 -0.0015518455207347848 -0.0010241384061675518
1683162215.8975015 0.003459045408439443 -0.001346071660518644 -0.001031769785136527
1683162215.9690523 0.0034584435778448885 -0.0012989392876625039 -0.001017954320808867
1683162216.1114697 0.003567786017654312 -0.001451568156480787 -0.0010585550025477009
1683162216.1942732 0.0035338829684833095 -0.0014716139435768105 -0.0011525156559535343
1683162216.283971 0.0035885756394544444 -0.001458601504564283 -0.0010624083510744065
1683162216.3338048 0.003883944131653161 -0.0013586184382438637 -0.0008498506446359411
1683162216.400284 0.0037487098302841915 -0.0013723982870578744 -0.00093658816598996
1683162216.448515 0.0038784073878112835 -0.0013763582706451394 -0.001018423136479596
1683162216.4946299 0.0038554383009107573 -0.001365338861942289 -0.0012134106822505597
1683162216.5423424 0.003827155271256072 -0.0014351657032966592 -0.001208738732088932
1683162216.5966492 0.003713535411077301 -0.0014568357169628121 -0.0011640551953373546
1683162216.664646 0.0036286424506537795 -0.0015035396814346291 -0.0012044689964381128
1683162216.7462778 0.003602634762025464 -0.0015119290351867654 -0.0013022120984931274
1683162216.814598 0.0036045975146203058 -0.0018927729129791238 -0.0015106331025773745
1683162216.87768 0.0040373647353198205 -0.0016500143706798531 -0.000972990083897507
1683162216.9693635 0.003852491656586493 -0.0016259527206420876 -0.0010728345171047149
1683162217.0496726 0.003840066264320513 -0.0016316151618957497 -0.0011817144250436673
1683162217.1098886 0.0039233796212936045 -0.0017015686631202676 -0.0011277728059526648
1683162217.1695597 0.003971695411489007 -0.0014680562913417794 -0.001259513906421983
1683162217.2579696 0.003841786793046864 -0.001432986408472059 -0.0012557499283589735
1683162217.3304784 0.0038179617292651846 -0.0014166361093521096 -0.0012663714933194292
1683162217.4266794 0.003760868978552684 -0.0014116702973842599 -0.0012964422401924303
1683162217.494576 0.0036779876804962086 -0.001550251096487043 -0.0013257743962695745
1683162217.553908 0.0035054062314403 -0.0015437541902065255 -0.0013568500566440989
1683162217.6143608 0.0034925543648098023 -0.0015932968258857705 -0.0013383958329595824
1683162217.6834402 0.0035170662912681894 -0.0015889754891395547 -0.00141797488936235
1683162217.7583945 0.0035393211047063944 -0.001459778696298597 -0.001439778044134199
1683162217.8234615 0.003544682411375455 -0.0014467886090278603 -0.0013470069513699112
1683162217.900548 0.0036113046094807255 -0.0016130781173706032 -0.0011771680158860764
1683162217.9987965 0.003583428994907434 -0.0016231028735637643 -0.0013067539415865248
1683162218.08848 0.0037755893421965447 -0.0015918998420238473 -0.0012967798341565473
1683162218.1918633 0.003812447202466207 -0.0015840208530426003 -0.001253518019441735
1683162218.2432816 0.003821482545603938 -0.001509224474430082 -0.0008990486933344588
1683162218.3162575 0.0038317402774979137 -0.0015703527629375436 -0.0010581176353019472
1683162218.3699024 0.003725385595957059 -0.0017381584644317605 -0.0017170467132792133
1683162218.42996 0.00373598592220159 -0.0016481368243694283 -0.0015970384398469317
1683162218.478217 0.0034555758829800665 -0.0015578022599220254 -0.0017733981381511388
1683162218.5312548 0.003509168171223931 -0.0014937347173690774 -0.0017413541081825468
1683162218.6295738 0.0035036079495194272 -0.0014547495543956734 -0.001953732328449087
1683162218.6747239 0.0035440118882069382 -0.0014616711437702157 -0.001935716413155486
1683162218.7287683 0.0036413306346855523 -0.001787745803594587 -0.002189376833692913
1683162218.774359 0.003633966290271601 -0.0017401365935802438 -0.001999726695254944
1683162218.9656827 0.003840834115915459 -0.0017739771306514718 -0.0018234664212597451
1683162219.0903049 0.0037054993472308284 -0.0017644739151000954 -0.0017847632323451101
1683162219.1610622 0.0037183984233395417 -0.0016665583848953225 -0.0016143900153386959
1683162219.207684 0.003950837088672887 -0.001669587045907972 -0.001536037010226421
1683162219.2887719 0.0038695080180417563 -0.0018893679976463296 -0.001529006519402909
1683162219.3767667 0.0038189845748106688 -0.0018621733784675576 -0.0017055594284522968
1683162219.4293969 0.004012152346812264 -0.0017734779417514779 -0.0014779444414940723
1683162219.4912837 0.003968300400521624 -0.001729839891195295 -0.0014670094375826004
1683162219.533623 0.004048573821453211 -0.0016674487292766549 -0.0013195235536995753
1683162219.58184 0.00402433770016708 -0.0018312609195709206 -0.0012871966443250837
1683162219.6667445 0.003993558700444461 -0.001823691129684446 -0.0015290054510705975
1683162219.7371273 0.0039460590737323 -0.0016909366846084573 -0.0015189691340582456
1683162219.8108885 0.003953590972588988 -0.0016879639029502846 -0.0015148921128194104
1683162219.8822486 0.0039083557005406 -0.0017604915797710396 -0.0014147462073992312
1683162219.9246411 0.00384619874669892 -0.0017071901261806466 -0.0013813329598553192
1683162219.9843767 0.003836699672198768 -0.001607527434825895 -0.0014641656447846874
1683162220.0475798 0.0037920423188703423 -0.0015849968791007973 -0.001482752483582761
1683162220.1039095 0.0037743832745750494 -0.001595003008842466 -0.001497481753286456
1683162220.1627808 0.0037618600587916995 -0.0016428655385971047 -0.0014729238020683155
1683162220.2415051 0.0035677887637485806 -0.0024094147980213143 -0.0014822773858493843
1683162220.2926683 0.003537216814551186 -0.002160326987504957 -0.0014780780525016635
1683162220.3674583 0.003520033433967812 -0.00171052426099777 -0.0014431304012592072
1683162220.4615207 0.003490444601336601 -0.001653393208980558 -0.0014597696009737149
1683162220.5536683 0.003582038999567716 -0.001629689186811445 -0.0015222655133846352
1683162220.6091936 0.003648278799855964 -0.0015843784809112527 -0.0012113640181092844
1683162220.6546814 0.0036648845293766608 -0.001558726131916044 -0.0012413275208229546
1683162220.7139297 0.003639170554624843 -0.00160458445549011 -0.0010297981640359222
1683162220.7562568 0.0035576516196474117 -0.0016213929653167702 -0.0014314605295455696
1683162220.8148248 0.003551000671733695 -0.0017137764394283272 -0.0016478321606809843
1683162220.8665016 0.003615584117477616 -0.0016429735720157601 -0.0015176028969632327
1683162220.9152846 0.0035896108478855326 -0.001530700773000715 -0.0015125766455490464
1683162220.9819684 0.0035818082382830796 -0.0015370374917983987 -0.0013414489994139078
1683162221.0473068 0.0034320178706369886 -0.0017732246220111825 -0.0014062368244487367
1683162221.1222405 0.003393296024794129 -0.0015578246116638161 -0.001397193553764442
1683162221.1797826 0.003665963418083479 -0.001791463643312452 -0.0018113295198292079
1683162221.2725115 0.00606319897768709 -0.0016923336684703805 -0.0005679659640831503
1683162221.3336527 0.015458777441018118 -0.0019798403978347756 0.0011980795960653268
1683162221.393665 0.023857715570842958 -0.0023387758433818795 0.0017309318331404366
1683162221.4625726 0.03609905831821575 -0.0022243759036064126 0.0023597422871191043
1683162221.5103345 0.04908177531005681 -0.0019358670711517312 0.0030831831508892904
1683162221.5867746 0.05342999001670959 -0.0018779537081718423 0.002555142965181556
1683162221.641313 0.0768147987168948 -0.0016317418217658974 0.003438421013049142
1683162221.7003179 0.08877043600446073 -0.0017058080434799172 0.0033546873069612015
1683162221.7635903 0.10173227273185131 -0.0019140554964542367 0.003744908702073113
1683162221.8316152 0.11679617508819509 -0.0019624768197536446 0.0030951960203198237
1683162221.9970863 0.13587878791409685 -0.002277528345584867 0.002984609624854473
1683162222.0798187 0.18587057686269948 -0.002475020885467527 0.00369638473430145
1683162222.1786838 0.2114842873021593 -0.0033974623680114724 0.002014587445068994
1683162222.24199 0.2358574510679424 -0.003067573010921476 0.0029361047739857593
1683162222.369141 0.2594754556510187 -0.0012596374750137307 0.001418937293979905
1683162222.4445899 0.2923086442190061 0.002639206647872927 -0.0018408018195446019
1683162222.5007398 0.3051017467887022 0.0029442408680915855 -0.0019384870898706552
1683162222.5567915 0.3273255059036876 0.004114429056644442 -0.002127021318159006
1683162222.6833122 0.34377804864290473 0.0043464773893356345 -0.0028174119182213797
1683162222.7723153 0.37086716902676353 0.00396131217479706 -0.004203847877941591
1683162222.843018 0.4030543190553473 0.0037980550527572654 -0.005720697539518316
1683162222.9401026 0.4304965723414641 0.003344448804855349 -0.007233169707201448
1683162223.0122287 0.453751297438173 0.0031017014384269737 -0.009419736052211247
1683162223.0812762 0.47552135768843407 0.002725365161895754 -0.008517001671880076
1683162223.143112 0.48951632741255857 0.002733389437198641 -0.009436125016570651
1683162223.3283014 0.5172754524261794 0.0027222806215286277 -0.00932677234891277
1683162223.4545515 0.5634302078264416 0.0026611784100532554 -0.00908535287397294
1683162223.5554116 0.6068596468912018 0.002598615884780886 -0.009646452430281505
1683162223.618036 0.6264813511291344 0.002566220760345461 -0.009374731645395373
1683162223.6893287 0.6356730148185337 0.0025895783305168174 -0.009188454032413196
1683162223.756265 0.6598127384457976 0.0024130927026271842 -0.010315709224618663
1683162223.8663044 0.6762354445633296 0.002221985310316088 -0.011148077803551315
1683162223.9889758 0.7093138014779862 0.0015811049938201927 -0.01387932294962857
1683162224.0655015 0.7371520225304269 0.0017386102676391624 -0.013868779812144183
1683162224.1437354 0.7630070281659223 0.0017251694202423118 -0.014432765536147363
1683162224.2283514 0.7849085496459085 0.0017785006761550926 -0.014257865194393204
1683162224.2852244 0.800962664812756 0.0019782172143459342 -0.015869946930008982
1683162224.4024515 0.8248864207315719 0.002553703784942629 -0.016477461175973707
1683162224.5346148 0.8540017600622342 0.0026908242702484153 -0.01640336693341915
1683162224.663455 0.8831585831210886 0.003495181500911715 -0.016115932306158376
1683162224.7792766 0.9215034816798457 0.0036601224541664146 -0.016250292244211817
1683162224.8449564 0.9505780303507679 0.004070835709571841 -0.017308563819400824
1683162224.9558613 0.9686774181649656 0.00460535526275635 -0.01812888217266817
1683162225.0444858 0.9996863361610904 0.004747251570224764 -0.020579828781371434
1683162225.1254625 1.0296942679595515 0.0044882097840309165 -0.022257054382419206
1683162225.2358394 1.051695734407347 0.004075112342834475 -0.021356704980050045
1683162225.2970817 1.0880844197479114 0.0019747750461101554 -0.020044697458759586
1683162225.365191 1.1017098681427007 0.0017831200361251853 -0.019556217443298163
1683162225.4354784 1.114895715490931 0.0017158450186252616 -0.019074816008142648
1683162225.501706 1.1402497885353542 0.001603859066963198 -0.02042143737845059
1683162225.5837593 1.159765757884179 0.0016756901144981406 -0.020073724639145807
1683162225.6614995 1.1765929799396886 0.0017368258535861991 -0.020661814726549155
1683162225.7496657 1.2007510458920834 0.0027690479159355186 -0.019954089994258517
1683162225.928726 1.2356127534915482 0.0028925189375877403 -0.020876495942047546
1683162226.0230412 1.2751299786258896 0.0055371621251106284 -0.01921695741428997
1683162226.1123939 1.3021813232027395 0.0074254372715950034 -0.020367879769867647
1683162226.192126 1.32521017820169 0.00898702681064606 -0.021688345026406486
1683162226.270811 1.3493128418854596 0.011853458881378176 -0.020756014858575034
1683162226.329251 1.3664100852690457 0.012114378213882449 -0.02057911177504068
1683162226.385742 1.3878672791422837 0.012324529290199282 -0.021130183805572855
1683162226.4449744 1.4002020119617649 0.012256520390510561 -0.021549799614902998
1683162226.5181038 1.4095693892042154 0.012286561131477358 -0.021316176214078553
1683162226.6000524 1.434666040638651 0.012044998407363894 -0.020497745645017273
1683162226.6607778 1.4674325143891853 0.011436092257499697 -0.020699517588614658
1683162226.8649065 1.4931874677536185 0.0113263675570488 -0.020554507812159617
1683162226.9426901 1.5358202528446425 0.010042535662651064 -0.021498509498397045
1683162227.0054011 1.559793028203755 0.008835757672786715 -0.023160728577410472
1683162227.0756016 1.5706954147685153 0.008541184067726137 -0.024292618276568145
1683162227.151331 1.5937257880485993 0.008312257528305056 -0.02404535358751425
1683162227.2117467 1.6199558046629996 0.007793540656566622 -0.02475218447163008
1683162227.3047879 1.6416494961997052 0.006572234034538271 -0.02520166419573666
1683162227.3671901 1.6673910436136925 0.006004626452922823 -0.025349276060643744
1683162227.4293659 1.6843877746834603 0.005765619277954104 -0.02628361696022896
1683162227.4928539 1.700928251361467 0.005456524491310122 -0.02787494108863453
1683162227.5907245 1.713945666851574 0.005316364169120791 -0.027468331573241134
1683162227.6611571 1.7413189727318736 0.005385095775127413 -0.026418763322004546
1683162227.752265 1.7726878500366945 0.0054040351510047935 -0.025520402429892508
1683162227.8211977 1.795477974902991 0.007195326089859011 -0.024937230281081524
1683162227.8792152 1.8134786264588119 0.007911893129348757 -0.024199490576990668
1683162227.940414 1.8239871429423753 0.00813023239374161 -0.02390291405467626
1683162228.0438669 1.8391806447557526 0.00911846995353699 -0.024036600107220973
1683162228.138954 1.8568621635455742 0.009858759641647341 -0.023516546143493633
1683162228.242943 1.8761500547473329 0.010479594171047213 -0.022744588457936254
1683162228.338505 1.8915375590256258 0.011058019995689394 -0.022430759477114703
1683162228.4127889 1.9031500176947804 0.011294620633125307 -0.02301184549821067
1683162228.5042088 1.9183507904302537 0.012438649833202364 -0.02334330273925045
1683162228.5639687 1.9299794415924256 0.012604417800903323 -0.022928964441975896
1683162228.692468 1.9425814775130803 0.012665907442569735 -0.022925207649250545
1683162228.9028916 1.9716488084427743 0.01320329546928406 -0.024634702076059778
1683162229.0373092 2.007766174609503 0.014175767600536349 -0.024228715009301238
1683162229.1045043 2.0202876955850413 0.014988849461078646 -0.025793060536493773
1683162229.2031677 2.03866531621592 0.01536723464727402 -0.026045871122850395
1683162229.3395488 2.0602037245106106 0.01553461939096451 -0.026388059933563968
1683162229.3994997 2.0748076384851024 0.015715780258178713 -0.02695193630741244
1683162229.462711 2.083781813250125 0.015785629451274874 -0.027027672404321246
1683162229.5282245 2.091341393559138 0.015743913650512698 -0.027240202450934836
1683162229.6002867 2.108481096093454 0.014916765093803408 -0.02711512466131838
1683162229.6707768 2.1161407001697676 0.014818126857280733 -0.027351534094220975
1683162229.737943 2.126301008842441 0.014162073433399203 -0.027118574208314428
1683162229.8031147 2.1365254454424525 0.014177689850330355 -0.02678847014607144
1683162229.910596 2.1451378247242343 0.013869913816452029 -0.026715925418625996
1683162230.0378473 2.161996430631261 0.013789760470390322 -0.026003944355773356
1683162230.1328595 2.1811092231428404 0.013729813098907473 -0.025177130850470464
1683162230.1852558 2.189942364266043 0.013815748095512392 -0.02481256901663831
1683162230.2745063 2.1966593328195123 0.01442554831504822 -0.024539700417084642
1683162230.3442903 2.2110733305001458 0.014509948492050173 -0.024034676871877325
1683162230.431757 2.2254226125962666 0.015555130839347842 -0.023381306565270155
1683162230.5519924 2.2353361478744955 0.01580000162124634 -0.022944418118350685
1683162230.6311998 2.252479295015826 0.016321192085742953 -0.02290964166477294
1683162230.7005403 2.2657145259304645 0.01649539411067963 -0.0226482531545813
1683162230.7606487 2.275921668102914 0.016602026820182803 -0.02244004400997146
1683162230.889962 2.283042844519357 0.01672550529241562 -0.022244702734323107
1683162230.970962 2.297090128118678 0.017765375375747683 -0.023417948243347197
1683162231.082371 2.3126858383932514 0.017918931841850283 -0.023219504091972043
1683162231.162363 2.331207063027854 0.018363396227359774 -0.02244938802348795
1683162231.2306557 2.341582448440996 0.018501693904399874 -0.022497735473212765
1683162231.3667545 2.357919133684916 0.01883260399103165 -0.023482293811271315
1683162231.4269211 2.370872416881743 0.018940294682979586 -0.023640236406508475
1683162231.4962611 2.384440324152225 0.019041317105293276 -0.024316709780093593
1683162231.6009533 2.3983211439519874 0.019227738082408907 -0.02393325733986318
1683162231.7199461 2.4145591473568713 0.019127453267574313 -0.023809258844660786
1683162231.7825837 2.431456914878081 0.019123444855213168 -0.02416130844310027
1683162231.8465633 2.445702192494794 0.018632317483425143 -0.02538898020132163
1683162231.9061465 2.457953685375839 0.018335292637348177 -0.025695551475052758
1683162232.0683227 2.4665112621597722 0.018138574957847597 -0.025505793909399
1683162232.186633 2.4962771802826906 0.017703990042209627 -0.025197069725722887
1683162232.2599344 2.5180236821705204 0.016311841607093813 -0.02624392169067158
1683162232.354477 2.5284621512772065 0.01610711455345154 -0.026422316362100684
1683162232.4127095 2.5445554377236923 0.015932033360004427 -0.026755183056517584
1683162232.5630689 2.5573995961476457 0.01576960325241089 -0.028062159813936116
1683162232.6807494 2.5855096856533146 0.0156615549325943 -0.027613334526225497
1683162232.753687 2.604862789937477 0.015466558337211611 -0.027929885268597854
1683162232.817861 2.614880473496093 0.01568943500518799 -0.027780571357698847
1683162232.8730316 2.6250657703404334 0.015514264404773714 -0.02819960985364256
1683162232.9448113 2.633511210983767 0.015498789548873904 -0.028321140779236753
1683162233.0450194 2.6465721715652593 0.015602672994136813 -0.027883109371226622
1683162233.1475246 2.6694801430066946 0.01564087212085724 -0.02816893746491611
1683162233.2339015 2.6906718301999897 0.015695037841796877 -0.02782211344606278
1683162233.2917569 2.6997183583795796 0.015742401182651522 -0.02761922697062924
1683162233.349491 2.7091184615229795 0.015913853943347933 -0.02815167950228581
1683162233.4217448 2.720814726037487 0.01601284980773926 -0.028568512045486827
1683162233.514775 2.732388359225294 0.016089635491371157 -0.02858124625464442
1683162233.6017845 2.7492194346953136 0.017043406665325167 -0.027924950959618222
1683162233.6599965 2.764205236843489 0.017559016644954684 -0.02823720672350505
1683162233.719821 2.7739919116353904 0.017714681625366213 -0.02933910981557819
1683162233.8054988 2.787505091868502 0.017762633562088015 -0.028850399326352916
1683162233.9207287 2.8017849094836995 0.017751994132995608 -0.029661572007562365
1683162234.044123 2.825322492885127 0.01773171365261078 -0.029133975994359185
1683162234.1528177 2.8469307779671484 0.01772834599018097 -0.030052033999309558
1683162234.2265015 2.8610187603209463 0.017617265284061434 -0.02960092273182391
1683162234.3041825 2.8761649985833095 0.01660488784313202 -0.03196479952454512
1683162234.3895755 2.8897419695234103 0.016635614037513735 -0.031572561150575496
1683162234.4887555 2.9058827065125357 0.016726004481315615 -0.031164940643525263
1683162234.5920315 2.919001618790682 0.01651900500059128 -0.032133035813079136
1683162234.650146 2.9329019190022243 0.0160897696018219 -0.03180017139298896
1683162234.7565267 2.947785436721012 0.01576565444469452 -0.03126580369858534
1683162234.871078 2.961643796727058 0.015649969279766085 -0.03162134916313941
1683162234.9543924 2.9784041249525584 0.015720429420471194 -0.030929922041172286
1683162235.0348914 2.989349058743676 0.01565777748823166 -0.031655057436762
1683162235.1642036 3.00337848825253 0.015534842908382418 -0.03151744695758785
1683162235.3557582 3.025851215717414 0.015645707547664645 -0.03165413409365714
1683162235.4446502 3.057538101932611 0.01548746466636658 -0.03314409688249875
1683162235.50595 3.071023059611713 0.015429484248161318 -0.032959611102335584
1683162235.5718462 3.082803790810912 0.015393006205558779 -0.033213470041134174
1683162235.6380556 3.093185736167008 0.01571276277303696 -0.03439945274476974
1683162235.6972392 3.106035890101843 0.015915649533271792 -0.035010508391859485
1683162235.747882 3.1126803957197615 0.01601120322942734 -0.035960990028788276
1683162235.809253 3.1230446776427767 0.01607664912939072 -0.03612614825279903
1683162235.8865628 3.136060351418017 0.01673098146915436 -0.03592325142265218
1683162236.0097778 3.1500059994130045 0.016857954263687136 -0.036391638851442476
1683162236.1179123 3.17018758034229 0.017425464987754824 -0.03713055816926225
1683162236.2494934 3.189102326614013 0.01748527079820633 -0.03756966427432129
1683162236.328522 3.2083426091835263 0.017090911567211153 -0.03688626581167731
1683162236.3889832 3.218907270300776 0.016528079807758334 -0.036914996113008636
1683162236.4707115 3.2269194340935434 0.016466627418994906 -0.03680743683521204
1683162236.5353904 3.2365641605877298 0.0166381174325943 -0.03651815894422472
1683162236.603161 3.252054603076343 0.01663782685995102 -0.03588096911436289
1683162236.6765373 3.263212278071329 0.017123753726482394 -0.035695853889718965
1683162236.8011317 3.274764671854444 0.017473074197769167 -0.035875678568020986
1683162236.9043918 3.286785214545493 0.01762926071882248 -0.035979677912774344
1683162237.0002112 3.3132314097167184 0.018792646527290346 -0.03511985337157886
1683162237.0841017 3.326773089754063 0.019052634537220003 -0.03512433814736782
1683162237.1612737 3.3404565490816847 0.019152487218379977 -0.03660726339536957
1683162237.262406 3.353582384721763 0.01923001050949097 -0.03614426228950629
1683162237.340952 3.370804556330658 0.019380311071872713 -0.03606196547993057
1683162237.3935843 3.380838758593436 0.020330424010753634 -0.036605297577358975
1683162237.5083144 3.392451490239236 0.020710604786872866 -0.03745182314558493
1683162237.5658903 3.4114514813095917 0.02084928244352341 -0.037972482185543166
1683162237.630535 3.422322688067057 0.020967709422111513 -0.038011415129042714
1683162237.6949234 3.426765947503047 0.021373758614063265 -0.0380786304516787
1683162237.7692795 3.43426536293443 0.021852965056896212 -0.03834824063236608
1683162237.8464937 3.4468984962428113 0.02203970640897751 -0.039316534603238695
1683162237.9530983 3.455242462351897 0.02277975767850876 -0.03959986114132197
1683162238.0159361 3.4593988797846196 0.023927698433399203 -0.03963559688052354
1683162238.0831196 3.4630296786252583 0.023993792533874514 -0.04005368174788915
1683162238.1476753 3.4663555136672226 0.02461510390043259 -0.04013539751176287
1683162238.2102861 3.4681430070975927 0.02470626920461655 -0.04017318440147011
1683162238.371588 3.4691568124843606 0.02483327925205231 -0.04071649888616102
1683162238.4611583 3.469897681792152 0.02488968759775162 -0.040933777391205295
1683162238.5211887 3.473082203074814 0.024860488772392275 -0.041568987751056774
1683162238.5807126 3.4734317353462294 0.02495769649744034 -0.041717882247481075
1683162238.6389592 3.4765881661346927 0.025209451615810397 -0.041395811180713116
1683162238.7353368 3.476022838991904 0.025220575332641604 -0.041590486805147764
1683162238.8344338 3.476266945792965 0.025272550582885744 -0.04180314261592
1683162238.8979337 3.4772479256834647 0.0253646919131279 -0.04190516051229842
1683162238.9560232 3.477362186244132 0.025393406450748446 -0.04200364265120293
1683162239.0393069 3.478652536055604 0.02545174449682236 -0.042033961315185
1683162239.1153572 3.479424883954661 0.025534363985061648 -0.042083636964696414
1683162239.1838133 3.4796623372807067 0.025601270198822024 -0.0423446078262546
1683162239.2512581 3.480563985072581 0.02578038960695267 -0.042397361764759944
1683162239.37578 3.4807381654411027 0.0258469232916832 -0.042701006562321675
1683162239.4851034 3.4818079659101686 0.025886485874652865 -0.042693663641910184
1683162239.5396972 3.482706561031673 0.025964277386665346 -0.04277605188002154
1683162239.609104 3.483368877543595 0.026109668016433718 -0.042787906568395595
1683162239.7240562 3.4840111007661974 0.02617024123668671 -0.04275600733809126
1683162239.7954998 3.484264184058076 0.026169473826885226 -0.042809347844271484
1683162239.8516436 3.4849939733084137 0.026182512342929842 -0.04284814312950802
1683162239.9137962 3.4851888524934003 0.02618760108947754 -0.0428689468070389
1683162239.9741259 3.485196645531897 0.026231112480163576 -0.04288156690184208
1683162240.0893583 3.4852148447790734 0.02628939837217331 -0.04290178262722999
1683162240.1827514 3.4854409165732183 0.026318872869014742 -0.04289237934374013
1683162240.2623808 3.485495786594193 0.02634626865386963 -0.04291553433922135
1683162240.3321927 3.4856063671087654 0.02634891360998154 -0.042988180490393546
1683162240.5081396 3.4855708364933515 0.02642317354679108 -0.042917388561511505
1683162240.59914 3.4861835947227293 0.02644732087850571 -0.04294544945351064
1683162240.6807718 3.48725881536469 0.02647125214338303 -0.042865145998354004
1683162240.76754 3.4885661589267856 0.026481705307960512 -0.04313010850077892
1683162240.831243 3.488806335047288 0.026546584963798525 -0.04301615755551169
1683162240.9167309 3.4888732608432225 0.026510688066482546 -0.04306079057387846
1683162240.9738846 3.48802623125103 0.026503744125366213 -0.04341732883933247
1683162241.0815923 3.4847506094762566 0.02642232418060303 -0.04389539800655062
1683162241.1867003 3.4823339052529905 0.026411029100418093 -0.04415431239028256
1683162241.2514524 3.4816240396896294 0.02633518218994141 -0.04437531831725505
1683162241.3125865 3.48142190348682 0.02632156252861023 -0.04449094643375062
1683162241.378086 3.4815716390557374 0.026163960397243502 -0.044754516464882155
1683162241.4482367 3.4806899340155852 0.026140654981136324 -0.04484745610009999
1683162241.5247006 3.4802861026982197 0.026162433028221133 -0.04494918633493428
1683162241.603536 3.4805620008850595 0.02606734871864319 -0.04507204535106668
1683162241.697708 3.48026714440582 0.026064875125885012 -0.045142779589131043
1683162241.795495 3.4800940777845155 0.026040198802948 -0.045138071991391415
1683162241.9023442 3.4800138176322335 0.026064606904983523 -0.04524676571291253
1683162242.0825791 3.47991634288775 0.02611775189638138 -0.04524997249725837
1683162242.1772432 3.4799608702515137 0.026127288639545443 -0.045219098242336386
1683162242.2448285 3.479945274244883 0.02615440130233765 -0.045241363215329455
1683162242.3030267 3.479818623667402 0.02612298220396042 -0.045243523480614334
1683162242.3648217 3.4797844621968768 0.026094729602336886 -0.04531458024221058
1683162242.435161 3.4795513599858374 0.026104735732078554 -0.045326603150446676
1683162242.5265167 3.4794932329354378 0.026106918752193453 -0.045286065449170465
1683162242.612882 3.4795547806606177 0.026110211908817293 -0.045270930291745115
1683162242.682733 3.4795563561489 0.026148880422115328 -0.04522131769215543
1683162242.7366223 3.4794079114775776 0.02618384599685669 -0.04522206204354129
1683162242.8359203 3.4800686050360006 0.026167022585868838 -0.04528735117735505
1683162242.903095 3.479713038126084 0.026198315024375918 -0.045323167479906834
1683162242.976383 3.479640334479747 0.026144968867301943 -0.045339577049424484
1683162243.076748 3.4794220366583595 0.026174346506595614 -0.04533259727686034
1683162243.1785312 3.4794163440063937 0.026155213415622713 -0.04529516487462293
1683162243.2347767 3.4803733978379303 0.026169868707656863 -0.04523390411875283
1683162243.290292 3.4797840242847577 0.026171492934226992 -0.045234273914828815
1683162243.3512645 3.4796368407191385 0.02617101609706879 -0.04521251576850127
1683162243.4220634 3.479348830158007 0.026133949458599093 -0.04528171384056279
1683162243.4811964 3.4800198471082764 0.026129553616046908 -0.045224143956257734
1683162243.5473669 3.480034324999761 0.026125954985618594 -0.045084128139050605
1683162243.6560423 3.4800177081930035 0.02608241379261017 -0.04518140130533377
1683162243.7183483 3.4798720232588005 0.02614318072795868 -0.045265916549707796
1683162243.7750797 3.479833299563689 0.026146801710128786 -0.045283967741198916
1683162243.840327 3.479754270131306 0.026090490221977236 -0.0453552406784965
1683162243.9548576 3.4802616394307604 0.026122468113899233 -0.04518065298129814
1683162244.0671768 3.479941759035939 0.02608788996934891 -0.045171117633030944
1683162244.1900728 3.479856465581287 0.02608028292655945 -0.045207851363394225
1683162244.2562742 3.4795634513090588 0.026074210703372958 -0.045200910417521056
1683162244.326971 3.4794866511538363 0.026076036095619204 -0.045197472762642965
1683162244.3815587 3.479435208758786 0.02614981919527054 -0.0451426356103779
1683162244.4795132 3.479397483223672 0.026152017116546633 -0.04511384833727328
1683162244.5477724 3.4794653364783583 0.026167603731155398 -0.04512931148062349
1683162244.6130877 3.4794856790097284 0.026190819740295412 -0.04515419429067036
1683162244.6765187 3.479562337563828 0.026177393794059756 -0.04518819479638525
1683162244.7770734 3.4793393931139476 0.026064040660858157 -0.04524578175712457
1683162244.888047 3.4795106747244637 0.026140297353267672 -0.04527206320203092
1683162244.9613128 3.479402299854753 0.026122848093509676 -0.045272115335111884
1683162245.0543861 3.4793906952983025 0.026116328835487368 -0.045364602058478365
1683162245.1386883 3.4793666673587538 0.026085036396980288 -0.04532808718535519
1683162245.2294948 3.4794739646283865 0.026232379078865053 -0.04532558244963569
1683162245.3179843 3.479374948157184 0.026180865764617922 -0.04533137291220779
1683162245.4036605 3.479193917106353 0.026226783692836764 -0.04534401276895661
1683162245.504752 3.47924011508846 0.02621301501989365 -0.04540376734040974
1683162245.5675218 3.479666822072394 0.026220070719718935 -0.045401392188547884
1683162245.6383836 3.4793318922161585 0.026218841373920443 -0.04538688073512631
1683162245.7441528 3.4796563433747765 0.02621766418218613 -0.04536849619264682
1683162245.8400307 3.479634431114473 0.026229830980300906 -0.04538857071417679
1683162245.9186714 3.4793281651021113 0.02626855164766312 -0.04537441524988717
1683162246.0051582 3.479242257776757 0.026201496422290804 -0.045394111440103524
1683162246.0670378 3.479275299545063 0.026178191006183626 -0.04545333078640579
1683162246.1289458 3.4789896054458542 0.026206853389739992 -0.04539708655938712
1683162246.193461 3.4789399013918976 0.026155354976654055 -0.045486705508435366
1683162246.2624876 3.4789225966364405 0.02614315837621689 -0.045503446142681536
1683162246.333239 3.478911060199013 0.026092762649059298 -0.0455161980082861
1683162246.4556932 3.479290368866746 0.02606720715761185 -0.04550640735570477
1683162246.523879 3.479075828743842 0.026070008575916293 -0.04553158568321147
1683162246.588225 3.4791479771061264 0.026124546825885775 -0.04547545753502824
1683162246.6475005 3.4796606744298884 0.026146011948585512 -0.04544550438063211
1683162246.7488713 3.479596890674043 0.02615440130233765 -0.045373022967294174
1683162246.8098214 3.4793749408097683 0.026163468658924105 -0.04544094434298973
1683162246.9129298 3.4792932251223663 0.026162112653255465 -0.04547761839422404
1683162246.9848435 3.47925436737218 0.026164042353630068 -0.0454214353340916
1683162247.0460079 3.4791959328903443 0.026258217692375185 -0.04543199843660917
1683162247.1016028 3.4790524240087355 0.026250156164169314 -0.04545028020267039
1683162247.1573377 3.478998935842148 0.026223602294921877 -0.04544519854222906
1683162247.3180678 3.479286304729989 0.026077868938446047 -0.04554922170103626
1683162247.4188778 3.479317332501996 0.02604533225297928 -0.04556342433458149
1683162247.4802828 3.4790864663206285 0.026077965795993807 -0.045519953024237836
1683162247.5843084 3.479048718145384 0.026092889308929446 -0.04551933547982778
1683162247.6929984 3.479179925982633 0.0261026868224144 -0.045593933365947414
1683162247.7658126 3.4791102148309556 0.02611862361431122 -0.04556519504780421
1683162247.833274 3.4790493278457975 0.026083754897117617 -0.04557922291456107
1683162247.911214 3.479362230452393 0.026077563464641573 -0.045568577788746456
1683162247.9838748 3.479074806156022 0.026116164922714236 -0.04556362492160604
1683162248.062566 3.4791442768034915 0.026100697517395022 -0.04553508321585098
1683162248.187201 3.4793873387718817 0.026058937013149264 -0.04553127507166943
1683162248.249617 3.479409140412764 0.026094133555889132 -0.04557100467245134
1683162248.3157861 3.479406655934578 0.025996016860008242 -0.04552135652360656
1683162248.4375374 3.4791883968405655 0.025997439920902254 -0.04558670603772219
1683162248.535787 3.479105977515477 0.02604186773300171 -0.0455950079875318
1683162248.6162179 3.479642412226147 0.026719550192356112 -0.045342934470684826
1683162248.8039172 3.47901288903501 0.026572095751762392 -0.04542826755053131
1683162248.870472 3.4789813024045593 0.026493283510208132 -0.045431519217872474
1683162248.9364238 3.479020169289853 0.02642975986003876 -0.045421099802118725
1683162249.0122957 3.4789829760013964 0.02639514446258545 -0.04545065217973088
1683162249.0921714 3.4790188255669428 0.026365342140197756 -0.04546103276879343
1683162249.1379766 3.478967126185162 0.02635906130075455 -0.045525089499298454
1683162249.212206 3.4789446403695967 0.026346447467803957 -0.04549553960459263
1683162249.3799894 3.479171175893118 0.026339399218559267 -0.04547155138359438
1683162249.4442794 3.4790497492734076 0.026302012205123904 -0.045549481569924666
1683162249.4989402 3.478999978886134 0.026297646164894106 -0.045475582752944055
1683162249.567248 3.479180884422093 0.02622521907091141 -0.045450893973063344
1683162249.6487246 3.4790496847277828 0.026255282163619997 -0.04542893275879156
1683162249.7177746 3.478975584928499 0.026249977350234988 -0.04551284972213354
1683162249.848847 3.478986448511309 0.026194865405559542 -0.045496192698257776
1683162249.9169393 3.4790308708163673 0.026110085248947146 -0.045515692969313015
1683162249.9705157 3.4789279445190298 0.02610992878675461 -0.04540995957094185
1683162250.032281 3.478914126770677 0.026182728409767153 -0.045391434323172275
1683162250.1411555 3.4789112860064035 0.026172692477703097 -0.045506399315062174
1683162250.2350876 3.478867169146456 0.026169891059398653 -0.045388054956995605
1683162250.3083193 3.4788378048430153 0.026162008345127108 -0.04543571611958641
1683162250.3651419 3.47891449576825 0.026226880550384524 -0.045389267405685496
1683162250.4216912 3.4789304210529095 0.026243368685245516 -0.04541174537626036
1683162250.4812143 3.4789302254326904 0.02621259778738022 -0.04543168802767261
1683162250.5460823 3.4789292258822657 0.026194768548011782 -0.045445106194016205
1683162250.606977 3.479050923193355 0.026216926574707033 -0.045434599989772506
1683162250.6836405 3.479044777138916 0.026223706603050234 -0.04537379601908742
1683162250.7509496 3.4789198871444005 0.026227990686893465 -0.0453395832110044
1683162250.8153555 3.478889879180351 0.02616098761558533 -0.045369611531903775
1683162250.8913488 3.4791260602772756 0.02614350110292435 -0.045385722505158155
1683162250.9800205 3.479022626956627 0.026126282811164858 -0.045398656784901625
1683162251.1040516 3.4788435469455306 0.02615371584892273 -0.0453739591698481
1683162251.212387 3.47891746562278 0.02612135797739029 -0.04537228924671899
1683162251.2879887 3.479001056882484 0.026146347224712374 -0.04534447322288293
1683162251.3698778 3.479016244966527 0.026139611899852755 -0.045390382341718105
1683162251.4339435 3.4790989594098236 0.02611174672842026 -0.04532119281085323
1683162251.4983552 3.479128003571336 0.026082860827445986 -0.045305297018151336
1683162251.5709255 3.479067389858786 0.026141772568225863 -0.045305704345834474
1683162251.6318107 3.4787338774061936 0.026182825267314913 -0.04530520626098489
1683162251.7189636 3.4786716915811207 0.02620235323905945 -0.04529327898038393
1683162251.7926853 3.479202663619491 0.026213067173957827 -0.04523734605217511
1683162251.8764462 3.4792153237317867 0.026229085922241213 -0.045189804645107134
1683162251.9598434 3.4789251829942187 0.026199678480625155 -0.04528321972305793
1683162252.0466897 3.4788780235931647 0.02612855523824692 -0.04529488961966277
1683162252.1544724 3.478940877506669 0.02602799475193024 -0.04533924896815633
1683162252.2520342 3.478947968297906 0.025989981889724734 -0.045356917259786966
1683162252.3810003 3.4789734247625304 0.026027756333351137 -0.04538858630881326
1683162252.4514139 3.4800029999245883 0.026005836725234988 -0.045078295475021735
1683162252.5214205 3.479196544177831 0.02602038770914078 -0.04524385891923033
1683162252.6092467 3.479070524947731 0.026016669869422915 -0.04525386524894537
1683162252.7330422 3.47901044705623 0.026010254919528963 -0.0452554393477933
1683162252.8070006 3.4789712620153326 0.025991352796554568 -0.04534536741665329
1683162252.866256 3.4790326387467485 0.02597970008850098 -0.04536974846516317
1683162252.9330764 3.4790194122289684 0.025949800908565523 -0.04539643048623487
1683162253.0145497 3.478980859328989 0.025884831845760348 -0.04537019114346896
1683162253.113914 3.478796395092511 0.025880860686302187 -0.04556705354267909
1683162253.2109928 3.4787824158827667 0.025923999547958376 -0.04553099068160171
1683162253.270877 3.478818267632277 0.02597507327795029 -0.045450778092860356
1683162253.3518326 3.4790605038248623 0.02596117049455643 -0.04548771250559147
1683162253.5035386 3.4787794428501173 0.026035996675491335 -0.04547157958742054
1683162253.5746946 3.4788161821402035 0.026045563220977785 -0.04540433265639554
1683162253.6506977 3.4787545079069893 0.026057916283607485 -0.045383547249080225
1683162253.7102993 3.4784382175926463 0.026071208119392397 -0.045383738998945766
1683162253.7839577 3.479327657084645 0.026042076349258425 -0.04532610049704977
1683162253.8455915 3.4788740512097167 0.02606734871864319 -0.04539678180949003
1683162253.9006097 3.4788581950382356 0.02605868369340897 -0.04546155141210528
1683162253.9494162 3.478842906065777 0.026060464382171633 -0.045423166924660974
1683162254.0137837 3.47898767942984 0.026054988205432894 -0.04546354624235582
1683162254.069358 3.479409573358078 0.026033262312412264 -0.04538884200244642
1683162254.129108 3.479244793890449 0.026052656173706057 -0.04539708784851193
1683162254.1826758 3.479216087546176 0.026085312068462374 -0.045376801123929944
1683162254.2641346 3.478993992108129 0.026098894476890566 -0.045379798784027425
1683162254.3554153 3.479027488072445 0.02610746264457703 -0.0453383762227213
1683162254.4199388 3.478907074110917 0.026096599698066714 -0.04543177233325646
1683162254.4808342 3.478881564223094 0.026098320782184603 -0.04540380606977101
1683162254.5525355 3.478763612495893 0.026056940257549288 -0.04544145792514609
1683162254.6119733 3.478721683605496 0.026084604263305666 -0.04540022899872742
1683162254.6567059 3.4787364591984042 0.02607408404350281 -0.045404502657990564
1683162254.73354 3.47861098730805 0.02608529716730118 -0.045406365222845135
1683162254.8014586 3.4786710038320465 0.026092241108417513 -0.04536063156601178
1683162254.869988 3.4786520898257516 0.026086854338645937 -0.04533090293186803
1683162254.9348557 3.4786768823732266 0.026042277514934542 -0.045430400807757954
1683162255.0225346 3.478672501270675 0.026034148931503298 -0.04529514819744018
1683162255.1193306 3.4787274580791463 0.026051322519779208 -0.04525802282937352
1683162255.1813111 3.478644210197398 0.026041174829006197 -0.04524022673959127
1683162255.2422767 3.478689769484708 0.026093664169311526 -0.0454017066773964
1683162255.3077404 3.4787301755144986 0.02605332672595978 -0.045326637315233675
1683162255.396779 3.4788164043722096 0.026051866412162783 -0.045308596053380334
1683162255.4463346 3.4788055878583455 0.026048536002635958 -0.04545499336410597
1683162255.5228608 3.4790164789168556 0.026043819785118105 -0.04543322032034225
1683162255.5878832 3.4789230651320024 0.026040437221527102 -0.04546033429555174
1683162255.646435 3.4788807801541504 0.02607069402933121 -0.045588492838189554
1683162255.701882 3.478938336230518 0.026046464741230013 -0.045498361602069215
1683162255.7610674 3.47894314968348 0.026025103926658633 -0.04558023934676014
1683162255.8533757 3.478927064129224 0.02601813763380051 -0.04556886973280805
1683162255.9724257 3.47887015906088 0.0260147699713707 -0.0455670623798381
1683162256.052611 3.4788314846186785 0.026022481322288515 -0.04562426068037495
1683162256.111773 3.478871059907845 0.026027197539806368 -0.045613686456424496
1683162256.1725454 3.4788526771550448 0.02605916798114777 -0.045618425831388754
1683162256.2331345 3.4788365848482776 0.026072281002998354 -0.04558783984384074
1683162256.3004045 3.4788043728284266 0.02609125763177872 -0.045583364507060686
1683162256.357544 3.4787924227080698 0.026051590740680697 -0.04552583494316309
1683162256.3983164 3.4790452472245312 0.026021877825260165 -0.04551198958787461
1683162256.4567838 3.479337343371748 0.02602678030729294 -0.04548627226119972
1683162256.503538 3.4791533178399328 0.026069777607917788 -0.045496316722392294
1683162256.545417 3.4792896960121276 0.02604070544242859 -0.04550250219743357
1683162256.6343086 3.479287569608715 0.026032383143901827 -0.04547432065209267
1683162256.701677 3.479276610102308 0.026103118956089022 -0.04547474972605969
1683162256.7585974 3.4803461100910815 0.026121439933776858 -0.0455424983113597
1683162256.8257575 3.479415416350996 0.02606560528278351 -0.04560578200000376
1683162256.8915665 3.4794775261117463 0.02612080663442612 -0.045506471005496874
1683162256.9535317 3.4795178219193805 0.026134620010852816 -0.045500754422289624
1683162256.9975755 3.4792822993785144 0.026129724979400637 -0.045574129336170666
1683162257.057104 3.4793500066621634 0.026153484880924227 -0.04551512010727943
1683162257.1033816 3.479342780824675 0.026101077497005465 -0.04568556750110275
1683162257.1716707 3.4792360664440434 0.02611124008893967 -0.045675868505493655
1683162257.2253525 3.479202580409365 0.026090438067913058 -0.045669785904200566
1683162257.2833564 3.4796756907266304 0.02614104986190796 -0.045654943181458574
1683162257.3553486 3.479400337695573 0.026087457835674288 -0.04561453357826939
1683162257.4151716 3.479313322582968 0.02610072731971741 -0.04562163320765911
1683162257.4821231 3.479283962251184 0.02608035743236542 -0.04562167014734153
1683162257.5419998 3.479222021497873 0.026074165999889376 -0.04563372165269586
1683162257.6071398 3.479557800763206 0.026090497672557833 -0.04560319246211919
1683162257.6961758 3.479342754211895 0.02607164025306702 -0.04561825066336267
1683162257.74382 3.4792748439596184 0.026059898138046267 -0.045663663185105285
1683162257.8157709 3.479240944243004 0.026044505238533022 -0.04573040994365285
1683162257.874109 3.4793254907660347 0.026020596325397494 -0.04576938685247112
1683162257.9167666 3.4793725560311834 0.025961125791072848 -0.045784457960853064
1683162257.9727654 3.4791031713082896 0.02598737418651581 -0.045825152160688276
1683162258.0226047 3.4791950862650807 0.025912309587001803 -0.045973212045141265
1683162258.0956016 3.4791152264873517 0.026003862321376803 -0.045832307198608424
1683162258.1581457 3.4790965488139824 0.02602879196405411 -0.04575959769360627
